/*--------------------------------*- C++ -*----------------------------------*\
| =========                 |                                                 |
| \\      /  F ield         | OpenFOAM: The Open Source CFD Toolbox           |
|  \\    /   O peration     | Version:  2312                                  |
|   \\  /    A nd           | Website:  www.openfoam.com                      |
|    \\/     M anipulation  |                                                 |
\*---------------------------------------------------------------------------*/
FoamFile
{
    version     2.0;
    format      ascii;
    arch        "LSB;label=32;scalar=64";
    class       volScalarField;
    location    "0.0002";
    object      cSound;
}
// * * * * * * * * * * * * * * * * * * * * * * * * * * * * * * * * * * * * * //

dimensions      [0 1 -1 0 0 0 0];

internalField   nonuniform List<scalar> 
800
(
1507.95
1507.95
1507.95
1507.95
1507.95
1507.95
1507.95
1507.95
1507.95
1507.95
1507.95
1507.95
1507.95
1507.95
1507.95
1507.95
1507.95
1507.95
1507.95
1507.95
1507.95
1507.95
1507.95
1507.95
1507.95
1507.95
1507.95
1507.95
1507.95
1507.95
1507.95
1507.95
1507.95
1507.95
1507.95
1507.95
1507.95
1507.95
1507.95
1507.95
1507.95
1507.95
1507.95
1507.95
1507.95
1507.95
1507.95
1507.95
1507.95
1507.95
1507.95
1507.95
1507.95
1507.95
1507.95
1507.95
1507.95
1507.95
1507.95
1507.95
1507.95
1507.95
1507.95
1507.95
1507.95
1507.95
1507.95
1507.95
1507.95
1507.95
1507.95
1507.95
1507.95
1507.95
1507.95
1507.95
1507.95
1507.95
1507.95
1507.95
1507.95
1507.95
1507.95
1507.95
1507.95
1507.95
1507.95
1507.95
1507.95
1507.95
1507.95
1507.95
1507.95
1507.95
1507.95
1507.95
1507.95
1507.95
1507.95
1507.95
1507.95
1507.95
1507.95
1507.95
1507.95
1507.95
1507.95
1507.95
1507.95
1507.95
1507.95
1507.95
1507.95
1507.95
1507.95
1507.95
1507.95
1507.95
1507.95
1507.95
1507.95
1507.95
1507.95
1507.95
1507.95
1507.95
1507.95
1507.95
1507.95
1507.95
1507.95
1507.95
1507.95
1507.95
1507.95
1507.95
1507.95
1507.95
1507.95
1507.94
1507.94
1507.93
1507.93
1507.92
1507.91
1507.9
1507.88
1507.86
1507.84
1507.81
1507.78
1507.74
1507.69
1507.63
1507.57
1507.5
1507.42
1507.33
1507.23
1507.12
1507
1506.88
1506.75
1506.61
1506.48
1506.35
1506.22
1506.1
1505.99
1505.89
1505.79
1505.71
1505.63
1505.56
1505.5
1505.45
1505.4
1505.36
1505.33
1505.3
1505.28
1505.26
1505.25
1505.23
1505.22
1505.21
1505.21
1505.2
1505.2
1505.2
1505.19
1505.19
1505.19
1505.19
1505.19
1505.19
1505.19
1505.19
1505.19
1505.19
1505.19
1505.19
1505.19
1505.19
1505.19
1505.19
1505.19
1505.19
1505.19
1505.19
1505.19
1505.19
1505.19
1505.19
1505.19
1505.19
1505.19
1505.19
1505.19
1505.19
1505.19
1505.19
1505.19
1505.19
1505.19
1505.19
1505.19
1505.19
1505.19
1505.19
1505.19
1505.19
1505.19
1505.19
1505.19
1505.19
1505.19
1505.19
1505.19
1505.19
1505.19
1505.19
1505.19
1505.19
1505.19
1505.19
1505.19
1505.19
1505.19
1505.19
1505.19
1505.19
1505.19
1505.19
1505.19
1505.19
1505.19
1505.19
1505.19
1505.19
1505.19
1505.19
1505.19
1505.19
1505.19
1505.19
1505.19
1505.19
1505.19
1505.19
1505.19
1505.19
1505.19
1505.19
1505.19
1505.19
1505.19
1505.19
1505.19
1505.19
1505.19
1505.19
1505.19
1505.19
1505.19
1505.19
1505.19
1505.19
1505.19
1505.19
1505.19
1505.19
1505.19
1505.19
1505.19
1505.19
1505.19
1505.19
1505.19
1505.19
1505.19
1505.19
1505.19
1505.19
1505.19
1505.19
1505.19
1505.19
1505.19
1505.19
1505.19
1505.19
1505.19
1505.19
1505.19
1505.19
1505.19
1505.19
1505.19
1505.19
1505.19
1505.19
1505.19
1505.19
1505.19
1505.19
1505.19
1505.19
1505.19
1505.19
1505.19
1505.19
1505.19
1505.19
1505.19
1505.19
1505.19
1505.19
1505.19
1505.19
1505.19
1505.19
1505.19
1505.19
1505.19
1505.19
1505.19
1505.19
1505.19
1505.19
1505.19
1505.19
1505.19
1505.19
1505.19
1505.19
1505.19
1505.19
1505.19
1505.19
1505.19
1505.18
1505.18
1505.18
1505.18
1505.18
1505.18
1505.18
1505.18
1505.18
1505.18
1505.18
1505.18
1505.18
1505.18
1505.18
1505.18
1505.18
1505.18
1505.19
1505.19
1505.19
1505.19
1505.19
1505.2
1505.21
1505.22
1505.24
1505.27
1505.31
1505.36
1505.43
1505.52
1505.65
1505.81
1506.01
1506.27
1506.59
1506.97
1507.43
1507.96
1508.49
1508.95
1509.33
1509.65
1509.9
1510.1
1510.26
1510.39
1510.48
1510.55
1510.6
1510.64
1510.66
1510.68
1510.7
1510.7
1510.71
1510.71
1510.72
1510.72
1510.72
1510.72
1510.72
1510.72
1510.72
1510.72
1510.72
1510.72
1510.72
1510.72
1510.72
1510.72
1510.72
1510.72
1510.72
1510.72
1510.72
1510.72
1510.72
1510.72
1510.72
1510.72
1510.72
1510.72
1510.72
1510.72
1510.72
1510.72
1510.72
1510.72
1510.72
1510.72
1510.72
1510.72
1510.72
1510.72
1510.72
1510.72
1510.72
1510.72
1510.72
1510.72
1510.72
1510.72
1510.72
1510.72
1510.72
1510.72
1510.72
1510.72
1510.72
1510.72
1510.72
1510.72
1510.72
1510.72
1510.72
1510.72
1510.72
1510.72
1510.72
1510.72
1510.72
1510.72
1510.72
1510.72
1510.72
1510.72
1510.72
1510.72
1510.72
1510.72
1510.72
1510.72
1510.72
1510.72
1510.72
1510.72
1510.72
1510.72
1510.72
1510.72
1510.72
1510.72
1510.72
1510.72
1510.72
1510.72
1510.72
1510.72
1510.72
1510.72
1510.72
1510.72
1510.72
1510.72
1510.72
1510.72
1510.72
1510.72
1510.72
1510.72
1510.72
1510.72
1510.72
1510.72
1510.72
1510.72
1510.72
1510.72
1510.72
1510.72
1510.72
1510.72
1510.72
1510.72
1510.72
1510.72
1510.72
1510.72
1510.72
1510.72
1510.72
1510.72
1510.72
1510.72
1510.72
1510.72
1510.72
1510.72
1510.72
1510.72
1510.72
1510.72
1510.72
1510.72
1510.72
1510.72
1510.72
1510.72
1510.72
1510.72
1510.72
1510.72
1510.72
1510.72
1510.72
1510.72
1510.72
1510.72
1510.72
1510.72
1510.72
1510.72
1510.72
1510.72
1510.72
1510.72
1510.72
1510.72
1510.72
1510.72
1510.72
1510.72
1510.72
1510.72
1510.72
1510.72
1510.72
1510.72
1510.72
1510.72
1510.72
1510.72
1510.72
1510.72
1510.72
1510.72
1510.72
1510.72
1510.72
1510.72
1510.72
1510.72
1510.72
1510.72
1510.72
1510.71
1510.71
1510.71
1510.71
1510.71
1510.7
1510.7
1510.69
1510.69
1510.68
1510.66
1510.65
1510.63
1510.61
1510.58
1510.55
1510.51
1510.46
1510.41
1510.35
1510.27
1510.19
1510.1
1510
1509.89
1509.77
1509.64
1509.51
1509.37
1509.22
1509.08
1508.94
1508.81
1508.69
1508.59
1508.49
1508.41
1508.33
1508.27
1508.21
1508.16
1508.12
1508.09
1508.06
1508.04
1508.02
1508.01
1508
1507.99
1507.98
1507.97
1507.97
1507.96
1507.96
1507.96
1507.96
1507.96
1507.96
1507.96
1507.96
1507.96
1507.96
1507.96
1507.95
1507.95
1507.95
1507.95
1507.95
1507.95
1507.95
1507.95
1507.95
1507.95
1507.95
1507.95
1507.95
1507.95
1507.95
1507.95
1507.95
1507.95
1507.95
1507.95
1507.95
1507.95
1507.95
1507.95
1507.95
1507.95
1507.95
1507.95
1507.95
1507.95
1507.95
1507.95
1507.95
1507.95
1507.95
1507.95
1507.95
1507.95
1507.95
1507.95
1507.95
1507.95
1507.95
1507.95
1507.95
1507.95
1507.95
1507.95
1507.95
1507.95
1507.95
1507.95
1507.95
1507.95
1507.95
1507.95
1507.95
1507.95
1507.95
1507.95
1507.95
1507.95
1507.95
1507.95
1507.95
1507.95
1507.95
1507.95
1507.95
1507.95
1507.95
1507.95
1507.95
1507.95
1507.95
1507.95
1507.95
1507.95
1507.95
1507.95
1507.95
1507.95
1507.95
1507.95
1507.95
1507.95
1507.95
1507.95
1507.95
1507.95
1507.95
1507.95
1507.95
1507.95
1507.95
1507.95
1507.95
1507.95
1507.95
1507.95
1507.95
1507.95
1507.95
1507.95
1507.95
1507.95
1507.95
1507.95
1507.95
1507.95
1507.95
1507.95
1507.95
1507.95
1507.95
1507.95
1507.95
1507.95
1507.95
1507.95
1507.95
1507.95
1507.95
1507.95
1507.95
1507.95
1507.95
1507.95
1507.95
)
;

boundaryField
{
    sides
    {
        type            calculated;
        value           nonuniform List<scalar> 2(1507.95 1507.95);
    }
    empty1
    {
        type            empty;
    }
    empty2
    {
        type            empty;
    }
}


// ************************************************************************* //
