/*--------------------------------*- C++ -*----------------------------------*\
| =========                 |                                                 |
| \\      /  F ield         | OpenFOAM: The Open Source CFD Toolbox           |
|  \\    /   O peration     | Version:  2312                                  |
|   \\  /    A nd           | Website:  www.openfoam.com                      |
|    \\/     M anipulation  |                                                 |
\*---------------------------------------------------------------------------*/
FoamFile
{
    version     2.0;
    format      ascii;
    arch        "LSB;label=32;scalar=64";
    class       volScalarField;
    location    "0.0002";
    object      rho;
}
// * * * * * * * * * * * * * * * * * * * * * * * * * * * * * * * * * * * * * //

dimensions      [1 -3 0 0 0 0 0];

internalField   nonuniform List<scalar> 
800
(
1002.15
1002.15
1002.15
1002.15
1002.15
1002.15
1002.15
1002.15
1002.15
1002.15
1002.15
1002.15
1002.15
1002.15
1002.15
1002.15
1002.15
1002.15
1002.15
1002.15
1002.15
1002.15
1002.15
1002.15
1002.15
1002.15
1002.15
1002.15
1002.15
1002.15
1002.15
1002.15
1002.15
1002.15
1002.15
1002.15
1002.15
1002.15
1002.15
1002.15
1002.15
1002.15
1002.15
1002.15
1002.15
1002.15
1002.15
1002.15
1002.15
1002.15
1002.15
1002.15
1002.15
1002.15
1002.15
1002.15
1002.15
1002.15
1002.15
1002.15
1002.15
1002.15
1002.15
1002.15
1002.15
1002.15
1002.15
1002.15
1002.15
1002.15
1002.15
1002.15
1002.15
1002.15
1002.15
1002.15
1002.15
1002.15
1002.15
1002.15
1002.15
1002.15
1002.15
1002.15
1002.15
1002.15
1002.15
1002.15
1002.15
1002.15
1002.15
1002.15
1002.15
1002.15
1002.15
1002.15
1002.15
1002.15
1002.15
1002.15
1002.15
1002.15
1002.15
1002.15
1002.15
1002.15
1002.15
1002.15
1002.15
1002.15
1002.15
1002.15
1002.15
1002.15
1002.15
1002.15
1002.15
1002.15
1002.15
1002.15
1002.15
1002.15
1002.15
1002.15
1002.15
1002.15
1002.15
1002.15
1002.15
1002.15
1002.15
1002.15
1002.15
1002.15
1002.15
1002.15
1002.15
1002.15
1002.15
1002.14
1002.14
1002.14
1002.13
1002.13
1002.12
1002.11
1002.1
1002.08
1002.07
1002.04
1002.02
1001.99
1001.96
1001.91
1001.87
1001.81
1001.75
1001.69
1001.61
1001.53
1001.45
1001.35
1001.25
1001.15
1001.05
1000.95
1000.86
1000.77
1000.69
1000.61
1000.54
1000.48
1000.42
1000.37
1000.33
1000.29
1000.25
1000.22
1000.2
1000.18
1000.16
1000.14
1000.13
1000.12
1000.12
1000.11
1000.1
1000.1
1000.1
1000.1
1000.09
1000.09
1000.09
1000.09
1000.09
1000.09
1000.09
1000.09
1000.09
1000.09
1000.09
1000.09
1000.09
1000.09
1000.09
1000.09
1000.09
1000.09
1000.09
1000.09
1000.09
1000.09
1000.09
1000.09
1000.09
1000.09
1000.09
1000.09
1000.09
1000.09
1000.09
1000.09
1000.09
1000.09
1000.09
1000.09
1000.09
1000.09
1000.09
1000.09
1000.09
1000.09
1000.09
1000.09
1000.09
1000.09
1000.09
1000.09
1000.09
1000.09
1000.09
1000.09
1000.09
1000.09
1000.09
1000.09
1000.09
1000.09
1000.09
1000.09
1000.09
1000.09
1000.09
1000.09
1000.09
1000.09
1000.09
1000.09
1000.09
1000.09
1000.09
1000.09
1000.09
1000.09
1000.09
1000.09
1000.09
1000.09
1000.09
1000.09
1000.09
1000.09
1000.09
1000.09
1000.09
1000.09
1000.09
1000.09
1000.09
1000.09
1000.09
1000.09
1000.09
1000.09
1000.09
1000.09
1000.09
1000.09
1000.09
1000.09
1000.09
1000.09
1000.09
1000.09
1000.09
1000.09
1000.09
1000.09
1000.09
1000.09
1000.09
1000.09
1000.09
1000.09
1000.09
1000.09
1000.09
1000.09
1000.09
1000.09
1000.09
1000.09
1000.09
1000.09
1000.09
1000.09
1000.09
1000.09
1000.09
1000.09
1000.09
1000.09
1000.09
1000.09
1000.09
1000.09
1000.09
1000.09
1000.09
1000.09
1000.09
1000.09
1000.09
1000.09
1000.09
1000.09
1000.09
1000.09
1000.09
1000.09
1000.09
1000.09
1000.09
1000.09
1000.09
1000.09
1000.09
1000.09
1000.09
1000.09
1000.09
1000.09
1000.09
1000.09
1000.09
1000.09
1000.09
1000.09
1000.09
1000.09
1000.09
1000.09
1000.09
1000.09
1000.09
1000.09
1000.09
1000.09
1000.09
1000.09
1000.09
1000.09
1000.09
1000.09
1000.09
1000.09
1000.09
1000.09
1000.09
1000.09
1000.09
1000.09
1000.09
1000.09
1000.09
1000.09
1000.09
1000.09
1000.09
1000.09
1000.09
1000.09
1000.09
1000.09
1000.09
1000.09
1000.08
1000.08
1000.08
1000.08
1000.08
1000.08
1000.08
1000.07
1000.07
1000.07
1000.07
1000.07
1000.07
1000.07
1000.07
1000.07
1000.07
1000.07
1000.07
1000.07
1000.07
1000.07
1000.07
1000.07
1000.07
1000.07
1000.07
1000.07
1000.07
1000.07
1000.07
1000.07
1000.07
1000.07
1000.07
1000.07
1000.07
1000.07
1000.07
1000.07
1000.07
1000.07
1000.07
1000.07
1000.07
1000.07
1000.07
1000.07
1000.07
1000.07
1000.07
1000.07
1000.07
1000.07
1000.07
1000.07
1000.07
1000.07
1000.07
1000.07
1000.07
1000.07
1000.07
1000.07
1000.07
1000.07
1000.07
1000.07
1000.07
1000.07
1000.07
1000.07
1000.07
1000.07
1000.07
1000.07
1000.07
1000.07
1000.07
1000.07
1000.07
1000.07
1000.07
1000.07
1000.07
1000.07
1000.07
1000.07
1000.07
1000.07
1000.07
1000.07
1000.07
1000.07
1000.07
1000.07
1000.07
1000.07
1000.07
1000.07
1000.07
1000.07
1000.07
1000.07
1000.07
1000.07
1000.07
1000.07
1000.07
1000.07
1000.07
1000.07
1000.07
1000.07
1000.07
1000.07
1000.07
1000.07
1000.07
1000.07
1000.07
1000.07
1000.07
1000.07
1000.07
1000.07
1000.07
1000.07
1000.07
1000.07
1000.07
1000.07
1000.07
1000.07
1000.07
1000.07
1000.07
1000.07
1000.07
1000.07
1000.07
1000.07
1000.07
1000.07
1000.07
1000.07
1000.07
1000.07
1000.07
1000.07
1000.07
1000.07
1000.07
1000.07
1000.07
1000.07
1000.07
1000.07
1000.07
1000.07
1000.07
1000.07
1000.07
1000.07
1000.07
1000.07
1000.07
1000.07
1000.07
1000.07
1000.07
1000.07
1000.07
1000.07
1000.07
1000.07
1000.07
1000.07
1000.07
1000.07
1000.07
1000.07
1000.07
1000.07
1000.07
1000.07
1000.07
1000.07
1000.07
1000.07
1000.07
1000.07
1000.07
1000.07
1000.07
1000.07
1000.07
1000.07
1000.07
1000.07
1000.07
1000.07
1000.07
1000.07
1000.07
1000.07
1000.07
1000.07
1000.07
1000.07
1000.07
1000.07
1000.07
1000.07
1000.06
1000.06
1000.06
1000.06
1000.05
1000.05
1000.04
1000.04
1000.03
1000.02
1000
999.986
999.966
999.941
999.912
999.878
999.837
999.791
999.738
999.677
999.61
999.535
999.453
999.363
999.268
999.167
999.062
998.953
998.845
998.743
998.647
998.56
998.48
998.408
998.345
998.29
998.241
998.2
998.165
998.135
998.111
998.09
998.073
998.06
998.049
998.04
998.033
998.028
998.024
998.02
998.018
998.016
998.014
998.013
998.012
998.012
998.011
998.011
998.011
998.011
998.011
998.01
998.01
998.01
998.01
998.01
998.01
998.01
998.01
998.01
998.01
998.01
998.01
998.01
998.01
998.01
998.01
998.01
998.01
998.01
998.01
998.01
998.01
998.01
998.01
998.01
998.01
998.01
998.01
998.01
998.01
998.01
998.01
998.01
998.01
998.01
998.01
998.01
998.01
998.01
998.01
998.01
998.01
998.01
998.01
998.01
998.01
998.01
998.01
998.01
998.01
998.01
998.01
998.01
998.01
998.01
998.01
998.01
998.01
998.01
998.01
998.01
998.01
998.01
998.01
998.01
998.01
998.01
998.01
998.01
998.01
998.01
998.01
998.01
998.01
998.01
998.01
998.01
998.01
998.01
998.01
998.01
998.01
998.01
998.01
998.01
998.01
998.01
998.01
998.01
998.01
998.01
998.01
998.01
998.01
998.01
998.01
998.01
998.01
998.01
998.01
998.01
998.01
998.01
998.01
998.01
998.01
998.01
998.01
998.01
998.01
998.01
998.01
998.01
998.01
998.01
998.01
998.01
998.01
998.01
998.01
998.01
998.01
998.01
998.01
998.01
998.01
998.01
998.01
998.01
)
;

boundaryField
{
    sides
    {
        type            calculated;
        value           nonuniform List<scalar> 2(998.01 1002.15);
    }
    empty1
    {
        type            empty;
    }
    empty2
    {
        type            empty;
    }
}


// ************************************************************************* //
