/*--------------------------------*- C++ -*----------------------------------*\
| =========                 |                                                 |
| \\      /  F ield         | OpenFOAM: The Open Source CFD Toolbox           |
|  \\    /   O peration     | Version:  2312                                  |
|   \\  /    A nd           | Website:  www.openfoam.com                      |
|    \\/     M anipulation  |                                                 |
\*---------------------------------------------------------------------------*/
FoamFile
{
    version     2.0;
    format      ascii;
    arch        "LSB;label=32;scalar=64";
    class       volScalarField;
    location    "0.0001";
    object      cSound;
}
// * * * * * * * * * * * * * * * * * * * * * * * * * * * * * * * * * * * * * //

dimensions      [0 1 -1 0 0 0 0];

internalField   nonuniform List<scalar> 
800
(
1507.95
1507.95
1507.95
1507.95
1507.95
1507.95
1507.95
1507.95
1507.95
1507.95
1507.95
1507.95
1507.95
1507.95
1507.95
1507.95
1507.95
1507.95
1507.95
1507.95
1507.95
1507.95
1507.95
1507.95
1507.95
1507.95
1507.95
1507.95
1507.95
1507.95
1507.95
1507.95
1507.95
1507.95
1507.95
1507.95
1507.95
1507.95
1507.95
1507.95
1507.95
1507.95
1507.95
1507.95
1507.95
1507.95
1507.95
1507.95
1507.95
1507.95
1507.95
1507.95
1507.95
1507.95
1507.95
1507.95
1507.95
1507.95
1507.95
1507.95
1507.95
1507.95
1507.95
1507.95
1507.95
1507.95
1507.95
1507.95
1507.95
1507.95
1507.95
1507.95
1507.95
1507.95
1507.95
1507.95
1507.95
1507.95
1507.95
1507.95
1507.95
1507.95
1507.95
1507.95
1507.95
1507.95
1507.95
1507.95
1507.95
1507.95
1507.95
1507.95
1507.95
1507.95
1507.95
1507.95
1507.95
1507.95
1507.95
1507.95
1507.95
1507.95
1507.95
1507.95
1507.95
1507.95
1507.95
1507.95
1507.95
1507.95
1507.95
1507.95
1507.95
1507.95
1507.95
1507.95
1507.95
1507.95
1507.95
1507.95
1507.95
1507.95
1507.95
1507.95
1507.95
1507.95
1507.95
1507.95
1507.95
1507.95
1507.95
1507.95
1507.95
1507.95
1507.95
1507.95
1507.95
1507.95
1507.95
1507.95
1507.95
1507.95
1507.95
1507.95
1507.95
1507.95
1507.95
1507.95
1507.95
1507.95
1507.95
1507.95
1507.95
1507.95
1507.95
1507.95
1507.95
1507.95
1507.95
1507.95
1507.95
1507.95
1507.95
1507.95
1507.95
1507.95
1507.95
1507.95
1507.95
1507.95
1507.95
1507.95
1507.95
1507.95
1507.95
1507.95
1507.95
1507.95
1507.95
1507.95
1507.95
1507.95
1507.95
1507.95
1507.95
1507.95
1507.95
1507.95
1507.95
1507.95
1507.95
1507.95
1507.95
1507.95
1507.95
1507.95
1507.95
1507.95
1507.95
1507.95
1507.95
1507.95
1507.95
1507.95
1507.95
1507.95
1507.95
1507.95
1507.95
1507.95
1507.95
1507.95
1507.95
1507.95
1507.95
1507.95
1507.95
1507.95
1507.95
1507.95
1507.95
1507.95
1507.95
1507.95
1507.95
1507.95
1507.95
1507.95
1507.95
1507.95
1507.95
1507.95
1507.95
1507.95
1507.95
1507.95
1507.95
1507.95
1507.95
1507.95
1507.95
1507.95
1507.95
1507.95
1507.95
1507.95
1507.95
1507.95
1507.95
1507.95
1507.95
1507.95
1507.95
1507.95
1507.95
1507.95
1507.95
1507.95
1507.95
1507.95
1507.95
1507.95
1507.95
1507.94
1507.94
1507.93
1507.92
1507.91
1507.89
1507.86
1507.82
1507.79
1507.75
1507.66
1507.61
1507.47
1507.39
1507.29
1507.09
1506.97
1506.73
1506.59
1506.34
1506.23
1506.12
1505.91
1505.83
1505.68
1505.63
1505.5
1505.39
1505.35
1505.32
1505.3
1505.26
1505.24
1505.23
1505.23
1505.22
1505.22
1505.2
1505.2
1505.19
1505.18
1505.18
1505.18
1505.19
1505.19
1505.19
1505.2
1505.2
1505.2
1505.2
1505.2
1505.2
1505.19
1505.19
1505.18
1505.18
1505.18
1505.18
1505.17
1505.17
1505.17
1505.18
1505.18
1505.18
1505.18
1505.18
1505.18
1505.19
1505.19
1505.19
1505.19
1505.19
1505.19
1505.19
1505.19
1505.19
1505.19
1505.19
1505.19
1505.19
1505.19
1505.19
1505.19
1505.19
1505.19
1505.19
1505.19
1505.19
1505.19
1505.19
1505.19
1505.19
1505.19
1505.19
1505.19
1505.19
1505.19
1505.19
1505.19
1505.19
1505.19
1505.19
1505.19
1505.19
1505.19
1505.19
1505.19
1505.19
1505.19
1505.19
1505.19
1505.2
1505.2
1505.21
1505.22
1505.23
1505.25
1505.28
1505.3
1505.32
1505.35
1505.43
1505.47
1505.51
1505.62
1505.68
1505.75
1505.9
1505.98
1506.23
1506.52
1506.65
1506.78
1507.08
1507.24
1507.58
1507.75
1508.11
1508.29
1508.46
1508.81
1508.97
1509.12
1509.41
1509.54
1509.78
1509.89
1509.99
1510.16
1510.23
1510.36
1510.41
1510.51
1510.54
1510.57
1510.6
1510.64
1510.65
1510.67
1510.68
1510.7
1510.7
1510.71
1510.71
1510.71
1510.72
1510.72
1510.72
1510.72
1510.72
1510.72
1510.72
1510.72
1510.72
1510.72
1510.72
1510.72
1510.72
1510.72
1510.72
1510.72
1510.72
1510.72
1510.72
1510.72
1510.72
1510.72
1510.72
1510.72
1510.71
1510.71
1510.72
1510.72
1510.72
1510.72
1510.72
1510.72
1510.72
1510.72
1510.72
1510.72
1510.72
1510.72
1510.72
1510.72
1510.72
1510.72
1510.72
1510.72
1510.72
1510.72
1510.72
1510.72
1510.72
1510.72
1510.72
1510.72
1510.72
1510.72
1510.72
1510.72
1510.72
1510.72
1510.72
1510.72
1510.72
1510.71
1510.71
1510.71
1510.71
1510.71
1510.71
1510.71
1510.71
1510.71
1510.71
1510.71
1510.7
1510.7
1510.69
1510.68
1510.66
1510.65
1510.62
1510.58
1510.55
1510.49
1510.45
1510.33
1510.24
1510.16
1510.07
1509.86
1509.75
1509.62
1509.33
1509.17
1509.02
1508.88
1508.64
1508.53
1508.43
1508.3
1508.21
1508.16
1508.12
1508.07
1508.05
1508.01
1508
1507.98
1507.98
1507.97
1507.97
1507.96
1507.96
1507.96
1507.96
1507.96
1507.96
1507.96
1507.96
1507.95
1507.95
1507.95
1507.95
1507.95
1507.95
1507.95
1507.95
1507.95
1507.95
1507.95
1507.95
1507.95
1507.95
1507.95
1507.95
1507.95
1507.95
1507.95
1507.95
1507.95
1507.95
1507.95
1507.95
1507.95
1507.95
1507.95
1507.95
1507.95
1507.95
1507.95
1507.95
1507.95
1507.95
1507.95
1507.95
1507.95
1507.95
1507.95
1507.95
1507.95
1507.95
1507.95
1507.95
1507.95
1507.95
1507.95
1507.95
1507.95
1507.95
1507.95
1507.95
1507.95
1507.95
1507.95
1507.95
1507.95
1507.95
1507.95
1507.95
1507.95
1507.95
1507.95
1507.95
1507.95
1507.95
1507.95
1507.95
1507.95
1507.95
1507.95
1507.95
1507.95
1507.95
1507.95
1507.95
1507.95
1507.95
1507.95
1507.95
1507.95
1507.95
1507.95
1507.95
1507.95
1507.95
1507.95
1507.95
1507.95
1507.95
1507.95
1507.95
1507.95
1507.95
1507.95
1507.95
1507.95
1507.95
1507.95
1507.95
1507.95
1507.95
1507.95
1507.95
1507.95
1507.95
1507.95
1507.95
1507.95
1507.95
1507.95
1507.95
1507.95
1507.95
1507.95
1507.95
1507.95
1507.95
1507.95
1507.95
1507.95
1507.95
1507.95
1507.95
1507.95
1507.95
1507.95
1507.95
1507.95
1507.95
1507.95
1507.95
1507.95
1507.95
1507.95
1507.95
1507.95
1507.95
1507.95
1507.95
1507.95
1507.95
1507.95
1507.95
1507.95
1507.95
1507.95
1507.95
1507.95
1507.95
1507.95
1507.95
1507.95
1507.95
1507.95
1507.95
1507.95
1507.95
1507.95
1507.95
1507.95
1507.95
1507.95
1507.95
1507.95
1507.95
1507.95
1507.95
1507.95
1507.95
1507.95
1507.95
1507.95
1507.95
1507.95
1507.95
1507.95
1507.95
1507.95
1507.95
1507.95
1507.95
1507.95
1507.95
1507.95
1507.95
1507.95
1507.95
1507.95
1507.95
1507.95
1507.95
1507.95
1507.95
1507.95
1507.95
1507.95
1507.95
1507.95
1507.95
1507.95
1507.95
1507.95
1507.95
1507.95
1507.95
1507.95
1507.95
1507.95
1507.95
1507.95
1507.95
1507.95
1507.95
1507.95
1507.95
1507.95
1507.95
1507.95
1507.95
1507.95
1507.95
1507.95
1507.95
1507.95
1507.95
1507.95
1507.95
1507.95
1507.95
1507.95
1507.95
1507.95
1507.95
1507.95
1507.95
1507.95
1507.95
1507.95
1507.95
1507.95
1507.95
1507.95
1507.95
1507.95
1507.95
1507.95
1507.95
1507.95
1507.95
1507.95
1507.95
1507.95
1507.95
1507.95
)
;

boundaryField
{
    sides
    {
        type            calculated;
        value           nonuniform List<scalar> 2(1507.95 1507.95);
    }
    empty1
    {
        type            empty;
    }
    empty2
    {
        type            empty;
    }
}


// ************************************************************************* //
