/*--------------------------------*- C++ -*----------------------------------*\
| =========                 |                                                 |
| \\      /  F ield         | OpenFOAM: The Open Source CFD Toolbox           |
|  \\    /   O peration     | Version:  2312                                  |
|   \\  /    A nd           | Website:  www.openfoam.com                      |
|    \\/     M anipulation  |                                                 |
\*---------------------------------------------------------------------------*/
FoamFile
{
    version     2.0;
    format      ascii;
    arch        "LSB;label=32;scalar=64";
    class       volScalarField;
    location    "0.005";
    object      cSound;
}
// * * * * * * * * * * * * * * * * * * * * * * * * * * * * * * * * * * * * * //

dimensions      [0 1 -1 0 0 0 0];

internalField   nonuniform List<scalar> 
8000
(
1471.301902
1471.300693
1471.300579
1471.300946
1471.301214
1471.301449
1471.301779
1471.302277
1471.302788
1471.303111
1471.3033
1471.303394
1471.303403
1471.303391
1471.303349
1471.303271
1471.303156
1471.302997
1471.302777
1471.302495
1471.302163
1471.301823
1471.301543
1471.301307
1471.301138
1471.30101
1471.300907
1471.300812
1471.300743
1471.300681
1471.300627
1471.30058
1471.300536
1471.300482
1471.300444
1471.300403
1471.300357
1471.300314
1471.300261
1471.300216
1471.300163
1471.300119
1471.300077
1471.300039
1471.300001
1471.299961
1471.29993
1471.299893
1471.29985
1471.299824
1471.299791
1471.299756
1471.299728
1471.2997
1471.299669
1471.299641
1471.299613
1471.299585
1471.299563
1471.299538
1471.299513
1471.299492
1471.299473
1471.299447
1471.299415
1471.299385
1471.299358
1471.299334
1471.299304
1471.299269
1471.299242
1471.299204
1471.299164
1471.299126
1471.299094
1471.299059
1471.299024
1471.298985
1471.298949
1471.298915
1471.298875
1471.298835
1471.298794
1471.298761
1471.298723
1471.298691
1471.298656
1471.29862
1471.298586
1471.298554
1471.298524
1471.298486
1471.298455
1471.298422
1471.298387
1471.298356
1471.298324
1471.298291
1471.298256
1471.298218
1471.298193
1471.298157
1471.298136
1471.298095
1471.298065
1471.298029
1471.297995
1471.297963
1471.297927
1471.297892
1471.297866
1471.297832
1471.297791
1471.297747
1471.297709
1471.297666
1471.297633
1471.297594
1471.297555
1471.29752
1471.297477
1471.297438
1471.297396
1471.297362
1471.297316
1471.297276
1471.297232
1471.297187
1471.29715
1471.297113
1471.297066
1471.29701
1471.296964
1471.296927
1471.296891
1471.296852
1471.296814
1471.296781
1471.296751
1471.296735
1471.296699
1471.29667
1471.296631
1471.296598
1471.296558
1471.296526
1471.296493
1471.296456
1471.296415
1471.29638
1471.296344
1471.296313
1471.296267
1471.296215
1471.296167
1471.296127
1471.296077
1471.296032
1471.295977
1471.295931
1471.29589
1471.295841
1471.295794
1471.295748
1471.29571
1471.295666
1471.295631
1471.295598
1471.295564
1471.295531
1471.295488
1471.295459
1471.295442
1471.295429
1471.295418
1471.295406
1471.295407
1471.295412
1471.295409
1471.295429
1471.295442
1471.295453
1471.29548
1471.295505
1471.295522
1471.295556
1471.295589
1471.295629
1471.295661
1471.295705
1471.295748
1471.295793
1471.295838
1471.295878
1471.295925
1471.295965
1471.296012
1471.296049
1471.29608
1471.296125
1471.296159
1471.296194
1471.296233
1471.296262
1471.296275
1471.296299
1471.29633
1471.29634
1471.296361
1471.296363
1471.296377
1471.29638
1471.296377
1471.296379
1471.296375
1471.29638
1471.296369
1471.29636
1471.296333
1471.296313
1471.296299
1471.296279
1471.296253
1471.296224
1471.296201
1471.296167
1471.296136
1471.296096
1471.296066
1471.296023
1471.295983
1471.295949
1471.295903
1471.295867
1471.295821
1471.295778
1471.295736
1471.295693
1471.295654
1471.295614
1471.295568
1471.295521
1471.295495
1471.295458
1471.295408
1471.295367
1471.29533
1471.295288
1471.295254
1471.295217
1471.295183
1471.295148
1471.295111
1471.29508
1471.295043
1471.295018
1471.294982
1471.294962
1471.29494
1471.294913
1471.294886
1471.294866
1471.294855
1471.294833
1471.294806
1471.29479
1471.294771
1471.294763
1471.294743
1471.294722
1471.294711
1471.294696
1471.29468
1471.294663
1471.294652
1471.294638
1471.29462
1471.294619
1471.294615
1471.294588
1471.294575
1471.294566
1471.294553
1471.294545
1471.294535
1471.294522
1471.294513
1471.294511
1471.294485
1471.294484
1471.29448
1471.294464
1471.29445
1471.294444
1471.294431
1471.294421
1471.294413
1471.294406
1471.294399
1471.294399
1471.294391
1471.29438
1471.294365
1471.294349
1471.294344
1471.294334
1471.294339
1471.294336
1471.294331
1471.29432
1471.294298
1471.294288
1471.294286
1471.294285
1471.294279
1471.294274
1471.294262
1471.294267
1471.294262
1471.294266
1471.294254
1471.29424
1471.294239
1471.294238
1471.294234
1471.294222
1471.294226
1471.294221
1471.294219
1471.294209
1471.294215
1471.294207
1471.294206
1471.294202
1471.294199
1471.294197
1471.2942
1471.294204
1471.294202
1471.294205
1471.294197
1471.294205
1471.29421
1471.294196
1471.294199
1471.294195
1471.294205
1471.294214
1471.294212
1471.29422
1471.294224
1471.294224
1471.294229
1471.29423
1471.294252
1471.294257
1471.294259
1471.294274
1471.294283
1471.294292
1471.294301
1471.294299
1471.294313
1471.294316
1471.294328
1471.294337
1471.294352
1471.294379
1471.294387
1471.294392
1471.294414
1471.294425
1471.294435
1471.29444
1471.29446
1471.294452
1471.294467
1471.294486
1471.294499
1471.294511
1471.294512
1471.294535
1471.294542
1471.294552
1471.294563
1471.294569
1471.294577
1471.294598
1471.294609
1471.294617
1471.294626
1471.294629
1471.29464
1471.29464
1471.294647
1471.294656
1471.294661
1471.294666
1471.294687
1471.294697
1471.294704
1471.294708
1471.294711
1471.29472
1471.294739
1471.29475
1471.294746
1471.294764
1471.294768
1471.294774
1471.294779
1471.294789
1471.294796
1471.294805
1471.294818
1471.294834
1471.294847
1471.294876
1471.294903
1471.294902
1471.294917
1471.29493
1471.294936
1471.294957
1471.294975
1471.294982
1471.294998
1471.295011
1471.295034
1471.295044
1471.295057
1471.295077
1471.29509
1471.295104
1471.295123
1471.295145
1471.295163
1471.295182
1471.295194
1471.29521
1471.295229
1471.295243
1471.295262
1471.29527
1471.295293
1471.295318
1471.295349
1471.29537
1471.295385
1471.295403
1471.295427
1471.295444
1471.295461
1471.295462
1471.295447
1471.295458
1471.295478
1471.295498
1471.29552
1471.295566
1471.29562
1471.29566
1471.295687
1471.295712
1471.295734
1471.295754
1471.295781
1471.295812
1471.295833
1471.295854
1471.295873
1471.295904
1471.295934
1471.295952
1471.295977
1471.296006
1471.296028
1471.296052
1471.296083
1471.296105
1471.296127
1471.296151
1471.29618
1471.29621
1471.296234
1471.29626
1471.296296
1471.296325
1471.296348
1471.296378
1471.296409
1471.296424
1471.296438
1471.296471
1471.296503
1471.296534
1471.296582
1471.296612
1471.296643
1471.296671
1471.296701
1471.296726
1471.296758
1471.296785
1471.296821
1471.296853
1471.296884
1471.296915
1471.29695
1471.296978
1471.297009
1471.297042
1471.297071
1471.297103
1471.297145
1471.29717
1471.297199
1471.297233
1471.297263
1471.297309
1471.297333
1471.297373
1471.297396
1471.297428
1471.297466
1471.297495
1471.297524
1471.297562
1471.297598
1471.297635
1471.297664
1471.297694
1471.297729
1471.297769
1471.297802
1471.297836
1471.297871
1471.297909
1471.297941
1471.297983
1471.298009
1471.298048
1471.298085
1471.298119
1471.298154
1471.298181
1471.298207
1471.298234
1471.298273
1471.29832
1471.298364
1471.298403
1471.298437
1471.298468
1471.298511
1471.298542
1471.298591
1471.29863
1471.298655
1471.298692
1471.298727
1471.298766
1471.298798
1471.298835
1471.298873
1471.298906
1471.298949
1471.298982
1471.299016
1471.299046
1471.299065
1471.299079
1471.299104
1471.29913
1471.299179
1471.299223
1471.299262
1471.299294
1471.299346
1471.299393
1471.299436
1471.299476
1471.299525
1471.29956
1471.299593
1471.299632
1471.299656
1471.299687
1471.299722
1471.29976
1471.299793
1471.299833
1471.299888
1471.299931
1471.299963
1471.299997
1471.300028
1471.300069
1471.300105
1471.300146
1471.300181
1471.300218
1471.300253
1471.300286
1471.300317
1471.300364
1471.300402
1471.30044
1471.300474
1471.300507
1471.300546
1471.300579
1471.300617
1471.300655
1471.300687
1471.300723
1471.300767
1471.300803
1471.300832
1471.300876
1471.300911
1471.300945
1471.300983
1471.301027
1471.301058
1471.301091
1471.301128
1471.301164
1471.3012
1471.301238
1471.301277
1471.301309
1471.30134
1471.301375
1471.301399
1471.301428
1471.301448
1471.301472
1471.301507
1471.301541
1471.301582
1471.301625
1471.301667
1471.301715
1471.30175
1471.301779
1471.301816
1471.301845
1471.301888
1471.301939
1471.301975
1471.30202
1471.302054
1471.302084
1471.302114
1471.30215
1471.302184
1471.302218
1471.30225
1471.302287
1471.302323
1471.302362
1471.302396
1471.302422
1471.302453
1471.302486
1471.302526
1471.302558
1471.302592
1471.302621
1471.302657
1471.302689
1471.302731
1471.302764
1471.302797
1471.302818
1471.302854
1471.302887
1471.302921
1471.302953
1471.302988
1471.303027
1471.303061
1471.303087
1471.303118
1471.303147
1471.303185
1471.303214
1471.303248
1471.303276
1471.30331
1471.303342
1471.303377
1471.303409
1471.303442
1471.303474
1471.303505
1471.303541
1471.30357
1471.303604
1471.303635
1471.303663
1471.303698
1471.303727
1471.303759
1471.303793
1471.303827
1471.303856
1471.303889
1471.303919
1471.303952
1471.303984
1471.304023
1471.304055
1471.304086
1471.304114
1471.304148
1471.30418
1471.304211
1471.304231
1471.304263
1471.304285
1471.30431
1471.30434
1471.304379
1471.30442
1471.304448
1471.30448
1471.304515
1471.304547
1471.304575
1471.304617
1471.304641
1471.304667
1471.30469
1471.30472
1471.304747
1471.304781
1471.304822
1471.304859
1471.304885
1471.304917
1471.304946
1471.304976
1471.30501
1471.305041
1471.305074
1471.305108
1471.305137
1471.305167
1471.305189
1471.305215
1471.305237
1471.305262
1471.305294
1471.305327
1471.305353
1471.305397
1471.305435
1471.305467
1471.305494
1471.305528
1471.305562
1471.305584
1471.305616
1471.305646
1471.305673
1471.305709
1471.305732
1471.305763
1471.305793
1471.305824
1471.305853
1471.305879
1471.305913
1471.305943
1471.305972
1471.306001
1471.30603
1471.306056
1471.306089
1471.306116
1471.306149
1471.306179
1471.306204
1471.306225
1471.306255
1471.306286
1471.30632
1471.30634
1471.306368
1471.306405
1471.306441
1471.306476
1471.3065
1471.30653
1471.306564
1471.306593
1471.306621
1471.306646
1471.306677
1471.306704
1471.306723
1471.30675
1471.306782
1471.306814
1471.306838
1471.306869
1471.306899
1471.306926
1471.306954
1471.306981
1471.307008
1471.307028
1471.307057
1471.307088
1471.307114
1471.307135
1471.307161
1471.307182
1471.307215
1471.307241
1471.307268
1471.307293
1471.307316
1471.307334
1471.307354
1471.307384
1471.30741
1471.307433
1471.307457
1471.307475
1471.307501
1471.307522
1471.307543
1471.307562
1471.307583
1471.307604
1471.307621
1471.307642
1471.307661
1471.307677
1471.307691
1471.307707
1471.307729
1471.307744
1471.307755
1471.307774
1471.307789
1471.307805
1471.307819
1471.307824
1471.307841
1471.307854
1471.307874
1471.307886
1471.307896
1471.307904
1471.307915
1471.307926
1471.307934
1471.307941
1471.307954
1471.307962
1471.307969
1471.307974
1471.30798
1471.307988
1471.307993
1471.307994
1471.307997
1471.308001
1471.308005
1471.308006
1471.308012
1471.308019
1471.308022
1471.308026
1471.308021
1471.308032
1471.308034
1471.308035
1471.308032
1471.308028
1471.308028
1471.308034
1471.308035
1471.308037
1471.308031
1471.308027
1471.30803
1471.308022
1471.30803
1471.308026
1471.308018
1471.308022
1471.308014
1471.308019
1471.308012
1471.308008
1471.308002
1471.308004
1471.308005
1471.308
1471.307998
1471.307993
1471.307985
1471.307981
1471.307979
1471.307979
1471.307973
1471.307961
1471.307965
1471.307959
1471.30795
1471.307947
1471.307945
1471.307935
1471.307932
1471.307926
1471.307923
1471.307911
1471.307906
1471.307905
1471.307897
1471.307893
1471.307884
1471.30788
1471.307873
1471.307866
1471.307859
1471.30785
1471.307835
1471.307833
1471.307827
1471.307819
1471.307806
1471.307799
1471.30779
1471.307784
1471.307771
1471.307763
1471.307756
1471.307744
1471.307736
1471.307726
1471.307714
1471.307702
1471.307693
1471.307682
1471.30767
1471.307654
1471.307645
1471.307632
1471.307621
1471.307598
1471.307586
1471.307574
1471.30756
1471.307546
1471.307536
1471.307521
1471.3075
1471.30749
1471.307475
1471.307461
1471.307443
1471.307428
1471.307413
1471.307394
1471.307379
1471.307362
1471.307342
1471.307325
1471.307309
1471.307287
1471.307272
1471.307245
1471.307232
1471.307212
1471.307191
1471.307173
1471.307154
1471.307133
1471.307113
1471.307087
1471.307073
1471.307052
1471.307025
1471.307002
1471.306986
1471.306969
1471.306948
1471.306927
1471.306902
1471.306884
1471.306863
1471.306842
1471.306816
1471.306791
1471.30678
1471.306758
1471.306739
1471.306715
1471.306698
1471.306677
1471.306658
1471.306632
1471.30662
1471.3066
1471.306582
1471.306563
1471.306546
1471.306528
1471.306509
1471.306488
1471.30647
1471.306456
1471.306441
1471.306432
1471.306416
1471.306397
1471.306387
1471.306376
1471.306363
1471.306351
1471.306337
1471.306326
1471.306312
1471.306307
1471.30629
1471.306288
1471.30628
1471.306272
1471.306265
1471.306258
1471.306252
1471.306244
1471.306241
1471.306236
1471.306225
1471.306221
1471.306217
1471.306216
1471.306215
1471.306216
1471.306211
1471.306213
1471.306211
1471.306217
1471.306218
1471.306211
1471.306214
1471.306222
1471.306224
1471.306227
1471.306227
1471.30623
1471.306237
1471.306237
1471.306243
1471.306246
1471.306248
1471.306259
1471.306262
1471.30627
1471.306276
1471.306281
1471.306284
1471.306291
1471.306294
1471.306305
1471.306313
1471.30632
1471.306327
1471.306334
1471.306341
1471.306345
1471.306345
1471.306354
1471.306361
1471.306376
1471.306375
1471.306386
1471.306396
1471.306406
1471.306409
1471.306415
1471.306423
1471.306434
1471.306443
1471.306448
1471.306456
1471.306453
1471.306465
1471.30647
1471.306475
1471.306489
1471.306497
1471.3065
1471.306506
1471.306518
1471.306518
1471.306529
1471.306532
1471.306537
1471.306541
1471.306552
1471.30656
1471.306565
1471.30657
1471.306574
1471.306576
1471.306584
1471.306588
1471.306588
1471.306596
1471.306598
1471.306591
1471.306599
1471.306601
1471.306609
1471.306612
1471.306614
1471.306612
1471.306615
1471.306613
1471.306613
1471.306607
1471.306604
1471.306606
1471.306611
1471.306606
1471.306604
1471.306602
1471.306598
1471.306593
1471.306588
1471.306582
1471.306575
1471.306559
1471.306555
1471.306545
1471.306542
1471.306531
1471.306521
1471.306504
1471.306497
1471.30648
1471.30646
1471.306446
1471.306438
1471.30642
1471.306404
1471.306386
1471.306368
1471.306347
1471.306324
1471.306302
1471.306271
1471.306251
1471.306229
1471.306202
1471.306172
1471.30614
1471.306113
1471.306078
1471.306054
1471.30602
1471.305986
1471.305942
1471.305903
1471.305866
1471.305833
1471.305796
1471.305756
1471.305707
1471.305662
1471.305625
1471.305579
1471.305532
1471.305474
1471.305424
1471.305378
1471.305329
1471.305273
1471.30521
1471.305163
1471.305101
1471.305049
1471.304988
1471.304925
1471.304866
1471.3048
1471.304738
1471.304668
1471.304605
1471.304536
1471.30446
1471.304394
1471.304322
1471.304251
1471.304177
1471.30409
1471.304016
1471.303936
1471.303862
1471.303777
1471.303701
1471.303614
1471.303527
1471.303453
1471.303365
1471.303279
1471.303191
1471.303091
1471.303002
1471.302916
1471.302823
1471.302732
1471.302634
1471.30254
1471.302443
1471.302346
1471.302247
1471.302143
1471.302034
1471.301938
1471.301832
1471.301735
1471.301629
1471.301521
1471.301406
1471.301306
1471.301195
1471.301086
1471.300974
1471.300864
1471.300751
1471.300637
1471.300522
1471.300406
1471.300281
1471.30017
1471.300053
1471.299925
1471.299816
1471.299696
1471.299574
1471.299452
1471.299329
1471.299204
1471.299081
1471.298956
1471.298828
1471.298705
1471.298576
1471.29845
1471.298318
1471.298187
1471.298056
1471.297933
1471.297802
1471.297654
1471.297539
1471.297405
1471.297264
1471.297141
1471.297006
1471.296874
1471.29674
1471.296604
1471.296467
1471.296328
1471.296194
1471.296063
1471.295927
1471.295791
1471.295654
1471.295514
1471.295375
1471.295234
1471.295098
1471.294964
1471.294831
1471.294689
1471.294555
1471.294418
1471.294281
1471.294143
1471.293993
1471.293858
1471.293719
1471.293594
1471.293457
1471.293322
1471.293186
1471.293051
1471.292915
1471.292778
1471.292646
1471.292499
1471.292363
1471.292232
1471.292109
1471.291974
1471.291833
1471.291714
1471.291583
1471.291452
1471.291323
1471.291191
1471.291065
1471.290924
1471.290793
1471.290674
1471.290551
1471.290435
1471.290309
1471.290184
1471.290067
1471.289946
1471.289816
1471.289695
1471.289575
1471.289472
1471.289356
1471.289229
1471.289127
1471.289015
1471.288897
1471.288791
1471.288685
1471.288574
1471.28847
1471.288365
1471.288256
1471.288157
1471.288058
1471.287955
1471.287859
1471.287761
1471.287666
1471.287572
1471.287474
1471.287388
1471.287298
1471.287201
1471.287119
1471.287016
1471.28694
1471.286862
1471.286783
1471.286703
1471.286627
1471.286545
1471.286473
1471.286401
1471.286315
1471.286238
1471.286188
1471.286119
1471.286053
1471.285981
1471.285918
1471.285855
1471.2858
1471.285741
1471.285683
1471.285615
1471.285569
1471.285518
1471.285465
1471.28541
1471.285363
1471.285314
1471.285266
1471.285219
1471.285174
1471.285129
1471.285077
1471.28504
1471.284999
1471.284962
1471.284923
1471.284882
1471.284827
1471.284803
1471.284776
1471.284741
1471.284707
1471.284671
1471.284642
1471.284604
1471.284569
1471.284542
1471.284518
1471.284476
1471.284459
1471.28443
1471.284393
1471.284374
1471.284343
1471.284316
1471.284291
1471.284255
1471.284225
1471.284208
1471.284181
1471.284157
1471.284128
1471.284095
1471.284077
1471.28405
1471.284021
1471.283985
1471.283964
1471.283943
1471.283912
1471.283878
1471.283854
1471.283829
1471.283804
1471.283775
1471.283743
1471.283689
1471.283663
1471.283655
1471.283628
1471.283595
1471.283567
1471.283537
1471.283505
1471.283474
1471.28344
1471.283408
1471.28338
1471.283344
1471.283315
1471.283269
1471.283246
1471.283216
1471.283177
1471.28315
1471.283118
1471.283079
1471.283053
1471.283014
1471.282972
1471.282943
1471.282905
1471.282893
1471.282855
1471.282828
1471.282791
1471.282768
1471.282736
1471.282714
1471.282672
1471.282659
1471.282633
1471.282608
1471.28258
1471.28256
1471.282537
1471.282516
1471.282497
1471.282478
1471.282461
1471.282443
1471.282432
1471.282419
1471.282404
1471.282397
1471.282386
1471.282381
1471.282374
1471.282379
1471.282379
1471.282381
1471.282376
1471.282389
1471.282401
1471.28241
1471.282411
1471.282433
1471.282463
1471.282481
1471.282509
1471.282533
1471.282567
1471.28259
1471.282636
1471.282674
1471.282693
1471.282735
1471.282784
1471.282847
1471.282908
1471.282966
1471.283027
1471.283093
1471.283152
1471.283227
1471.283302
1471.28339
1471.283475
1471.283556
1471.283643
1471.283744
1471.283843
1471.283938
1471.284048
1471.284145
1471.284259
1471.284381
1471.2845
1471.284627
1471.284754
1471.284886
1471.285022
1471.28516
1471.285302
1471.285448
1471.285598
1471.285752
1471.28591
1471.286056
1471.286219
1471.28639
1471.286576
1471.286752
1471.286936
1471.287115
1471.287308
1471.287493
1471.287685
1471.287891
1471.28808
1471.288296
1471.288503
1471.28872
1471.288933
1471.289153
1471.289368
1471.289589
1471.289816
1471.290052
1471.290289
1471.290518
1471.290769
1471.291011
1471.29126
1471.291509
1471.291757
1471.292004
1471.292258
1471.292517
1471.292777
1471.293053
1471.293315
1471.293586
1471.293858
1471.294133
1471.294404
1471.294684
1471.294962
1471.295242
1471.295523
1471.295808
1471.296093
1471.296379
1471.296666
1471.296953
1471.29724
1471.297523
1471.29782
1471.298112
1471.298414
1471.298707
1471.299001
1471.299302
1471.299598
1471.299891
1471.300193
1471.30049
1471.300779
1471.301076
1471.301379
1471.301677
1471.301975
1471.302267
1471.302563
1471.30286
1471.303161
1471.303456
1471.303746
1471.304043
1471.304336
1471.304626
1471.304915
1471.305207
1471.305494
1471.305778
1471.306065
1471.306348
1471.306631
1471.306911
1471.307182
1471.307463
1471.307739
1471.30801
1471.308284
1471.308551
1471.308814
1471.309075
1471.309342
1471.309598
1471.309859
1471.31011
1471.310361
1471.310609
1471.310857
1471.311107
1471.311349
1471.311588
1471.31182
1471.312053
1471.312275
1471.312503
1471.312722
1471.312951
1471.313168
1471.31338
1471.313591
1471.313795
1471.313999
1471.3142
1471.314396
1471.314589
1471.314775
1471.314957
1471.315142
1471.315321
1471.315492
1471.31566
1471.315828
1471.31599
1471.316155
1471.316312
1471.316463
1471.316609
1471.316753
1471.316895
1471.317027
1471.31716
1471.317287
1471.317411
1471.317535
1471.317651
1471.317765
1471.317875
1471.317981
1471.318081
1471.318177
1471.31827
1471.318357
1471.318438
1471.318522
1471.318598
1471.318677
1471.318748
1471.318817
1471.318878
1471.318937
1471.31899
1471.319042
1471.31909
1471.319133
1471.319171
1471.319206
1471.319243
1471.319275
1471.319302
1471.319324
1471.319343
1471.319359
1471.319371
1471.319379
1471.319385
1471.319389
1471.319388
1471.319384
1471.319373
1471.319362
1471.319347
1471.319337
1471.319316
1471.319295
1471.31927
1471.319246
1471.319214
1471.319181
1471.319144
1471.319091
1471.319044
1471.319001
1471.318957
1471.318906
1471.318853
1471.318799
1471.31874
1471.318674
1471.31861
1471.318546
1471.318471
1471.318401
1471.318328
1471.318253
1471.318174
1471.318094
1471.318017
1471.317945
1471.31787
1471.317809
1471.317736
1471.317655
1471.317566
1471.317477
1471.317384
1471.317293
1471.317198
1471.317104
1471.317007
1471.316907
1471.316811
1471.316711
1471.316609
1471.316507
1471.316404
1471.3163
1471.316195
1471.316089
1471.315983
1471.315872
1471.315767
1471.31566
1471.315551
1471.31544
1471.315331
1471.31522
1471.315108
1471.314997
1471.314885
1471.314771
1471.314655
1471.314541
1471.314426
1471.314318
1471.314206
1471.314093
1471.313984
1471.31387
1471.313754
1471.313643
1471.313532
1471.313418
1471.313307
1471.313194
1471.31308
1471.312969
1471.312854
1471.312747
1471.312637
1471.312527
1471.312417
1471.312307
1471.312198
1471.312081
1471.311977
1471.311873
1471.311767
1471.311652
1471.311551
1471.311446
1471.311336
1471.311241
1471.311137
1471.311035
1471.310933
1471.310832
1471.310731
1471.310629
1471.310532
1471.310434
1471.310337
1471.310239
1471.310144
1471.310047
1471.309955
1471.30986
1471.309769
1471.309677
1471.309586
1471.309496
1471.309402
1471.30931
1471.309227
1471.309146
1471.309057
1471.308967
1471.308891
1471.308808
1471.308726
1471.308646
1471.308567
1471.308487
1471.308409
1471.308331
1471.30825
1471.308181
1471.308106
1471.308033
1471.30796
1471.307886
1471.307817
1471.307747
1471.307679
1471.30761
1471.307542
1471.307469
1471.307411
1471.307345
1471.307284
1471.307221
1471.307158
1471.307098
1471.307037
1471.306979
1471.306919
1471.306863
1471.306805
1471.30675
1471.306695
1471.306641
1471.306588
1471.306535
1471.306483
1471.306432
1471.306376
1471.306332
1471.306279
1471.306236
1471.306189
1471.306135
1471.306086
1471.30604
1471.305997
1471.305954
1471.30591
1471.305865
1471.305836
1471.305795
1471.305756
1471.305712
1471.305677
1471.30564
1471.305598
1471.305555
1471.30552
1471.305483
1471.30545
1471.305418
1471.305389
1471.305356
1471.305323
1471.305291
1471.305257
1471.305218
1471.305195
1471.305161
1471.305132
1471.3051
1471.305076
1471.305048
1471.305016
1471.304995
1471.304968
1471.304941
1471.304905
1471.304886
1471.30486
1471.304835
1471.304813
1471.304788
1471.304767
1471.304743
1471.304722
1471.3047
1471.304675
1471.304656
1471.304633
1471.304614
1471.304593
1471.304572
1471.304543
1471.304526
1471.304503
1471.304485
1471.304466
1471.304449
1471.304438
1471.30442
1471.304402
1471.304384
1471.304365
1471.304351
1471.304334
1471.304317
1471.304301
1471.304284
1471.304269
1471.304253
1471.304237
1471.304223
1471.304207
1471.304193
1471.30417
1471.304153
1471.304137
1471.304128
1471.304113
1471.304108
1471.304095
1471.304081
1471.304068
1471.304054
1471.304042
1471.30403
1471.304017
1471.303999
1471.303988
1471.303979
1471.303958
1471.303943
1471.303935
1471.30393
1471.303922
1471.303909
1471.303899
1471.303888
1471.303877
1471.303866
1471.303854
1471.303844
1471.303831
1471.303816
1471.303803
1471.3038
1471.303792
1471.303781
1471.303772
1471.303762
1471.303752
1471.30374
1471.303729
1471.303723
1471.303708
1471.303697
1471.303684
1471.303677
1471.303667
1471.303662
1471.303655
1471.303648
1471.303636
1471.303631
1471.303622
1471.303612
1471.303598
1471.303584
1471.303578
1471.303575
1471.30357
1471.303558
1471.303554
1471.303545
1471.303534
1471.303526
1471.303519
1471.303504
1471.303495
1471.303487
1471.303463
1471.303436
1471.303427
1471.303417
1471.303412
1471.303429
1471.303438
1471.303429
1471.303426
1471.303417
1471.303411
1471.303402
1471.303396
1471.303387
1471.303381
1471.303374
1471.303367
1471.303354
1471.303352
1471.303341
1471.303338
1471.303325
1471.303319
1471.303308
1471.303301
1471.303298
1471.303292
1471.303288
1471.30328
1471.303274
1471.303264
1471.303259
1471.303252
1471.303247
1471.303238
1471.303232
1471.303226
1471.303219
1471.303209
1471.303199
1471.303192
1471.303183
1471.303179
1471.303173
1471.303171
1471.303163
1471.303151
1471.303141
1471.303138
1471.303132
1471.303125
1471.30312
1471.303111
1471.303106
1471.303101
1471.30309
1471.303088
1471.303084
1471.303082
1471.303076
1471.303069
1471.303062
1471.303047
1471.303049
1471.303043
1471.303035
1471.303032
1471.303025
1471.303013
1471.303006
1471.303004
1471.303
1471.302994
1471.302988
1471.302982
1471.302974
1471.30296
1471.302962
1471.302956
1471.302951
1471.302945
1471.302938
1471.302932
1471.302926
1471.302919
1471.30291
1471.302904
1471.302889
1471.302886
1471.30288
1471.302883
1471.302877
1471.302871
1471.302865
1471.302859
1471.302853
1471.302846
1471.302841
1471.302831
1471.30282
1471.302813
1471.302808
1471.302806
1471.302804
1471.302798
1471.302792
1471.302785
1471.30278
1471.302774
1471.302765
1471.302762
1471.302756
1471.302749
1471.302744
1471.302738
1471.302732
1471.302726
1471.30272
1471.302711
1471.302708
1471.302695
1471.302683
1471.302686
1471.30268
1471.302675
1471.302672
1471.30266
1471.302646
1471.302643
1471.302644
1471.302642
1471.302633
1471.30263
1471.302621
1471.302618
1471.302599
1471.302606
1471.302597
1471.302592
1471.302588
1471.302579
1471.302567
1471.302557
1471.302552
1471.302557
1471.30255
1471.302536
1471.30253
1471.302533
1471.302526
1471.30252
1471.30251
1471.302498
1471.302502
1471.302497
1471.302491
1471.302485
1471.302478
1471.302473
1471.302467
1471.302454
1471.302455
1471.302448
1471.302443
1471.302437
1471.302431
1471.302419
1471.30241
1471.302413
1471.302405
1471.302401
1471.302395
1471.302389
1471.302378
1471.302376
1471.30237
1471.302363
1471.302358
1471.302351
1471.302346
1471.302339
1471.302334
1471.302328
1471.302322
1471.302315
1471.302307
1471.302304
1471.30229
1471.302279
1471.302279
1471.30227
1471.30227
1471.302268
1471.30226
1471.30225
1471.302248
1471.302244
1471.302235
1471.302231
1471.302221
1471.302216
1471.302208
1471.302204
1471.302188
1471.302184
1471.302186
1471.30218
1471.302175
1471.302171
1471.302165
1471.302159
1471.302153
1471.302141
1471.302139
1471.302135
1471.302124
1471.302115
1471.302106
1471.302108
1471.302104
1471.302098
1471.302091
1471.302086
1471.30208
1471.302071
1471.302061
1471.302055
1471.30205
1471.302049
1471.302044
1471.302037
1471.302032
1471.30202
1471.302009
1471.302014
1471.302002
1471.301992
1471.301985
1471.30198
1471.301975
1471.301978
1471.301968
1471.301955
1471.301959
1471.30195
1471.301948
1471.301941
1471.301936
1471.301929
1471.301923
1471.301908
1471.301902
1471.301906
1471.301896
1471.301895
1471.301889
1471.301883
1471.301875
1471.301871
1471.301863
1471.301858
1471.301843
1471.301824
1471.301815
1471.301815
1471.301817
1471.301818
1471.301818
1471.301812
1471.301805
1471.3018
1471.301794
1471.301789
1471.301781
1471.30177
1471.301768
1471.301755
1471.301749
1471.301744
1471.301748
1471.301741
1471.301736
1471.301731
1471.30172
1471.301717
1471.301709
1471.301703
1471.3017
1471.301687
1471.30169
1471.301681
1471.301667
1471.301663
1471.301656
1471.301656
1471.301653
1471.301637
1471.301636
1471.301632
1471.301616
1471.301622
1471.301616
1471.301616
1471.301606
1471.301599
1471.301599
1471.301591
1471.301588
1471.301582
1471.301577
1471.301565
1471.301565
1471.30156
1471.301554
1471.301537
1471.301536
1471.301526
1471.30152
1471.301522
1471.30152
1471.301515
1471.301509
1471.301502
1471.301498
1471.301481
1471.301481
1471.30148
1471.301474
1471.301467
1471.301462
1471.30145
1471.301446
1471.301446
1471.301442
1471.301437
1471.301429
1471.301422
1471.301413
1471.301404
1471.301406
1471.3014
1471.301398
1471.301392
1471.301381
1471.301378
1471.301375
1471.301365
1471.301361
1471.30135
1471.301346
1471.301341
1471.301339
1471.301335
1471.301331
1471.301325
1471.301319
1471.301309
1471.301305
1471.3013
1471.301297
1471.301287
1471.301286
1471.30127
1471.30126
1471.301256
1471.301253
1471.301249
1471.301245
1471.301244
1471.301241
1471.301235
1471.301225
1471.301218
1471.301213
1471.301204
1471.30119
1471.301188
1471.301193
1471.301189
1471.301182
1471.301179
1471.301174
1471.301165
1471.301162
1471.301157
1471.301139
1471.301135
1471.30113
1471.301123
1471.30112
1471.301116
1471.301116
1471.301112
1471.301106
1471.301098
1471.301094
1471.301073
1471.301073
1471.301074
1471.301059
1471.301064
1471.30106
1471.301056
1471.301049
1471.301045
1471.301039
1471.301029
1471.301028
1471.301022
1471.301011
1471.301007
1471.301006
1471.300996
1471.300983
1471.300979
1471.300984
1471.300978
1471.300973
1471.300967
1471.30096
1471.300956
1471.300951
1471.300945
1471.30094
1471.300931
1471.300929
1471.30092
1471.300918
1471.300912
1471.300907
1471.300896
1471.300896
1471.300891
1471.300882
1471.300879
1471.300873
1471.300868
1471.300857
1471.300859
1471.300853
1471.300848
1471.300831
1471.300827
1471.300825
1471.300826
1471.300822
1471.300805
1471.300802
1471.300806
1471.300798
1471.300791
1471.300791
1471.300786
1471.30078
1471.300775
1471.30077
1471.300764
1471.30076
1471.300752
1471.30075
1471.300745
1471.30074
1471.300732
1471.300725
1471.300711
1471.300711
1471.300701
1471.300699
1471.300702
1471.3007
1471.300695
1471.300684
1471.300685
1471.300681
1471.300664
1471.300662
1471.300656
1471.300657
1471.300646
1471.300646
1471.300647
1471.300642
1471.300636
1471.300633
1471.300628
1471.300622
1471.300609
1471.30061
1471.300607
1471.300593
1471.300599
1471.300596
1471.300584
1471.300582
1471.300579
1471.300578
1471.300572
1471.300566
1471.300564
1471.300549
1471.300548
1471.30054
1471.300542
1471.300542
1471.300538
1471.300533
1471.300527
1471.30052
1471.300519
1471.300516
1471.30051
1471.300504
1471.300501
1471.300493
1471.300491
1471.30049
1471.300486
1471.30048
1471.300477
1471.300473
1471.300468
1471.300465
1471.300461
1471.300454
1471.300442
1471.300441
1471.300443
1471.300437
1471.300428
1471.300432
1471.300425
1471.300421
1471.300418
1471.300416
1471.300412
1471.300408
1471.300402
1471.300392
1471.300387
1471.300381
1471.300377
1471.300379
1471.300371
1471.300376
1471.300372
1471.300368
1471.300364
1471.300353
1471.30035
1471.300351
1471.300349
1471.300337
1471.300336
1471.300324
1471.300332
1471.300328
1471.300326
1471.300322
1471.300317
1471.300313
1471.300303
1471.300304
1471.300302
1471.300298
1471.30029
1471.300283
1471.300276
1471.300276
1471.300273
1471.300277
1471.300272
1471.300267
1471.300266
1471.300263
1471.300258
1471.300248
1471.300241
1471.300247
1471.300245
1471.300238
1471.300236
1471.300234
1471.30023
1471.300227
1471.30022
1471.300218
1471.300213
1471.300211
1471.300207
1471.300204
1471.300199
1471.300188
1471.30018
1471.300181
1471.300186
1471.300184
1471.300173
1471.300164
1471.300162
1471.30016
1471.300158
1471.300161
1471.30016
1471.300157
1471.300153
1471.300144
1471.300146
1471.300142
1471.30014
1471.30013
1471.30013
1471.300122
1471.300086
1471.300066
1471.300058
1471.300039
1471.300036
1471.300033
1471.300044
1471.300043
1471.300042
1471.300044
1471.300043
1471.30006
1471.300056
1471.300044
1471.300031
1471.300022
1471.300022
1471.300026
1471.300033
1471.300032
1471.300033
1471.30004
1471.300039
1471.300039
1471.30004
1471.300031
1471.30002
1471.300013
1471.300007
1471.300005
1471.300001
1471.30001
1471.30002
1471.300017
1471.300011
1471.300008
1471.300007
1471.300004
1471.300001
1471.299995
1471.299993
1471.299992
1471.299988
1471.299984
1471.299979
1471.299979
1471.299974
1471.299973
1471.29997
1471.299957
1471.299928
1471.299922
1471.299908
1471.299913
1471.299907
1471.299896
1471.299894
1471.299881
1471.299856
1471.299819
1471.29981
1471.299802
1471.299785
1471.299781
1471.299776
1471.299795
1471.299795
1471.299786
1471.299783
1471.29978
1471.299779
1471.299782
1471.29977
1471.29977
1471.299777
1471.299757
1471.299759
1471.299756
1471.299758
1471.299755
1471.299755
1471.29976
1471.299746
1471.299742
1471.299738
1471.299738
1471.299739
1471.299734
1471.299747
1471.299777
1471.299817
1471.299819
1471.299815
1471.299816
1471.299825
1471.299829
1471.299825
1471.299811
1471.299806
1471.299783
1471.299745
1471.299702
1471.299675
1471.299671
1471.299673
1471.299675
1471.299679
1471.299684
1471.299685
1471.299697
1471.299702
1471.299741
1471.299768
1471.299778
1471.299779
1471.299786
1471.299784
1471.299778
1471.299768
1471.29977
1471.299771
1471.299763
1471.29977
1471.299768
1471.299761
1471.299754
1471.299749
1471.299742
1471.299748
1471.299742
1471.299746
1471.299749
1471.299747
1471.29974
1471.299743
1471.299739
1471.29974
1471.299727
1471.299724
1471.299723
1471.299718
1471.299718
1471.299725
1471.299726
1471.299724
1471.299721
1471.29972
1471.299718
1471.299712
1471.299704
1471.299705
1471.299703
1471.299709
1471.299707
1471.299706
1471.299699
1471.299699
1471.299693
1471.299692
1471.299664
1471.299655
1471.299649
1471.299633
1471.299641
1471.299655
1471.299679
1471.299675
1471.299672
1471.299668
1471.299675
1471.299679
1471.299676
1471.299676
1471.299675
1471.299673
1471.299672
1471.299665
1471.299666
1471.299667
1471.299666
1471.299664
1471.299663
1471.299651
1471.299654
1471.29965
1471.29965
1471.299652
1471.299644
1471.299643
1471.299651
1471.299648
1471.299648
1471.299647
1471.299647
1471.299646
1471.299645
1471.299644
1471.299643
1471.299641
1471.29964
1471.299634
1471.299629
1471.299629
1471.299631
1471.299624
1471.299624
1471.299629
1471.299631
1471.299627
1471.299629
1471.299628
1471.299627
1471.299623
1471.299626
1471.299618
1471.299624
1471.299623
1471.299616
1471.299618
1471.29962
1471.299618
1471.299611
1471.299613
1471.299617
1471.299614
1471.299604
1471.299603
1471.299606
1471.299604
1471.299606
1471.299601
1471.299606
1471.299607
1471.299608
1471.299604
1471.299605
1471.299605
1471.299605
1471.299604
1471.299597
1471.299586
1471.299593
1471.299591
1471.299588
1471.299592
1471.299592
1471.299599
1471.299598
1471.299588
1471.29958
1471.299565
1471.299572
1471.299575
1471.299571
1471.299547
1471.299532
1471.299539
1471.299532
1471.299537
1471.299531
1471.299535
1471.299535
1471.299534
1471.299534
1471.299529
1471.299556
1471.299576
1471.299584
1471.299586
1471.299581
1471.299579
1471.299566
1471.299577
1471.299583
1471.299581
1471.29958
1471.299582
1471.299583
1471.299582
1471.299577
1471.299575
1471.299576
1471.299581
1471.29958
1471.299572
1471.299573
1471.29957
1471.299579
1471.299577
1471.299577
1471.299578
1471.299578
1471.299569
1471.299568
1471.299578
1471.299578
1471.299577
1471.299576
1471.299577
1471.299574
1471.299568
1471.299541
1471.299505
1471.29949
1471.299457
1471.299441
1471.299427
1471.299427
1471.299455
1471.299452
1471.299454
1471.299454
1471.299451
1471.299451
1471.299451
1471.299476
1471.299518
1471.299563
1471.299577
1471.299573
1471.299574
1471.299575
1471.299578
1471.299576
1471.299578
1471.299569
1471.299573
1471.299573
1471.299576
1471.299569
1471.299571
1471.299577
1471.299581
1471.299581
1471.299581
1471.299582
1471.299579
1471.299576
1471.299574
1471.299568
1471.299582
1471.299584
1471.299584
1471.299585
1471.299582
1471.299586
1471.299586
1471.299585
1471.299587
1471.299588
1471.299578
1471.299572
1471.299573
1471.29958
1471.299587
1471.299583
1471.299588
1471.299593
1471.299588
1471.299584
1471.299586
1471.299596
1471.299597
1471.299597
1471.299589
1471.299585
1471.299587
1471.299593
1471.299601
1471.299602
1471.299601
1471.299602
1471.299595
1471.299593
1471.299599
1471.299603
1471.299605
1471.299606
1471.29961
1471.299611
1471.299611
1471.299605
1471.299603
1471.299604
1471.299605
1471.299608
1471.299611
1471.299604
1471.29961
1471.299611
1471.299615
1471.299624
1471.299626
1471.299627
1471.299628
1471.299629
1471.299615
1471.299615
1471.299621
1471.29962
1471.299623
1471.299623
1471.299615
1471.299605
1471.299578
1471.299567
1471.299573
1471.299567
1471.299545
1471.299525
1471.299528
1471.299534
1471.299534
1471.299543
1471.299551
1471.299549
1471.299537
1471.299535
1471.29954
1471.299568
1471.299587
1471.299592
1471.299593
1471.299592
1471.299575
1471.29956
1471.299552
1471.299555
1471.299554
1471.299581
1471.299585
1471.299606
1471.299619
1471.29963
1471.299631
1471.299633
1471.299632
1471.299637
1471.29964
1471.299638
1471.299641
1471.299651
1471.299665
1471.299684
1471.299696
1471.299704
1471.2997
1471.299707
1471.299707
1471.299712
1471.29971
1471.299704
1471.299701
1471.299711
1471.299718
1471.299719
1471.299732
1471.299735
1471.299738
1471.29974
1471.299742
1471.299744
1471.299743
1471.299749
1471.299742
1471.29975
1471.299754
1471.299758
1471.299757
1471.299761
1471.29976
1471.299764
1471.299768
1471.299771
1471.299775
1471.299774
1471.299774
1471.299773
1471.299779
1471.299786
1471.29979
1471.299788
1471.299787
1471.299796
1471.299791
1471.299793
1471.299791
1471.299798
1471.299799
1471.299813
1471.299815
1471.299818
1471.299821
1471.299821
1471.299826
1471.299829
1471.299827
1471.299832
1471.299836
1471.299831
1471.299827
1471.299821
1471.299818
1471.299836
1471.299842
1471.299846
1471.299852
1471.299848
1471.299851
1471.299843
1471.29984
1471.299841
1471.299844
1471.299866
1471.299877
1471.299877
1471.299883
1471.299892
1471.299893
1471.299898
1471.299901
1471.299903
1471.299901
1471.29991
1471.299912
1471.299904
1471.299884
1471.29985
1471.299844
1471.299849
1471.299849
1471.299864
1471.299883
1471.299888
1471.2999
1471.299917
1471.299936
1471.299947
1471.299958
1471.299961
1471.299965
1471.299968
1471.29997
1471.299972
1471.299974
1471.29998
1471.299982
1471.299987
1471.299987
1471.299984
1471.299985
1471.299996
1471.300002
1471.300009
1471.300003
1471.300006
1471.300017
1471.300022
1471.300025
1471.30003
1471.300032
1471.300035
1471.30004
1471.300032
1471.300037
1471.300039
1471.300043
1471.300046
1471.300058
1471.300066
1471.30007
1471.30007
1471.300077
1471.300079
1471.300075
1471.300076
1471.300084
1471.300092
1471.300099
1471.3001
1471.3001
1471.300099
1471.300112
1471.300118
1471.300117
1471.300125
1471.300126
1471.300125
1471.300126
1471.300131
1471.300144
1471.300148
1471.300152
1471.300156
1471.300157
1471.300163
1471.300168
1471.300172
1471.300173
1471.300171
1471.300169
1471.300174
1471.300181
1471.300179
1471.300185
1471.300193
1471.300197
1471.300204
1471.300204
1471.300197
1471.300192
1471.300193
1471.300209
1471.300213
1471.300225
1471.300233
1471.30024
1471.300241
1471.300244
1471.300235
1471.300223
1471.300222
1471.300221
1471.30021
1471.300204
1471.300191
1471.300191
1471.30018
1471.300164
1471.300155
1471.300162
1471.300164
1471.300163
1471.300174
1471.30018
1471.300188
1471.300188
1471.300193
1471.300201
1471.300213
1471.300222
1471.300236
1471.300239
1471.300237
1471.300241
1471.300252
1471.30025
1471.300261
1471.300271
1471.300265
1471.300272
1471.300275
1471.300279
1471.300282
1471.300288
1471.300291
1471.300292
1471.300301
1471.300304
1471.300313
1471.300313
1471.300319
1471.300322
1471.300325
1471.300328
1471.30034
1471.300342
1471.300345
1471.300353
1471.300358
1471.300361
1471.30037
1471.300375
1471.300375
1471.300384
1471.300385
1471.300386
1471.300392
1471.300394
1471.300392
1471.300387
1471.300393
1471.300393
1471.300402
1471.300408
1471.30041
1471.300416
1471.300412
1471.300422
1471.300421
1471.300424
1471.300434
1471.300437
1471.300439
1471.300456
1471.30046
1471.300464
1471.300474
1471.300477
1471.300479
1471.300481
1471.300478
1471.300473
1471.300475
1471.300474
1471.300468
1471.300476
1471.300469
1471.300485
1471.300511
1471.300528
1471.300533
1471.300542
1471.300564
1471.300574
1471.300577
1471.300585
1471.30059
1471.300596
1471.300604
1471.300604
1471.300611
1471.300613
1471.300611
1471.300623
1471.30063
1471.300635
1471.300643
1471.300641
1471.300653
1471.30066
1471.300668
1471.300667
1471.30067
1471.300672
1471.300681
1471.300688
1471.300716
1471.300757
1471.300792
1471.300817
1471.300827
1471.300833
1471.300845
1471.30085
1471.300854
1471.30086
1471.300866
1471.300871
1471.300872
1471.30087
1471.300876
1471.300883
1471.300887
1471.300895
1471.300901
1471.300903
1471.300904
1471.300909
1471.300922
1471.300924
1471.300926
1471.30093
1471.300937
1471.300936
1471.30095
1471.300959
1471.300966
1471.300965
1471.300972
1471.300977
1471.300977
1471.300985
1471.300999
1471.301005
1471.301006
1471.301012
1471.301016
1471.30102
1471.301027
1471.301028
1471.301032
1471.301022
1471.301026
1471.301036
1471.301048
1471.301055
1471.301065
1471.301064
1471.301062
1471.301068
1471.301071
1471.301061
1471.301055
1471.301065
1471.301074
1471.301066
1471.30107
1471.30107
1471.301073
1471.301072
1471.301063
1471.301044
1471.301048
1471.301054
1471.301051
1471.301056
1471.301056
1471.301066
1471.301071
1471.301075
1471.301073
1471.301082
1471.301088
1471.301094
1471.301101
1471.301124
1471.30113
1471.301137
1471.301149
1471.30115
1471.301156
1471.301161
1471.301163
1471.301166
1471.301162
1471.301175
1471.301192
1471.301186
1471.301197
1471.301208
1471.301212
1471.301221
1471.301225
1471.301256
1471.301281
1471.301284
1471.301288
1471.301294
1471.301302
1471.301323
1471.301338
1471.301342
1471.301347
1471.301359
1471.30136
1471.301365
1471.301368
1471.301378
1471.301388
1471.301396
1471.301418
1471.301422
1471.301431
1471.301434
1471.301433
1471.301435
1471.30143
1471.30144
1471.30144
1471.301448
1471.301442
1471.301459
1471.30149
1471.301516
1471.301523
1471.301529
1471.301537
1471.301543
1471.301545
1471.301552
1471.301567
1471.301572
1471.30157
1471.301581
1471.301583
1471.301595
1471.301595
1471.301601
1471.301616
1471.301614
1471.301617
1471.301623
1471.301628
1471.301634
1471.301641
1471.301647
1471.301655
1471.301655
1471.30166
1471.301668
1471.301668
1471.301664
1471.30166
1471.301655
1471.301658
1471.301665
1471.301665
1471.301663
1471.301658
1471.301647
1471.301644
1471.301631
1471.30162
1471.301624
1471.301634
1471.301632
1471.301642
1471.301648
1471.301654
1471.30166
1471.301666
1471.301672
1471.301683
1471.301686
1471.301695
1471.301712
1471.301722
1471.301731
1471.301743
1471.301749
1471.301754
1471.301753
1471.301753
1471.301754
1471.30175
1471.301757
1471.301761
1471.301755
1471.301768
1471.301772
1471.301782
1471.301785
1471.301798
1471.301801
1471.301804
1471.301806
1471.301815
1471.301834
1471.301845
1471.301876
1471.301894
1471.301909
1471.301916
1471.301933
1471.301942
1471.301949
1471.301952
1471.301964
1471.301965
1471.301961
1471.301969
1471.301983
1471.301987
1471.301999
1471.302
1471.302002
1471.302012
1471.302016
1471.302019
1471.302027
1471.302039
1471.302039
1471.302044
1471.302049
1471.302057
1471.30206
1471.302066
1471.302078
1471.302088
1471.302091
1471.302098
1471.302096
1471.302095
1471.302099
1471.3021
1471.3021
1471.302097
1471.302087
1471.302094
1471.302087
1471.30207
1471.302072
1471.302082
1471.302094
1471.302107
1471.302116
1471.302117
1471.302123
1471.302119
1471.302134
1471.302134
1471.302143
1471.30215
1471.302151
1471.302153
1471.302145
1471.30216
1471.302168
1471.302174
1471.302173
1471.302187
1471.302201
1471.302206
1471.30221
1471.302206
1471.302207
1471.302207
1471.302212
1471.302223
1471.302234
1471.302228
1471.302238
1471.302248
1471.302246
1471.302251
1471.302266
1471.30228
1471.302288
1471.302295
1471.302293
1471.302302
1471.302309
1471.302309
1471.30232
1471.302318
1471.302325
1471.302317
1471.302316
1471.302327
1471.302336
1471.302338
1471.302343
1471.302339
1471.302352
1471.302351
1471.302353
1471.302364
1471.302372
1471.302379
1471.30239
1471.302396
1471.302405
1471.302408
1471.302414
1471.302427
1471.302437
1471.302441
1471.302451
1471.302456
1471.302456
1471.302466
1471.302478
1471.302488
1471.302499
1471.302499
1471.302505
1471.302509
1471.302517
1471.302534
1471.302541
1471.302544
1471.302549
1471.302556
1471.302558
1471.302568
1471.302572
1471.302574
1471.302576
1471.302585
1471.302593
1471.3026
1471.302607
1471.3026
1471.302599
1471.302601
1471.302604
1471.302604
1471.302608
1471.302622
1471.302631
1471.302639
1471.302642
1471.302646
1471.302654
1471.302654
1471.302646
1471.302649
1471.30265
1471.302654
1471.302658
1471.302659
1471.302662
1471.302649
1471.302642
1471.302641
1471.302641
1471.302647
1471.302648
1471.302656
1471.302653
1471.302652
1471.302662
1471.302666
1471.302669
1471.302671
1471.302666
1471.302664
1471.302664
1471.302675
1471.302681
1471.302681
1471.302686
1471.302699
1471.302693
1471.302695
1471.30272
1471.302722
1471.302729
1471.302735
1471.302741
1471.302751
1471.302755
1471.302751
1471.302747
1471.302733
1471.302727
1471.302722
1471.302713
1471.302716
1471.302719
1471.302719
1471.30273
1471.30275
1471.302762
1471.302779
1471.302786
1471.302791
1471.302792
1471.302793
1471.302806
1471.302809
1471.302817
1471.302824
1471.302843
1471.302847
1471.302845
1471.302851
1471.302852
1471.302846
1471.302838
1471.302846
1471.302848
1471.302851
1471.302849
1471.302852
1471.302867
1471.302868
1471.302873
1471.302882
1471.302894
1471.302894
1471.302899
1471.302907
1471.302906
1471.302914
1471.302918
1471.302926
1471.302927
1471.302928
1471.302938
1471.302934
1471.302944
1471.302947
1471.302945
1471.302944
1471.302947
1471.302954
1471.302958
1471.302962
1471.302962
1471.302964
1471.302977
1471.302995
1471.303011
1471.303017
1471.303015
1471.303023
1471.303038
1471.303046
1471.303054
1471.303055
1471.303058
1471.303054
1471.303056
1471.303067
1471.303072
1471.303078
1471.303077
1471.303074
1471.30307
1471.30307
1471.303068
1471.303073
1471.303075
1471.303075
1471.303081
1471.303079
1471.30308
1471.303085
1471.303095
1471.303089
1471.303089
1471.303089
1471.303082
1471.303075
1471.303071
1471.303065
1471.303062
1471.303057
1471.303061
1471.303069
1471.303068
1471.30307
1471.303062
1471.303067
1471.30307
1471.303071
1471.303073
1471.303074
1471.303074
1471.303069
1471.303059
1471.303069
1471.303082
1471.303089
1471.303088
1471.303091
1471.303093
1471.303102
1471.303116
1471.303125
1471.303141
1471.303153
1471.303147
1471.303147
1471.303149
1471.303157
1471.303156
1471.303134
1471.303116
1471.30312
1471.303121
1471.303118
1471.303123
1471.303131
1471.303131
1471.303133
1471.303141
1471.303158
1471.303198
1471.303242
1471.303261
1471.303265
1471.303261
1471.303267
1471.303271
1471.303277
1471.303276
1471.303278
1471.303279
1471.303277
1471.303281
1471.303282
1471.303285
1471.303286
1471.303289
1471.303284
1471.303277
1471.303256
1471.303237
1471.303217
1471.303197
1471.303198
1471.303207
1471.303201
1471.303206
1471.303208
1471.303209
1471.303215
1471.303215
1471.303217
1471.303218
1471.303219
1471.303227
1471.303224
1471.303229
1471.30323
1471.303228
1471.30323
1471.303231
1471.303233
1471.303235
1471.303235
1471.303238
1471.303241
1471.30324
1471.303238
1471.303241
1471.303241
1471.303242
1471.303243
1471.303244
1471.303248
1471.303243
1471.303251
1471.303253
1471.303249
1471.303252
1471.30328
1471.303296
1471.303294
1471.303306
1471.303302
1471.303304
1471.303301
1471.30331
1471.303321
1471.303322
1471.303322
1471.303317
1471.303326
1471.303325
1471.303337
1471.303354
1471.303367
1471.303367
1471.30337
1471.303372
1471.30337
1471.303372
1471.303378
1471.303378
1471.303376
1471.303379
1471.303376
1471.303381
1471.303377
1471.303383
1471.303388
1471.303384
1471.30338
1471.303377
1471.303358
1471.303323
1471.303259
1471.303156
1471.303007
1471.302797
1471.302503
1471.302052
1471.301376
1471.300366
1471.298885
1471.296699
1471.293505
1471.288862
1471.282094
1471.272279
1471.258062
1471.237538
1471.207997
1471.165601
1471.104957
1471.018473
1470.89552
1470.721321
1470.475293
1470.128978
1469.643132
1468.963926
1468.017884
1466.705254
1464.891546
1462.396737
1458.982006
1454.334109
1448.047888
1439.608494
1428.376558
1413.581869
1394.334077
1369.661166
1338.584621
1300.239965
1254.036206
1199.826588
1138.050042
1069.779621
996.6470838
920.6654116
843.9707696
768.5479493
696.0503116
627.7108994
564.3182719
506.2633546
453.6260017
406.2694923
363.9135072
326.1817525
292.6686191
262.9483942
236.625969
213.1119891
191.7709029
172.23153
154.2584829
137.7078776
122.4889304
108.5365204
95.79726454
84.22376501
73.77071651
64.39190927
56.04026272
48.66992637
42.23873437
36.7109359
32.05321307
28.22688903
25.22181773
22.99169849
21.47084286
20.6819838
20.57217184
21.34971628
22.71472736
24.82090694
27.65139645
31.28929068
35.76499478
41.1309185
47.44515477
54.76614872
63.14990864
72.64785317
83.30466996
95.15624147
108.2280682
122.5333101
138.0722777
154.8319097
172.7913339
191.8837661
211.9521356
231.3616662
248.372164
263.0709186
275.8367316
286.9463233
296.6131914
305.0036147
312.249774
318.4615891
323.7369587
328.1691309
331.8504204
334.8727685
337.3263388
339.2971933
340.8649646
342.1011159
343.0680524
343.8189976
344.398433
344.8428996
345.1819825
345.4393493
345.6337382
345.7799291
345.8894783
345.9712875
346.0321748
346.0773339
346.1106996
346.1352449
346.1532149
346.1663034
346.1757843
346.1826088
346.1874863
346.1909421
346.1933607
346.195027
346.1961165
346.1967066
346.1968941
346.196817
346.1965892
346.1962801
346.1959209
346.1955234
346.1950941
346.1946314
346.1941269
346.1935727
346.1929667
346.1923133
346.1916485
346.1910365
346.1904998
346.1900466
346.1896774
346.1893854
346.1891593
346.1889849
346.1888474
346.1887331
346.1886307
346.1885327
346.188435
346.1883322
346.1882171
346.1880834
346.1879263
346.187743
346.1875326
346.1872961
346.1870354
346.1867529
346.1864504
346.1861291
346.1857896
346.1854317
346.1850557
346.1846615
346.1842576
346.1838728
346.1835269
346.1832288
346.1829833
346.1827915
346.1826505
346.1825544
346.1824939
346.1824583
346.1824367
346.182429
346.1824393
346.1824696
346.182511
346.1825427
346.1825569
346.1825547
346.1825375
346.1825113
346.1824753
346.1824235
346.1823517
346.182258
346.1821417
346.1820032
346.1818441
346.181667
346.1814769
346.1812918
346.1811312
346.1810014
346.1809055
346.1808427
346.1808076
346.1807899
346.1807857
346.1808041
346.1808547
346.1809396
346.1810586
346.1812102
346.1813909
346.1815951
346.181816
346.1820361
346.182237
346.1824154
346.1825699
346.1827004
346.1828078
346.1828943
346.182963
346.1830175
346.1830619
346.1831002
346.1831358
346.1831709
346.1832071
346.1832469
346.183294
346.1833524
346.1834263
346.1835201
346.1836377
346.1837828
346.183958
346.1841653
346.1844055
346.1846781
346.1849813
346.1853121
346.1856662
346.1860385
346.18642
346.1867919
346.1871446
346.1874761
346.1877855
346.1880732
346.1883405
346.1885898
346.1888245
346.1890483
346.1892648
346.1894777
346.1896896
346.1899018
346.1901164
346.1903364
346.1905655
346.1908076
346.1910667
346.1913465
346.1916506
346.1919815
346.1923414
346.1927314
346.1931512
346.1936
346.1940752
346.1945737
346.195091
346.1956221
346.1961554
346.1966752
346.1971777
346.1976616
346.1981267
346.1985739
346.1990048
346.199422
346.1998285
346.2002274
346.2006221
346.201015
346.2014077
346.2018015
346.2021986
346.202602
346.2030149
346.2034406
346.2038822
346.204343
346.2048253
346.2053311
346.2058616
346.2064173
346.2069975
346.2076008
346.2082248
346.2088661
346.2095212
346.2101835
346.2108399
346.2114828
346.2121108
346.2127235
346.2133212
346.2139052
346.2144773
346.21504
346.2155958
346.2161474
346.2166971
346.2172464
346.2177962
346.2183482
346.2189046
346.219468
346.220041
346.2206262
346.2212262
346.2218429
346.2224781
346.2231327
346.2238072
346.2245013
346.2252138
346.2259429
346.2266862
346.2274406
346.2282022
346.2289619
346.2297122
346.2304522
346.2311816
346.231901
346.2326114
346.2333143
346.2340117
346.2347055
346.2353975
346.2360889
346.2367805
346.2374734
346.2381692
346.2388698
346.2395772
346.2402934
346.2410205
346.2417601
346.2425136
346.2432819
346.2440654
346.244864
346.2456768
346.2465026
346.2473393
346.2481847
346.2490345
346.2498796
346.2507153
346.2515407
346.2523554
346.2531596
346.2539541
346.2547402
346.2555194
346.2562937
346.2570648
346.2578345
346.2586037
346.2593732
346.260144
346.2609176
346.2616957
346.2624802
346.2632728
346.2640751
346.2648885
346.2657139
346.266552
346.2674029
346.2682661
346.2691406
346.270025
346.2709172
346.2718138
346.2727065
346.2735901
346.2744633
346.2753253
346.2761756
346.2770146
346.277843
346.2786618
346.2794724
346.2802764
346.2810755
346.2818713
346.2826652
346.2834584
346.2842514
346.285045
346.28584
346.2866374
346.2874384
346.288244
346.2890551
346.2898721
346.2906953
346.2915246
346.2923593
346.2931986
346.2940393
346.294875
346.2957031
346.2965221
346.2973308
346.2981287
346.2989155
346.2996913
346.3004568
346.3012128
346.3019602
346.3027003
346.3034342
346.3041634
346.3048888
346.3056117
346.3063329
346.3070532
346.3077732
346.3084931
346.3092132
346.3099337
346.310655
346.3113765
346.3120955
346.3128098
346.3135173
346.314216
346.314904
346.3155794
346.3162409
346.3168875
346.3175183
346.318133
346.3187317
346.3193147
346.3198826
346.3204365
346.3209773
346.3215064
346.3220249
346.322534
346.3230349
346.3235284
346.3240151
346.3244953
346.3249693
346.3254366
346.3258968
346.326349
346.3267923
346.3272255
346.3276474
346.3280567
346.3284522
346.3288328
346.3291976
346.3295456
346.3298764
346.3301895
346.3304848
346.3307621
346.3310217
346.3312638
346.3314886
346.3316964
346.3318876
346.3320623
346.3322207
346.3323629
346.3324888
346.3325983
346.3326912
346.3327674
346.3328268
346.3328696
346.3328967
346.3329102
346.3329138
346.3329117
346.332902
346.3328811
346.3328464
346.332796
346.3327286
346.3326427
346.3325377
346.3324127
346.3322671
346.3321006
346.3319128
346.3317036
346.331473
346.3312211
346.3309483
346.3306549
346.3303415
346.3300087
346.3296572
346.3292877
346.3289009
346.3284976
346.3280785
346.3276442
346.3271951
346.3267317
346.326254
346.3257623
346.3252564
346.3247361
346.3242011
346.323651
346.3230852
346.3225031
346.3219044
346.3212884
346.3206548
346.3200032
346.3193335
346.3186456
346.3179397
346.3172161
346.3164753
346.3157179
346.3149448
346.3141567
346.3133546
346.3125395
346.3117124
346.3108741
346.3100256
346.3091674
346.3083003
346.3074247
346.3065407
346.3056486
346.3047481
346.3038392
346.3029214
346.3019943
346.3010574
346.3001102
346.2991522
346.2981828
346.2972017
346.2962086
346.2952032
346.2941855
346.2931556
346.2921138
346.2910605
346.289996
346.2889212
346.2878365
346.2867429
346.285641
346.2845317
346.2834156
346.2822935
346.2811659
346.2800333
346.2788961
346.2777546
346.2766089
346.275459
346.2743048
346.2731463
346.2719832
346.2708152
346.2696421
346.2684636
346.2672795
346.2660895
346.2648937
346.2636919
346.2624842
346.2612708
346.2600518
346.2588277
346.2575988
346.2563655
346.2551284
346.2538879
346.2526446
346.251399
346.2501514
346.2489025
346.2476524
346.2464015
346.2451499
346.2438979
346.2426455
346.2413927
346.2401394
346.2388857
346.2376315
346.2363766
346.235121
346.2338647
346.2326078
346.2313501
346.230092
346.2288341
346.2275774
346.2263221
346.2250688
346.2238177
346.2225692
346.2213236
346.2200812
346.2188422
346.2176066
346.2163748
346.2151468
346.2139228
346.2127028
346.2114871
346.2102759
346.2090693
346.2078677
346.2066712
346.2054803
346.2042952
346.2031164
346.2019443
346.2007794
346.1996219
346.1984724
346.1973313
346.1961988
346.1950753
346.193961
346.1928561
346.1917608
346.190675
346.1895987
346.1885319
346.1874744
346.1864261
346.1853866
346.1843559
346.1833335
346.1823193
346.1813131
346.1803146
346.1793237
346.1783403
346.1773644
346.176396
346.1754351
346.174482
346.1735369
346.1725999
346.1716713
346.1707516
346.169841
346.1689398
346.1680484
346.1671671
346.1662962
346.1654357
346.164586
346.1637472
346.1629192
346.1621022
346.161296
346.1605006
346.1597158
346.1589415
346.1581774
346.1574233
346.156679
346.1559443
346.1552189
346.1545028
346.1537957
346.1530975
346.1524081
346.1517274
346.1510554
346.1503921
346.1497375
346.1490917
346.1484548
346.1478267
346.1472076
346.1465975
346.1459966
346.1454049
346.1448225
346.1442494
346.1436856
346.1431314
346.1425866
346.1420514
346.1415259
346.14101
346.140504
346.1400079
346.1395219
346.1390462
346.138581
346.1381265
346.1376831
346.1372509
346.1368304
346.136422
346.1360258
346.1356425
346.1352722
346.1349154
346.1345725
346.1342437
346.1339294
346.13363
346.1333456
346.1330766
346.1328229
346.132585
346.1323627
346.1321564
346.131966
346.1317916
346.1316332
346.1314909
346.1313646
346.1312543
346.1311599
346.1310812
346.1310182
346.1309703
346.130937
346.1309169
346.1309076
346.1309048
346.1309069
346.1309169
346.1309377
346.1309706
346.1310168
346.1310772
346.1311525
346.1312431
346.1313495
346.1314719
346.1316105
346.1317656
346.1319373
346.1321256
346.1323309
346.1325531
346.1327924
346.1330489
346.1333226
346.1336136
346.1339219
346.1342474
346.1345902
346.1349503
346.1353275
346.1357217
346.136133
346.1365611
346.1370059
346.1374673
346.1379453
346.1384396
346.1389502
346.139477
346.1400199
346.1405789
346.141154
346.1417451
346.1423524
346.1429758
346.1436155
346.1442715
346.144944
346.1456331
346.146339
346.1470616
346.1478013
346.148558
346.1493319
346.150123
346.1509313
346.1517569
346.1525996
346.1534594
346.1543362
346.1552298
346.1561401
346.1570668
346.1580098
346.1589687
346.1599434
346.1609336
346.161939
346.1629594
346.1639947
346.1650446
346.166109
346.1671877
346.1682807
346.1693878
346.1705091
346.1716445
346.1727942
346.173958
346.1751362
346.1763288
346.1775359
346.1787576
346.179994
346.1812451
346.1825111
346.183792
346.1850879
346.1863986
346.1877242
346.1890647
346.1904199
346.1917898
346.1931741
346.1945728
346.1959856
346.1974124
346.198853
346.2003071
346.2017746
346.2032552
346.2047486
346.2062548
346.2077734
346.2093042
346.2108471
346.2124019
346.2139684
346.2155465
346.217136
346.2187369
346.220349
346.2219723
346.2236067
346.2252523
346.2269089
346.2285766
346.2302554
346.2319453
346.2336464
346.2353587
346.2370822
346.238817
346.2405632
346.2423208
346.24409
346.2458707
346.247663
346.249467
346.2512826
346.2531099
346.2549488
346.2567994
346.2586614
346.2605348
346.2624193
346.2643149
346.2662211
346.2681378
346.2700645
346.2720008
346.2739464
346.2759006
346.277863
346.279833
346.28181
346.2837934
346.2857826
346.2877768
346.2897755
346.291778
346.2937836
346.2957918
346.2978018
346.2998132
346.3018251
346.303836
346.3058455
346.3078532
346.3098591
346.311863
346.3138647
346.3158642
346.3178614
346.3198561
346.3218484
346.3238381
346.3258252
346.3278096
346.3297913
346.3317701
346.333746
346.3357188
346.3376884
346.3396546
346.3416171
346.3435757
346.3455302
346.3474801
346.3494252
346.3513649
346.3532989
346.3552265
346.3571474
346.3590608
346.3609662
346.3628628
346.36475
346.366627
346.368493
346.3703473
346.372189
346.3740174
346.3758314
346.3776303
346.3794132
346.3811792
346.3829273
346.3846566
346.3863664
346.3880555
346.3897232
346.3913686
346.3929907
346.3945886
346.3961615
346.3977085
346.3992287
346.4007213
346.4021853
346.4036199
346.4050242
346.4063973
346.4077382
346.409046
346.4103199
346.4115587
346.4127617
346.4139277
346.4150557
346.4161448
346.4171939
346.4182018
346.4191677
346.4200902
346.4209685
346.4218014
346.4225877
346.4233265
346.4240168
346.4246573
346.4252472
346.4257855
346.4262711
346.4267033
346.4270813
346.4274043
346.4276721
346.4278847
346.4280431
346.42815
346.428211
346.4282357
346.4282402
346.428226
346.4281796
346.4280928
346.4279598
346.4277765
346.4275397
346.427247
346.4268966
346.4264873
346.4260179
346.4254876
346.4248957
346.4242415
346.4235247
346.4227446
346.4219012
346.4209943
346.4200237
346.4189897
346.4178925
346.4167325
346.41551
346.4142254
346.4128788
346.41147
346.4099985
346.4084635
346.4068634
346.4051968
346.4034619
346.4016571
346.3997812
346.3978338
346.3958153
346.3937268
346.3915706
346.3893496
346.3870674
346.3847277
346.3823342
346.3798904
346.3773991
346.3748621
346.3722805
346.3696539
346.3669811
346.3642597
346.3614869
346.3586594
346.3557743
346.3528293
346.349823
346.3467554
346.3436281
346.3404448
346.3372119
346.3339384
346.3306356
346.3273154
346.3239859
346.3206485
346.3172983
346.3139272
346.3105273
346.3070918
346.3036142
346.300088
346.2965075
346.2928682
346.2891683
346.2854089
346.2815952
346.2777363
346.2738454
346.2699379
346.2660272
346.2621172
346.2582052
346.254289
346.2503678
346.2464409
346.2425076
346.2385672
346.2346196
346.2306651
346.2267079
346.2227542
346.2188066
346.214867
346.2109378
346.207021
346.2031186
346.1992323
346.1953639
346.1915147
346.1876864
346.1838805
346.1800982
346.176341
346.1726101
346.1689064
346.1652311
346.1615851
346.1579695
346.1543853
346.1508339
346.1473169
346.1438358
346.1403925
346.1369887
346.1336262
346.1303063
346.1270303
346.1237988
346.1206122
346.1174704
346.1143732
346.1113198
346.1083097
346.1053421
346.1024163
346.0995317
346.0966881
346.0938849
346.0911219
346.0883989
346.0857157
346.0830719
346.0804673
346.0779014
346.0753739
346.0728841
346.0704316
346.0680158
346.0656361
346.0632921
346.0609832
346.0587088
346.0564685
346.0542618
346.0520882
346.0499473
346.0478387
346.0457621
346.0437171
346.0417035
346.0397212
346.0377701
346.0358502
346.0339616
346.0321044
346.0302791
346.0284859
346.0267254
346.0249982
346.023305
346.0216465
346.0200237
346.0184377
346.0168895
346.0153804
346.0139118
346.012485
346.0111016
346.0097632
346.0084716
346.0072285
346.0060358
346.0048954
346.0038094
346.0027796
346.0018083
346.0008975
346.0000494
345.999266
345.9985497
345.9979025
345.9973264
345.9968233
345.9963951
345.9960428
345.9957668
345.9955662
345.9954366
345.9953687
345.9953465
345.9953494
345.9953851
345.9954724
345.9956216
345.995839
345.9961332
345.9965153
345.996971
345.9975126
345.9981441
345.9988672
345.9996834
346.0005942
346.001601
346.0027048
346.0039069
346.005208
346.0066092
346.008111
346.0097141
346.0114189
346.0132256
346.0151345
346.0171456
346.019259
346.0214745
346.0237919
346.0262108
346.0287308
346.0313514
346.0340719
346.0368916
346.0398098
346.0428255
346.0459378
346.0491458
346.0524482
346.0558441
346.0593322
346.0629112
346.0665801
346.0703373
346.0741816
346.0781116
346.0821258
346.0862229
346.0904014
346.0946596
346.0989962
346.1034096
346.107898
346.11246
346.1170939
346.121798
346.1265706
346.1314099
346.1363143
346.1412818
346.1463106
346.1513989
346.1565448
346.1617463
346.1670014
346.1723083
346.1776648
346.183069
346.1885188
346.1940122
346.199547
346.2051213
346.2107329
346.2163797
346.2220597
346.2277709
346.2335112
346.2392788
346.2450716
346.2508878
346.2567256
346.262583
346.2684585
346.2743504
346.2802571
346.2861771
346.2921091
346.2980517
346.3040038
346.309964
346.3159315
346.3219053
346.3278844
346.3338681
346.3398558
346.3458467
346.3518403
346.3578361
346.3638337
346.3698326
346.3758322
346.3818318
346.3878306
346.3938277
346.3998226
346.4058147
346.4118031
346.4177872
346.4237662
346.429739
346.4357048
346.4416625
346.4476111
346.4535496
346.4594767
346.4653914
346.4712926
346.477179
346.4830496
346.4889032
346.4947387
346.500555
346.506351
346.5121255
346.5178777
346.5236063
346.5293105
346.534989
346.540641
346.5462652
346.5518606
346.5574257
346.5629594
346.56846
346.5739258
346.579355
346.5847452
346.590094
346.5953983
346.6006548
346.6058594
346.6110078
346.6160947
346.6211142
346.6260599
346.6309243
346.6356992
346.6403754
346.6449431
346.6493914
346.6537086
346.6578822
346.6618988
346.6657444
346.6694041
346.6728627
346.6761043
346.679113
346.6818729
346.6843682
346.6865844
346.6885078
346.6901276
346.6914371
346.6924345
346.6931256
346.6935299
346.6936953
346.693667
346.6933625
346.692684
346.6915787
346.6900042
346.6879223
346.6852957
346.6820866
346.6782556
346.6737614
346.6685602
346.6626056
346.6558488
346.6482383
346.6397195
346.6302356
346.6197267
346.6081304
346.5953821
346.5814148
346.5661594
346.5495455
346.5315016
346.5119555
346.4908354
346.468071
346.4435941
346.4173405
346.3892514
346.3592758
346.3273727
346.2935146
346.2576909
346.2199124
346.1802173
346.1386782
346.0954115
346.0505887
346.0044508
345.9573269
345.909693
345.8621377
345.8150817
345.7688419
345.7237237
345.6800141
345.6379768
345.597847
345.5598294
345.5240952
345.4907814
345.4599906
345.4317923
345.4062243
345.3832948
345.3629849
345.3452516
345.330031
345.3172392
345.3067771
345.2985301
345.2923715
345.2881564
345.2857226
345.2848263
345.285428
345.2878687
345.292255
345.2985247
345.3065814
345.3163174
345.3276243
345.3403959
345.3545309
345.3699323
345.3865083
345.4041717
345.4228401
345.4424351
345.4628823
345.4841112
345.506054
345.5286465
345.5518265
345.5755347
345.5997133
345.6243063
345.6492589
345.6745168
345.7000255
345.7257297
345.7515709
345.7774827
345.8033881
345.8292247
345.8549497
345.8805213
345.9058982
345.9310392
345.9559033
345.9804497
346.004638
346.028428
346.0517798
346.074654
346.0970114
346.1188136
346.1400228
346.1606021
346.1805154
346.1997279
346.218206
346.235918
346.2528337
346.268925
346.2841662
346.2985343
346.3120088
346.3245726
346.3362121
346.3469174
346.3566826
346.3655059
346.3733909
346.3803461
346.3863852
346.3915275
346.3958
346.3992365
346.4018792
346.4037797
346.405006
346.4056431
346.4058301
346.4055712
346.4046868
346.4031001
346.4008096
346.3978419
346.3942406
346.3900588
346.3853564
346.3801974
346.3746493
346.3687823
346.3626695
346.356387
346.3500232
346.3436741
346.3373985
346.3312307
346.3252011
346.3193362
346.3136586
346.308187
346.3029365
346.2979189
346.2931426
346.2886131
346.284333
346.2803027
346.2765203
346.2729821
346.2696825
346.2666149
346.2637712
346.2611427
346.2587196
346.256492
346.2544494
346.2525813
346.250877
346.2493258
346.2479173
346.2466415
346.2454883
346.2444484
346.2435126
346.2426724
346.2419194
346.2412461
346.2406453
346.2401102
346.2396345
346.2392126
346.2388389
346.2385087
346.2382174
346.2379609
346.2377354
346.2375376
346.2373643
346.2372128
346.2370806
346.2369655
346.2368653
346.2367783
346.2367029
346.2366376
346.2365813
346.2365326
346.2364907
346.2364547
346.2364238
346.2363973
346.2363747
346.2363553
346.2363388
346.2363247
346.2363127
346.2363026
346.236294
346.2362867
346.2362805
346.2362753
346.2362709
346.2362672
346.2362641
346.2362615
346.2362594
346.2362575
346.236256
346.2362547
346.2362536
346.2362527
346.236252
346.2362514
346.2362509
346.2362504
346.2362501
346.2362498
346.2362495
346.2362493
346.2362492
346.236249
346.2362489
346.2362489
346.2362488
346.2362487
346.2362487
346.2362486
346.2362486
346.2362486
346.2362485
346.2362485
346.2362485
346.2362485
346.2362485
346.2362485
346.2362485
346.2362485
346.2362485
346.2362485
346.2362485
346.2362485
346.2362485
346.2362485
346.2362485
346.2362485
346.2362485
346.2362485
346.2362485
346.2362485
346.2362485
346.2362485
346.2362485
346.2362485
346.2362485
346.2362485
346.2362485
346.2362485
346.2362485
346.2362485
346.2362485
346.2362485
346.2362485
346.2362485
346.2362485
346.2362485
346.2362485
346.2362485
346.2362485
346.2362485
346.2362485
346.2362485
346.2362485
346.2362485
346.2362485
346.2362485
346.2362485
346.2362485
346.2362485
346.2362485
346.2362485
346.2362485
346.2362485
346.2362485
346.2362485
346.2362485
346.2362485
346.2362485
346.2362485
346.2362485
346.2362485
346.2362485
346.2362485
346.2362485
346.2362485
346.2362485
346.2362485
346.2362485
346.2362485
346.2362485
346.2362485
346.2362485
346.2362485
346.2362485
346.2362485
346.2362485
346.2362485
346.2362485
346.2362485
346.2362485
346.2362485
346.2362485
346.2362485
346.2362485
346.2362485
346.2362485
346.2362485
346.2362485
346.2362485
346.2362485
346.2362485
346.2362485
346.2362485
346.2362485
346.2362485
346.2362485
346.2362485
346.2362485
346.2362485
346.2362485
346.2362485
346.2362485
346.2362485
346.2362485
346.2362485
346.2362485
346.2362485
346.2362485
346.2362485
346.2362485
346.2362485
346.2362485
346.2362485
346.2362485
346.2362485
346.2362485
346.2362485
346.2362485
346.2362485
346.2362485
346.2362485
346.2362485
346.2362485
346.2362485
346.2362485
346.2362485
346.2362485
346.2362485
346.2362485
346.2362485
346.2362485
346.2362485
346.2362485
346.2362485
346.2362485
346.2362485
346.2362485
346.2362485
346.2362485
346.2362485
346.2362485
346.2362485
346.2362485
346.2362485
346.2362485
346.2362485
346.2362485
346.2362485
346.2362485
346.2362485
346.2362485
346.2362485
346.2362485
346.2362485
346.2362485
346.2362485
346.2362485
346.2362485
346.2362485
346.2362485
346.2362485
346.2362485
346.2362485
346.2362485
346.2362485
346.2362485
346.2362485
346.2362485
346.2362485
346.2362485
346.2362485
346.2362485
346.2362485
346.2362485
346.2362485
346.2362485
346.2362485
346.2362485
346.2362485
346.2362485
346.2362485
346.2362485
346.2362485
346.2362485
346.2362485
346.2362485
346.2362485
346.2362485
346.2362485
346.2362485
346.2362485
346.2362485
346.2362485
346.2362485
346.2362485
346.2362485
346.2362485
346.2362485
346.2362485
346.2362485
346.2362485
346.2362485
346.2362485
346.2362485
346.2362485
346.2362485
346.2362485
346.2362485
346.2362485
346.2362485
346.2362485
346.2362485
346.2362485
346.2362485
346.2362485
346.2362485
346.2362485
346.2362485
346.2362485
346.2362485
346.2362485
346.2362485
346.2362485
346.2362485
346.2362485
346.2362485
346.2362485
346.2362485
346.2362485
346.2362485
346.2362485
346.2362485
346.2362485
346.2362485
346.2362485
346.2362485
346.2362485
346.2362485
346.2362485
346.2362485
346.2362485
346.2362485
346.2362485
346.2362485
346.2362485
346.2362485
346.2362485
346.2362485
346.2362485
346.2362485
346.2362485
346.2362485
346.2362485
346.2362485
346.2362485
346.2362485
346.2362485
346.2362485
346.2362485
346.2362485
346.2362485
346.2362485
346.2362485
346.2362485
346.2362485
346.2362485
346.2362485
346.2362485
346.2362485
346.2362485
346.2362485
346.2362485
346.2362485
346.2362485
346.2362485
346.2362485
346.2362485
346.2362485
346.2362485
346.2362485
346.2362485
346.2362485
346.2362485
346.2362485
346.2362485
346.2362485
346.2362485
346.2362485
346.2362485
346.2362485
346.2362485
346.2362485
346.2362485
346.2362485
346.2362485
346.2362485
346.2362485
346.2362485
346.2362485
346.2362485
346.2362485
346.2362485
346.2362485
346.2362485
346.2362485
346.2362485
346.2362485
346.2362485
346.2362485
346.2362485
346.2362485
346.2362485
346.2362485
346.2362485
346.2362485
346.2362485
346.2362485
346.2362485
346.2362485
346.2362485
346.2362485
346.2362485
346.2362485
346.2362485
346.2362485
346.2362485
346.2362485
346.2362485
346.2362485
346.2362485
346.2362485
346.2362485
346.2362485
346.2362485
346.2362485
346.2362485
346.2362485
346.2362485
346.2362485
346.2362485
346.2362485
346.2362485
346.2362485
346.2362485
346.2362485
346.2362485
346.2362485
346.2362485
346.2362485
346.2362485
346.2362485
346.2362485
346.2362485
346.2362485
346.2362485
346.2362485
346.2362485
346.2362485
346.2362485
346.2362485
346.2362485
346.2362485
346.2362485
346.2362485
346.2362485
346.2362485
346.2362485
346.2362485
346.2362485
346.2362485
346.2362485
346.2362485
346.2362485
346.2362485
346.2362485
346.2362485
346.2362485
346.2362485
346.2362485
346.2362485
346.2362485
346.2362485
346.2362485
346.2362485
346.2362485
346.2362485
346.2362485
346.2362485
346.2362485
346.2362485
346.2362485
346.2362485
346.2362485
346.2362485
346.2362485
346.2362485
346.2362485
346.2362485
346.2362485
346.2362485
346.2362485
346.2362485
346.2362485
346.2362485
346.2362485
346.2362485
346.2362485
346.2362485
346.2362485
346.2362485
346.2362485
346.2362485
346.2362485
346.2362485
346.2362485
346.2362485
346.2362485
346.2362485
346.2362485
346.2362485
346.2362485
346.2362485
346.2362485
346.2362485
346.2362485
346.2362485
346.2362485
346.2362485
346.2362485
346.2362485
346.2362485
346.2362485
346.2362485
346.2362485
346.2362485
346.2362485
346.2362485
346.2362485
346.2362485
346.2362485
346.2362485
346.2362485
346.2362485
346.2362485
346.2362485
346.2362485
346.2362485
346.2362485
346.2362485
346.2362485
346.2362485
346.2362485
346.2362485
346.2362485
346.2362485
346.2362485
346.2362485
346.2362485
346.2362485
346.2362485
346.2362485
346.2362485
346.2362485
346.2362485
346.2362485
346.2362485
346.2362485
346.2362485
346.2362485
346.2362485
346.2362485
346.2362485
346.2362485
346.2362485
346.2362485
346.2362485
346.2362485
346.2362485
346.2362485
346.2362485
346.2362485
346.2362485
346.2362485
346.2362485
346.2362485
346.2362485
346.2362485
346.2362485
346.2362485
346.2362485
346.2362485
346.2362485
346.2362485
346.2362485
346.2362485
346.2362485
346.2362485
346.2362485
346.2362485
346.2362485
346.2362485
346.2362485
346.2362485
346.2362485
346.2362485
346.2362485
346.2362485
346.2362485
346.2362485
346.2362485
346.2362485
346.2362485
346.2362485
346.2362485
346.2362485
346.2362485
346.2362485
346.2362485
346.2362485
346.2362485
346.2362485
346.2362485
346.2362485
346.2362485
346.2362485
346.2362485
346.2362485
346.2362485
346.2362485
346.2362485
346.2362485
346.2362485
346.2362485
346.2362485
346.2362485
346.2362485
346.2362485
346.2362485
346.2362485
346.2362485
346.2362485
346.2362485
346.2362485
346.2362485
346.2362485
346.2362485
346.2362485
346.2362485
346.2362485
346.2362485
346.2362485
346.2362485
346.2362485
346.2362485
346.2362485
346.2362485
346.2362485
346.2362485
346.2362485
346.2362485
346.2362485
346.2362485
346.2362485
346.2362485
346.2362485
346.2362485
346.2362485
346.2362485
346.2362485
346.2362485
346.2362485
346.2362485
346.2362485
346.2362485
346.2362485
346.2362485
346.2362485
346.2362485
346.2362485
346.2362485
346.2362485
346.2362485
346.2362485
346.2362485
346.2362485
346.2362485
346.2362485
346.2362485
346.2362485
346.2362485
346.2362485
346.2362485
346.2362485
346.2362485
346.2362485
346.2362485
346.2362485
346.2362485
346.2362485
346.2362485
346.2362485
346.2362485
346.2362485
346.2362485
346.2362485
346.2362485
346.2362485
346.2362485
346.2362485
346.2362485
346.2362485
346.2362485
346.2362485
346.2362485
346.2362485
346.2362485
346.2362485
346.2362485
346.2362485
346.2362485
346.2362485
346.2362485
346.2362485
346.2362485
346.2362485
346.2362485
346.2362485
346.2362485
346.2362485
346.2362485
346.2362485
346.2362485
346.2362485
346.2362485
346.2362485
346.2362485
346.2362485
346.2362485
346.2362485
346.2362485
346.2362485
346.2362485
346.2362485
346.2362485
346.2362485
346.2362485
346.2362485
346.2362485
346.2362485
346.2362485
346.2362485
346.2362485
346.2362485
346.2362485
346.2362485
346.2362485
346.2362485
346.2362485
346.2362485
346.2362485
346.2362485
346.2362485
346.2362485
346.2362485
346.2362485
346.2362485
346.2362485
346.2362485
346.2362485
346.2362485
346.2362485
346.2362485
346.2362485
346.2362485
346.2362485
346.2362485
346.2362485
346.2362485
346.2362485
346.2362485
346.2362485
346.2362485
346.2362485
346.2362485
346.2362485
346.2362485
346.2362485
346.2362485
346.2362485
346.2362485
346.2362485
346.2362485
346.2362485
346.2362485
346.2362485
346.2362485
346.2362485
346.2362485
346.2362485
346.2362485
346.2362485
346.2362485
346.2362485
346.2362485
346.2362485
346.2362485
346.2362485
346.2362485
346.2362485
346.2362485
346.2362485
346.2362485
346.2362485
346.2362485
346.2362485
346.2362485
346.2362485
346.2362485
346.2362485
346.2362485
346.2362485
346.2362485
346.2362485
346.2362485
346.2362485
346.2362485
346.2362485
346.2362485
346.2362485
346.2362485
346.2362485
346.2362485
346.2362485
346.2362485
346.2362485
346.2362485
346.2362485
346.2362485
346.2362485
346.2362485
346.2362485
346.2362485
346.2362485
346.2362485
346.2362485
346.2362485
346.2362485
346.2362485
346.2362485
346.2362485
346.2362485
346.2362485
346.2362485
346.2362485
346.2362485
346.2362485
346.2362485
346.2362485
346.2362485
346.2362485
346.2362485
346.2362485
346.2362485
346.2362485
346.2362485
346.2362485
346.2362485
346.2362485
346.2362485
346.2362485
346.2362485
346.2362485
346.2362485
346.2362485
346.2362485
346.2362485
346.2362485
346.2362485
346.2362485
346.2362485
346.2362485
346.2362485
346.2362485
346.2362485
346.2362485
346.2362485
346.2362485
346.2362485
346.2362485
346.2362485
346.2362485
346.2362485
346.2362485
346.2362485
346.2362485
346.2362485
346.2362485
346.2362485
346.2362485
346.2362485
346.2362485
346.2362485
346.2362485
346.2362485
346.2362485
346.2362485
346.2362485
346.2362485
346.2362485
346.2362485
346.2362485
346.2362485
346.2362485
346.2362485
346.2362485
346.2362485
346.2362485
346.2362485
346.2362485
346.2362485
346.2362485
346.2362485
346.2362485
346.2362485
346.2362485
346.2362485
346.2362485
346.2362485
346.2362485
346.2362485
346.2362485
346.2362485
346.2362485
346.2362485
346.2362485
346.2362485
346.2362485
346.2362485
346.2362485
346.2362485
346.2362485
346.2362485
346.2362485
346.2362485
346.2362485
346.2362485
346.2362485
346.2362485
346.2362485
346.2362485
346.2362485
346.2362485
346.2362485
346.2362485
346.2362485
346.2362485
346.2362485
346.2362485
346.2362485
346.2362485
346.2362485
346.2362485
346.2362485
346.2362485
346.2362485
346.2362485
346.2362485
346.2362485
346.2362485
346.2362485
346.2362485
346.2362485
346.2362485
346.2362485
346.2362485
346.2362485
346.2362485
346.2362485
346.2362485
346.2362485
346.2362485
346.2362485
346.2362485
346.2362485
346.2362485
346.2362485
346.2362485
346.2362485
346.2362485
346.2362485
346.2362485
346.2362485
346.2362485
346.2362485
346.2362485
346.2362485
346.2362485
346.2362485
346.2362485
346.2362485
346.2362485
346.2362485
346.2362485
346.2362485
346.2362485
346.2362485
346.2362485
346.2362485
346.2362485
346.2362485
346.2362485
346.2362485
346.2362485
346.2362485
346.2362485
346.2362485
346.2362485
346.2362485
346.2362485
346.2362485
346.2362485
346.2362485
346.2362485
346.2362485
346.2362485
346.2362485
346.2362485
346.2362485
346.2362485
346.2362485
346.2362485
346.2362485
346.2362485
346.2362485
346.2362485
346.2362485
346.2362485
346.2362485
346.2362485
346.2362485
346.2362485
346.2362485
346.2362485
346.2362485
346.2362485
346.2362485
346.2362485
346.2362485
346.2362485
346.2362485
346.2362485
346.2362485
346.2362485
346.2362485
346.2362485
346.2362485
346.2362485
346.2362485
346.2362485
346.2362485
346.2362485
346.2362485
346.2362485
346.2362485
346.2362485
346.2362485
346.2362485
346.2362485
346.2362485
346.2362485
346.2362485
346.2362485
346.2362485
346.2362485
346.2362485
346.2362485
346.2362485
346.2362485
346.2362485
346.2362485
346.2362485
346.2362485
346.2362485
346.2362485
346.2362485
346.2362485
346.2362485
346.2362485
346.2362485
346.2362485
346.2362485
346.2362485
346.2362485
346.2362485
346.2362485
346.2362485
346.2362485
346.2362485
346.2362485
346.2362485
346.2362485
346.2362485
346.2362485
346.2362485
346.2362485
346.2362485
346.2362485
346.2362485
346.2362485
346.2362485
346.2362485
346.2362485
346.2362485
346.2362485
346.2362485
346.2362485
346.2362485
346.2362485
346.2362485
346.2362485
346.2362485
346.2362485
346.2362485
346.2362485
346.2362485
346.2362485
346.2362485
346.2362485
346.2362485
346.2362485
346.2362485
346.2362485
346.2362485
346.2362485
346.2362485
346.2362485
346.2362485
346.2362485
346.2362485
346.2362485
346.2362485
346.2362485
346.2362485
346.2362485
346.2362485
346.2362485
346.2362485
346.2362485
346.2362485
346.2362485
346.2362485
346.2362485
346.2362485
346.2362485
346.2362485
346.2362485
346.2362485
346.2362485
346.2362485
346.2362485
346.2362485
346.2362485
346.2362485
346.2362485
346.2362485
346.2362485
346.2362485
346.2362485
346.2362485
346.2362485
346.2362485
346.2362485
346.2362485
346.2362485
346.2362485
346.2362485
346.2362485
346.2362485
346.2362485
346.2362485
346.2362485
346.2362485
346.2362485
346.2362485
346.2362485
346.2362485
346.2362485
346.2362485
346.2362485
346.2362485
346.2362485
346.2362485
346.2362485
346.2362485
346.2362485
346.2362485
346.2362485
346.2362485
346.2362485
346.2362485
346.2362485
346.2362485
346.2362485
346.2362485
346.2362485
346.2362485
346.2362485
346.2362485
346.2362485
346.2362485
346.2362485
346.2362485
346.2362485
346.2362485
346.2362485
346.2362485
346.2362485
346.2362485
346.2362485
346.2362485
346.2362485
346.2362485
346.2362485
346.2362485
346.2362485
346.2362485
346.2362485
346.2362485
346.2362485
346.2362485
346.2362485
346.2362485
346.2362485
346.2362485
346.2362485
346.2362485
346.2362485
346.2362485
346.2362485
346.2362485
346.2362485
346.2362485
346.2362485
346.2362485
346.2362485
346.2362485
346.2362485
346.2362485
346.2362485
346.2362485
346.2362485
346.2362485
346.2362485
346.2362485
346.2362485
346.2362485
346.2362485
346.2362485
346.2362485
346.2362485
346.2362485
346.2362485
346.2362485
346.2362485
346.2362485
346.2362485
346.2362485
346.2362485
346.2362485
346.2362485
346.2362485
346.2362485
346.2362485
346.2362485
346.2362485
346.2362485
346.2362485
346.2362485
346.2362485
346.2362485
346.2362485
346.2362485
346.2362485
346.2362485
346.2362485
346.2362485
346.2362485
346.2362485
346.2362485
346.2362485
346.2362485
346.2362485
346.2362485
346.2362485
346.2362485
346.2362485
346.2362485
346.2362485
346.2362485
346.2362485
346.2362485
346.2362485
346.2362485
346.2362485
346.2362485
346.2362485
346.2362485
346.2362485
346.2362485
346.2362485
346.2362485
346.2362485
346.2362485
346.2362485
346.2362485
346.2362485
346.2362485
346.2362485
346.2362485
346.2362485
346.2362485
346.2362485
346.2362485
346.2362485
346.2362485
346.2362485
346.2362485
346.2362485
346.2362485
346.2362485
346.2362485
346.2362485
346.2362485
346.2362485
346.2362485
346.2362485
346.2362485
346.2362485
346.2362485
346.2362485
346.2362485
346.2362485
346.2362485
346.2362485
346.2362485
346.2362485
346.2362485
346.2362485
346.2362485
346.2362485
346.2362485
346.2362485
346.2362485
346.2362485
346.2362485
346.2362485
346.2362485
346.2362485
346.2362485
346.2362485
346.2362485
346.2362485
346.2362485
346.2362485
346.2362485
346.2362485
346.2362485
346.2362485
346.2362485
346.2362485
346.2362485
346.2362485
346.2362485
346.2362485
346.2362485
346.2362485
346.2362485
346.2362485
346.2362485
346.2362485
346.2362485
346.2362485
346.2362485
346.2362485
346.2362485
346.2362485
346.2362485
346.2362485
346.2362485
346.2362485
346.2362485
346.2362485
346.2362485
346.2362485
346.2362485
346.2362485
346.2362485
346.2362485
346.2362485
346.2362485
346.2362485
346.2362485
346.2362485
346.2362485
346.2362485
346.2362485
346.2362485
346.2362485
346.2362485
346.2362485
346.2362485
346.2362485
346.2362485
346.2362485
346.2362485
346.2362485
346.2362485
346.2362485
346.2362485
346.2362485
346.2362485
346.2362485
346.2362485
346.2362485
346.2362485
346.2362485
346.2362485
346.2362485
346.2362485
346.2362485
346.2362485
346.2362485
346.2362485
346.2362485
346.2362485
346.2362485
346.2362485
346.2362485
346.2362485
346.2362485
346.2362485
346.2362485
346.2362485
346.2362485
346.2362485
346.2362485
346.2362485
346.2362485
346.2362485
346.2362485
346.2362485
346.2362485
346.2362485
346.2362485
346.2362485
346.2362485
346.2362485
346.2362485
346.2362485
346.2362485
346.2362485
346.2362485
346.2362485
346.2362485
346.2362485
346.2362485
346.2362485
346.2362485
346.2362485
346.2362485
346.2362485
346.2362485
346.2362485
346.2362485
346.2362485
346.2362485
346.2362485
346.2362485
346.2362485
346.2362485
346.2362485
346.2362485
346.2362485
346.2362485
346.2362485
346.2362485
346.2362485
346.2362485
346.2362485
346.2362485
346.2362485
346.2362485
346.2362485
346.2362485
346.2362485
346.2362485
346.2362485
346.2362485
346.2362485
346.2362485
346.2362485
346.2362485
346.2362485
346.2362485
346.2362485
346.2362485
346.2362485
346.2362485
346.2362485
346.2362485
346.2362485
346.2362485
346.2362485
346.2362485
346.2362485
346.2362485
346.2362485
346.2362485
346.2362485
346.2362485
346.2362485
346.2362485
346.2362485
346.2362485
346.2362485
346.2362485
346.2362485
346.2362485
346.2362485
346.2362485
346.2362485
346.2362485
346.2362485
346.2362485
346.2362485
346.2362485
346.2362485
346.2362485
346.2362485
346.2362485
346.2362485
346.2362485
346.2362485
346.2362485
346.2362485
346.2362485
346.2362485
346.2362485
346.2362485
346.2362485
346.2362485
346.2362485
346.2362485
346.2362485
346.2362485
346.2362485
346.2362485
346.2362485
346.2362485
346.2362485
346.2362485
346.2362485
346.2362485
346.2362485
346.2362485
346.2362485
346.2362485
346.2362485
346.2362485
346.2362485
346.2362485
346.2362485
346.2362485
346.2362485
346.2362485
346.2362485
346.2362485
346.2362485
346.2362485
346.2362485
346.2362485
346.2362485
346.2362485
346.2362485
346.2362485
346.2362485
346.2362485
346.2362485
346.2362485
346.2362485
346.2362485
346.2362485
346.2362485
346.2362485
346.2362485
346.2362485
346.2362485
346.2362485
346.2362485
346.2362485
346.2362485
346.2362485
346.2362485
346.2362485
346.2362485
346.2362485
346.2362485
346.2362485
346.2362485
346.2362485
346.2362485
346.2362485
346.2362485
346.2362485
346.2362485
346.2362485
346.2362485
346.2362485
346.2362485
346.2362485
346.2362485
346.2362485
346.2362485
346.2362485
346.2362485
346.2362485
346.2362485
346.2362485
346.2362485
346.2362485
346.2362485
346.2362485
346.2362485
346.2362485
346.2362485
346.2362485
346.2362485
346.2362485
346.2362485
346.2362485
346.2362485
346.2362485
346.2362485
346.2362485
346.2362485
346.2362485
346.2362485
346.2362485
346.2362485
346.2362485
346.2362485
346.2362485
346.2362485
346.2362485
346.2362485
346.2362485
346.2362485
346.2362485
346.2362485
346.2362485
346.2362485
346.2362485
346.2362485
346.2362485
346.2362485
346.2362485
346.2362485
346.2362485
346.2362485
346.2362485
346.2362485
346.2362485
346.2362485
346.2362485
346.2362485
346.2362485
346.2362485
346.2362485
346.2362485
346.2362485
346.2362485
346.2362485
346.2362485
346.2362485
346.2362485
346.2362485
346.2362485
346.2362485
346.2362485
346.2362485
346.2362485
346.2362485
346.2362485
346.2362485
346.2362485
346.2362485
346.2362485
346.2362485
346.2362485
346.2362485
346.2362485
346.2362485
346.2362485
346.2362485
346.2362485
346.2362485
346.2362485
346.2362485
346.2362485
346.2362485
346.2362485
346.2362485
346.2362485
346.2362485
346.2362485
346.2362485
346.2362485
346.2362485
346.2362485
346.2362485
346.2362485
346.2362485
346.2362485
346.2362485
346.2362485
346.2362485
346.2362485
346.2362485
346.2362485
346.2362485
346.2362485
346.2362485
346.2362485
346.2362485
346.2362485
346.2362485
346.2362485
346.2362485
346.2362485
346.2362485
346.2362485
346.2362485
346.2362485
346.2362485
346.2362485
346.2362485
346.2362485
346.2362485
346.2362485
346.2362485
346.2362485
346.2362485
346.2362485
346.2362485
346.2362485
346.2362485
346.2362485
346.2362485
346.2362485
346.2362485
346.2362485
346.2362485
346.2362485
346.2362485
346.2362485
346.2362485
346.2362485
346.2362485
346.2362485
346.2362485
346.2362485
346.2362485
346.2362485
346.2362485
346.2362485
346.2362485
346.2362485
346.2362485
346.2362485
346.2362485
346.2362485
346.2362485
346.2362485
346.2362485
346.2362485
346.2362485
346.2362485
346.2362485
346.2362485
346.2362485
346.2362485
346.2362485
346.2362485
346.2362485
346.2362485
346.2362485
346.2362485
346.2362485
346.2362485
346.2362485
346.2362485
346.2362485
346.2362485
346.2362485
346.2362485
346.2362485
346.2362485
346.2362485
346.2362485
346.2362485
346.2362485
346.2362485
346.2362485
346.2362485
346.2362485
346.2362485
346.2362485
346.2362485
346.2362485
346.2362485
346.2362485
346.2362485
346.2362485
346.2362485
346.2362485
346.2362485
346.2362485
346.2362485
346.2362485
346.2362485
346.2362485
346.2362485
346.2362485
346.2362485
346.2362485
346.2362485
346.2362485
346.2362485
346.2362485
346.2362485
346.2362485
346.2362485
346.2362485
346.2362485
346.2362485
346.2362485
346.2362485
346.2362485
346.2362485
346.2362485
346.2362485
346.2362485
346.2362485
346.2362485
346.2362485
346.2362485
346.2362485
346.2362485
346.2362485
346.2362485
346.2362485
346.2362485
346.2362485
346.2362485
346.2362485
346.2362485
346.2362485
346.2362485
346.2362485
346.2362485
346.2362485
346.2362485
346.2362485
346.2362485
346.2362485
346.2362485
346.2362485
346.2362485
346.2362485
346.2362485
346.2362485
346.2362485
346.2362485
346.2362485
346.2362485
346.2362485
346.2362485
346.2362485
346.2362485
346.2362485
346.2362485
346.2362485
346.2362485
346.2362485
346.2362485
346.2362485
346.2362485
346.2362485
346.2362485
346.2362485
346.2362485
346.2362485
346.2362485
346.2362485
346.2362485
346.2362485
346.2362485
346.2362485
346.2362485
346.2362485
346.2362485
346.2362485
346.2362485
346.2362485
346.2362485
346.2362485
346.2362485
346.2362485
346.2362485
346.2362485
346.2362485
346.2362485
346.2362485
346.2362485
346.2362485
346.2362485
346.2362485
346.2362485
346.2362485
346.2362485
346.2362485
346.2362485
346.2362485
346.2362485
346.2362485
346.2362485
346.2362485
346.2362485
346.2362485
346.2362485
346.2362485
346.2362485
346.2362485
346.2362485
346.2362485
346.2362485
346.2362485
346.2362485
346.2362485
346.2362485
346.2362485
346.2362485
346.2362485
346.2362485
346.2362485
346.2362485
346.2362485
346.2362485
346.2362485
346.2362485
346.2362485
346.2362485
346.2362485
346.2362485
346.2362485
346.2362485
346.2362485
346.2362485
346.2362485
346.2362485
346.2362485
346.2362485
346.2362485
346.2362485
346.2362485
346.2362485
346.2362485
346.2362485
346.2362485
346.2362485
346.2362485
346.2362485
346.2362485
346.2362485
346.2362485
346.2362485
346.2362485
346.2362485
346.2362485
346.2362485
346.2362485
346.2362485
346.2362485
346.2362485
346.2362485
346.2362485
346.2362485
346.2362485
346.2362485
346.2362485
346.2362485
346.2362485
346.2362485
346.2362485
346.2362485
346.2362485
346.2362485
346.2362485
346.2362485
346.2362485
346.2362485
346.2362485
346.2362485
346.2362485
346.2362485
346.2362485
346.2362485
346.2362485
346.2362485
346.2362485
346.2362485
346.2362485
346.2362485
346.2362485
346.2362485
346.2362485
346.2362485
346.2362485
346.2362485
346.2362485
346.2362485
346.2362485
346.2362485
346.2362485
346.2362485
346.2362485
346.2362485
346.2362485
346.2362485
346.2362485
346.2362485
346.2362485
346.2362485
346.2362485
346.2362485
346.2362485
346.2362485
346.2362485
346.2362485
346.2362485
346.2362485
346.2362485
346.2362485
346.2362485
346.2362485
346.2362485
346.2362485
346.2362485
346.2362485
346.2362485
346.2362485
346.2362485
346.2362485
346.2362485
346.2362485
346.2362485
346.2362485
346.2362485
346.2362485
346.2362485
346.2362485
346.2362485
346.2362485
346.2362485
346.2362485
346.2362485
346.2362485
346.2362485
346.2362485
346.2362485
346.2362485
346.2362485
346.2362485
346.2362485
346.2362485
346.2362485
346.2362485
346.2362485
346.2362485
346.2362485
346.2362485
346.2362485
346.2362485
346.2362485
346.2362485
346.2362485
346.2362485
346.2362485
346.2362485
346.2362485
346.2362485
346.2362485
346.2362485
346.2362485
346.2362485
346.2362485
346.2362485
346.2362485
346.2362485
346.2362485
346.2362485
346.2362485
346.2362485
346.2362485
346.2362485
346.2362485
346.2362485
346.2362485
346.2362485
346.2362485
346.2362485
346.2362485
346.2362485
346.2362485
346.2362485
346.2362485
346.2362485
346.2362485
346.2362485
346.2362485
346.2362485
346.2362485
346.2362485
346.2362485
346.2362485
346.2362485
346.2362485
346.2362485
346.2362485
346.2362485
346.2362485
346.2362485
346.2362485
346.2362485
346.2362485
346.2362485
346.2362485
346.2362485
346.2362485
346.2362485
346.2362485
346.2362485
346.2362485
346.2362485
346.2362485
346.2362485
346.2362485
346.2362485
346.2362485
346.2362485
346.2362485
346.2362485
346.2362485
346.2362485
346.2362485
346.2362485
346.2362485
346.2362485
346.2362485
346.2362485
346.2362485
346.2362485
346.2362485
346.2362485
346.2362485
346.2362485
346.2362485
346.2362485
346.2362485
346.2362485
346.2362485
346.2362485
346.2362485
346.2362485
346.2362485
346.2362485
346.2362485
346.2362485
346.2362485
346.2362485
346.2362485
346.2362485
346.2362485
346.2362485
346.2362485
346.2362485
346.2362485
346.2362485
346.2362485
346.2362485
346.2362485
346.2362485
346.2362485
346.2362485
346.2362485
346.2362485
346.2362485
346.2362485
346.2362485
346.2362485
346.2362485
346.2362485
346.2362485
346.2362485
346.2362485
346.2362485
346.2362485
346.2362485
346.2362485
346.2362485
346.2362485
346.2362485
346.2362485
346.2362485
346.2362485
346.2362485
346.2362485
346.2362485
346.2362485
346.2362485
346.2362485
346.2362485
346.2362485
346.2362485
346.2362485
346.2362485
346.2362485
346.2362485
346.2362485
346.2362485
346.2362485
346.2362485
346.2362485
346.2362485
346.2362485
346.2362485
346.2362485
346.2362485
346.2362485
346.2362485
346.2362485
346.2362485
346.2362485
346.2362485
346.2362485
346.2362485
346.2362485
346.2362485
346.2362485
346.2362485
346.2362485
346.2362485
346.2362485
346.2362485
346.2362485
346.2362485
346.2362485
346.2362485
346.2362485
346.2362485
346.2362485
346.2362485
346.2362485
346.2362485
346.2362485
346.2362485
346.2362485
346.2362485
346.2362485
346.2362485
346.2362485
346.2362485
346.2362485
346.2362485
346.2362485
346.2362485
346.2362485
346.2362485
346.2362485
346.2362485
346.2362485
346.2362485
346.2362485
346.2362485
346.2362485
346.2362485
346.2362485
346.2362485
346.2362485
346.2362485
346.2362485
346.2362485
346.2362485
346.2362485
346.2362485
346.2362485
346.2362485
346.2362485
346.2362485
346.2362485
346.2362485
346.2362485
346.2362485
346.2362485
346.2362485
346.2362485
346.2362485
346.2362485
346.2362485
346.2362485
346.2362485
346.2362485
346.2362485
346.2362485
346.2362485
346.2362485
346.2362485
346.2362485
346.2362485
346.2362485
346.2362485
346.2362485
346.2362485
346.2362485
346.2362485
346.2362485
346.2362485
346.2362485
346.2362485
346.2362485
346.2362485
346.2362485
346.2362485
346.2362485
346.2362485
346.2362485
346.2362485
346.2362485
346.2362485
346.2362485
346.2362485
346.2362485
346.2362485
346.2362485
346.2362485
346.2362485
346.2362485
346.2362485
346.2362485
346.2362485
346.2362485
346.2362485
346.2362485
346.2362485
346.2362485
346.2362485
346.2362485
346.2362485
346.2362485
346.2362485
346.2362485
346.2362485
346.2362485
346.2362485
346.2362485
346.2362485
346.2362485
346.2362485
346.2362485
346.2362485
346.2362485
346.2362485
346.2362485
346.2362485
346.2362485
346.2362485
346.2362485
346.2362485
346.2362485
346.2362485
346.2362485
346.2362485
346.2362485
346.2362485
346.2362485
346.2362485
346.2362485
346.2362485
346.2362485
346.2362485
346.2362485
346.2362485
346.2362485
346.2362485
346.2362485
346.2362485
346.2362485
346.2362485
346.2362485
346.2362485
346.2362485
346.2362485
346.2362485
346.2362485
346.2362485
346.2362485
346.2362485
346.2362485
346.2362485
346.2362485
346.2362485
346.2362485
346.2362485
346.2362485
346.2362485
346.2362485
346.2362485
346.2362485
346.2362485
346.2362485
346.2362485
346.2362485
346.2362485
346.2362485
346.2362485
346.2362485
346.2362485
346.2362485
346.2362485
346.2362485
346.2362485
346.2362485
346.2362485
346.2362485
346.2362485
346.2362485
346.2362485
346.2362485
346.2362485
346.2362485
346.2362485
346.2362485
346.2362485
346.2362485
346.2362485
346.2362485
346.2362485
346.2362485
346.2362485
346.2362485
346.2362485
346.2362485
346.2362485
346.2362485
346.2362485
346.2362485
346.2362485
346.2362485
346.2362485
346.2362485
346.2362485
346.2362485
346.2362485
346.2362485
346.2362485
346.2362485
346.2362485
346.2362485
346.2362485
346.2362485
346.2362485
346.2362485
346.2362485
346.2362485
346.2362485
346.2362485
346.2362485
346.2362485
346.2362485
346.2362485
346.2362485
346.2362485
346.2362485
346.2362485
346.2362485
346.2362485
346.2362485
346.2362485
346.2362485
346.2362485
346.2362485
346.2362485
346.2362485
346.2362485
346.2362485
346.2362485
346.2362485
346.2362485
346.2362485
346.2362485
346.2362485
346.2362485
346.2362485
346.2362485
346.2362485
346.2362485
346.2362485
346.2362485
346.2362485
346.2362485
346.2362485
346.2362485
346.2362485
346.2362485
346.2362485
346.2362485
346.2362485
346.2362485
346.2362485
346.2362485
346.2362485
346.2362485
346.2362485
346.2362485
346.2362485
346.2362485
346.2362485
346.2362485
346.2362485
346.2362485
346.2362485
346.2362485
346.2362485
346.2362485
)
;

boundaryField
{
    side1
    {
        type            calculated;
        value           uniform 1471.301724;
    }
    side2
    {
        type            calculated;
        value           uniform 346.2362485;
    }
    empty1
    {
        type            empty;
    }
    empty2
    {
        type            empty;
    }
}


// ************************************************************************* //
