/*--------------------------------*- C++ -*----------------------------------*\
| =========                 |                                                 |
| \\      /  F ield         | OpenFOAM: The Open Source CFD Toolbox           |
|  \\    /   O peration     | Version:  2312                                  |
|   \\  /    A nd           | Website:  www.openfoam.com                      |
|    \\/     M anipulation  |                                                 |
\*---------------------------------------------------------------------------*/
FoamFile
{
    version     2.0;
    format      ascii;
    arch        "LSB;label=32;scalar=64";
    class       volScalarField;
    location    "0.005";
    object      p;
}
// * * * * * * * * * * * * * * * * * * * * * * * * * * * * * * * * * * * * * //

dimensions      [1 -1 -2 0 0 0 0];

internalField   nonuniform List<scalar> 
8000
(
107044.5336
101471.6956
99692.01793
99911.68511
100039.1936
99971.33024
99886.82914
99781.44124
99641.71487
99483.59156
99322.38327
99167.77569
99024.58728
98894.30705
98776.4235
98669.813
98573.63022
98487.70114
98412.21761
98347.84207
98295.16129
98254.56317
98225.55038
98206.46032
98194.61244
98186.51539
98178.1012
98165.29497
98144.52087
98113.2422
98070.00726
98014.45845
97947.78917
97871.5041
97787.5238
97697.99639
97605.27249
97511.69126
97419.26661
97329.3993
97243.07178
97160.83466
97082.84946
97009.00152
96938.79816
96871.88008
96807.60634
96745.55971
96685.32158
96626.5901
96569.15114
96512.9614
96458.01403
96404.41338
96352.28571
96301.73909
96252.82587
96205.51463
96159.67364
96115.06185
96071.33778
96028.09998
95984.85013
95941.0015
95896.11437
95849.69566
95801.35832
95750.83513
95697.95284
95642.65845
95585.00162
95525.13379
95463.28154
95399.7361
95334.81185
95268.82883
95202.20459
95135.16997
95068.02622
95001.07053
94934.46186
94868.39691
94802.96522
94738.26791
94674.34561
94611.23596
94548.95213
94487.45117
94426.69276
94366.61995
94307.16475
94248.25187
94189.80312
94131.73774
94073.97208
94016.42231
93959.01209
93901.65666
93844.28236
93786.80615
93729.15298
93671.25448
93613.03387
93554.42311
93495.3616
93435.77973
93375.60521
93314.79172
93253.27245
93190.99936
93127.92195
93064.01715
92999.29995
92933.71362
92867.20425
92799.8341
92731.56071
92662.39349
92592.39557
92521.59907
92450.08536
92377.94773
92305.29644
92232.26414
92158.99833
92085.66524
92012.44485
91939.50996
91867.02986
91795.16786
91724.0734
91653.87807
91584.68851
91516.57667
91449.60351
91383.75474
91319.00794
91255.24986
91192.42338
91130.30674
91068.77756
91007.54027
90946.41136
90885.055
90823.14129
90760.4848
90696.77799
90631.76461
90565.144
90496.72786
90426.31051
90353.8025
90279.13834
90202.23888
90123.24083
90042.38169
89959.84055
89875.95056
89791.12218
89705.82835
89620.64672
89536.18524
89453.06961
89371.94784
89293.47372
89218.30824
89147.09917
89080.47525
89018.76229
88962.59695
88912.66269
88869.14648
88832.44547
88802.91845
88780.86559
88766.41773
88759.63803
88760.49457
88769.06727
88785.35128
88809.23324
88840.68539
88879.02104
88923.78545
88974.61263
89030.97776
89092.28413
89157.91649
89227.22263
89299.53267
89374.1659
89450.43816
89527.67218
89605.16416
89682.25154
89758.33023
89832.81332
89905.17718
89974.90293
90041.56278
90104.74754
90164.07343
90219.20676
90269.77
90315.66379
90356.66698
90392.54567
90423.2549
90448.65025
90468.68315
90483.3777
90492.74977
90496.81821
90495.67561
90489.28974
90477.52924
90460.78937
90439.00474
90412.40442
90381.24743
90345.57282
90305.66743
90261.73971
90214.02127
90162.66917
90108.11864
90050.56032
89990.22144
89927.22287
89861.83983
89794.2918
89724.8227
89653.67462
89581.09359
89507.32729
89432.6204
89357.21771
89281.3643
89205.29754
89129.26596
89053.50362
88978.22873
88903.64779
88829.95814
88757.34743
88685.99097
88616.05126
88547.67781
88481.0049
88416.1508
88353.21978
88292.2976
88233.45911
88176.75865
88122.22816
88069.82293
88019.58767
87971.45832
87925.43302
87881.50323
87839.6355
87799.73289
87761.70544
87725.49037
87691.02069
87658.14819
87626.76821
87596.78777
87568.09916
87540.60757
87514.18811
87488.73476
87464.15383
87440.35289
87417.24317
87394.74406
87372.77957
87351.28354
87330.19308
87309.46084
87289.06035
87268.93146
87249.04974
87229.39889
87209.9632
87190.73248
87171.70247
87152.87391
87134.25064
87115.84013
87097.65244
87079.69965
87061.99471
87044.5515
87027.38518
87010.50976
86993.93894
86977.68585
86961.76213
86946.17368
86930.93059
86916.04724
86901.52324
86887.3712
86873.57782
86860.14587
86847.07618
86834.35986
86822.00352
86810.00985
86798.35423
86787.0399
86776.05182
86765.38406
86755.03418
86744.99422
86735.25846
86725.82044
86716.67683
86707.82433
86699.26091
86690.9952
86683.02108
86675.34071
86667.9655
86660.90722
86654.17269
86647.77418
86641.73007
86636.05897
86630.77896
86625.91189
86621.48297
86617.51788
86614.04198
86611.08749
86608.6748
86606.82722
86605.57881
86604.95258
86604.95699
86605.65326
86607.06468
86609.22861
86612.20698
86615.98279
86620.58619
86626.04735
86632.38026
86639.59618
86647.70359
86656.70671
86666.60484
86677.39216
86689.05662
86701.59234
86714.96293
86729.16746
86744.16344
86759.89985
86776.36151
86793.49031
86811.23561
86829.54907
86848.38041
86867.67175
86887.36501
86907.40142
86927.7217
86948.27048
86968.98088
86989.79168
87010.64488
87031.48875
87052.26886
87072.95001
87093.48753
87113.83877
87133.97352
87153.85782
87173.47367
87192.79923
87211.8218
87230.53072
87248.92051
87266.9937
87284.75284
87302.20701
87319.3757
87336.26403
87352.90905
87369.32497
87385.53665
87401.57214
87417.46869
87433.25638
87448.96782
87464.6373
87480.30063
87495.99367
87511.75372
87527.61768
87543.62069
87559.79747
87576.18134
87592.80498
87609.69948
87626.89475
87644.41883
87662.29747
87680.55464
87699.21219
87718.28994
87737.80475
87757.77255
87778.2066
87799.11824
87820.5173
87842.40822
87864.799
87887.70656
87911.11769
87935.03498
87959.46385
87984.40222
88009.84793
88035.79829
88062.25022
88089.19916
88116.64103
88144.57036
88172.98117
88201.86804
88231.22524
88261.0463
88291.32513
88322.056
88353.23268
88384.84934
88416.89998
88449.37878
88482.28051
88515.59991
88549.33211
88583.47183
88618.01482
88652.95644
88688.29297
88724.02078
88760.13531
88796.63318
88833.51157
88870.76762
88908.39823
88946.40081
88984.77251
89023.51109
89062.61433
89102.08048
89141.90725
89182.09238
89222.63508
89263.53312
89304.78461
89346.38845
89388.3436
89430.64811
89473.29999
89516.29764
89559.63358
89603.32271
89647.35448
89691.72168
89736.4293
89781.47597
89826.85853
89872.57572
89918.62747
89965.01213
90011.72655
90058.77018
90106.1417
90153.83941
90201.86143
90250.20658
90298.87331
90347.85972
90397.16445
90446.78574
90496.72175
90546.96991
90597.53107
90648.40181
90699.57857
90751.06116
90802.848
90854.93633
90907.32407
90960.0094
91012.99036
91066.26454
91119.83019
91173.68483
91227.82623
91282.25207
91336.96042
91391.94842
91447.21421
91502.75474
91558.5679
91614.65084
91671.00122
91727.61658
91784.49346
91841.62919
91899.02108
91956.66596
92014.56116
92072.70273
92131.08505
92189.7069
92248.5707
92307.66557
92366.99184
92426.54067
92486.31055
92546.29827
92606.49953
92666.90949
92727.52382
92788.33789
92849.34713
92910.54659
92971.93083
93033.49508
93095.23402
93157.14222
93219.21425
93281.4429
93343.82649
93406.35725
93469.02771
93531.83318
93594.76805
93657.82582
93721.00099
93784.2874
93847.67904
93911.17013
93974.75463
94038.42686
94102.18126
94166.01251
94229.91503
94293.88361
94357.91348
94421.99829
94486.13552
94550.3207
94614.54785
94678.81426
94743.1162
94807.45033
94871.81393
94936.20434
95000.61903
95065.05567
95129.51264
95193.98876
95258.48224
95322.9926
95387.51858
95452.06018
95516.61697
95581.18877
95645.77591
95710.37858
95774.99735
95839.63249
95904.28516
95968.95588
96033.64595
96098.35538
96163.08546
96227.83704
96292.61076
96357.40725
96422.22743
96487.07145
96551.93968
96616.83201
96681.74839
96746.68891
96811.65298
96876.64028
96941.64973
97006.67985
97071.72924
97136.79677
97201.88005
97266.97735
97332.08621
97397.20387
97462.32763
97527.45471
97592.5817
97657.70565
97722.82283
97787.92967
97853.02257
97918.0974
97983.151
98048.17879
98113.17705
98178.14147
98243.06826
98307.95316
98372.79197
98437.58073
98502.31524
98566.99216
98631.60707
98696.15652
98760.63631
98825.04329
98889.37384
98953.62483
99017.79304
99081.87516
99145.86855
99209.77023
99273.57781
99337.28899
99400.90109
99464.4122
99527.82036
99591.12355
99654.32034
99717.40916
99780.38859
99843.25765
99906.01539
99968.66063
100031.1927
100093.6108
100155.9146
100218.1033
100280.177
100342.1353
100403.9787
100465.7057
100527.3169
100588.8118
100650.1948
100711.4645
100772.6169
100833.6561
100894.582
100955.396
101016.0981
101076.6891
101137.1682
101197.5378
101257.8021
101317.9565
101378.0034
101437.9441
101497.7805
101557.5118
101617.1403
101676.6658
101736.0919
101795.4162
101854.6436
101913.7694
101972.8
102031.7378
102090.5778
102149.3238
102207.978
102266.5415
102325.0129
102383.3967
102441.6919
102499.8986
102558.0206
102616.0577
102674.0116
102731.8824
102789.6717
102847.3805
102905.0104
102962.562
103020.0366
103077.4354
103134.759
103192.0089
103249.1863
103306.2919
103363.3266
103420.2915
103477.188
103534.017
103590.779
103647.4752
103704.1067
103760.6741
103817.1786
103873.621
103930.002
103986.3223
104042.5832
104098.7853
104154.9269
104211.0121
104267.0442
104323.0182
104378.9373
104434.7991
104490.6092
104546.3665
104602.0683
104657.718
104713.3155
104768.8613
104824.3556
104879.7987
104935.1913
104990.5335
105045.8259
105101.0687
105156.2614
105211.4048
105266.498
105321.542
105376.5367
105431.482
105486.3778
105541.2241
105596.0211
105650.7682
105705.4657
105760.1132
105814.7109
105869.2579
105923.7548
105978.2005
106032.5913
106086.9314
106141.2259
106195.4679
106249.6542
106303.7884
106357.8696
106411.8974
106465.8719
106519.7928
106573.6595
106627.4717
106681.2296
106734.9322
106788.5795
106842.1706
106895.7066
106949.1874
107002.6111
107055.9774
107109.2865
107162.5377
107215.7305
107268.8644
107321.939
107374.9536
107427.9078
107480.8007
107533.6321
107586.401
107639.1066
107691.7479
107744.3241
107796.8339
107849.2759
107901.6485
107953.9502
108006.1792
108058.3331
108110.4099
108162.4069
108214.321
108266.1495
108317.8886
108369.5345
108421.0838
108472.531
108523.8712
108575.1001
108626.2114
108677.197
108728.0483
108778.7705
108829.337
108879.7542
108930.0139
108980.0989
109030.0032
109079.7174
109129.2328
109178.5361
109227.601
109276.4293
109325.022
109373.3361
109421.3787
109469.1367
109516.5798
109563.6831
109610.4461
109656.8601
109702.8977
109748.5414
109793.7705
109838.5742
109882.9325
109926.8248
109970.2363
110013.1438
110055.5298
110097.3809
110138.6578
110179.3599
110219.4817
110258.9857
110297.8352
110336.0121
110373.5625
110410.416
110446.5477
110481.9721
110516.6842
110550.6469
110583.8236
110616.2288
110647.8472
110678.6761
110708.692
110737.8851
110766.2582
110793.7986
110820.4974
110846.3466
110871.3412
110895.4814
110918.7704
110941.2058
110962.7764
110983.4796
111003.3261
111022.3315
111040.4865
111057.7757
111074.2225
111089.8596
111104.7193
111118.7834
111132.0429
111144.521
111156.2102
111167.1619
111177.3726
111186.8483
111195.6128
111203.6807
111211.0625
111217.7742
111223.8353
111229.2584
111234.0655
111238.2758
111241.9034
111244.9754
111247.5174
111249.5087
111250.9956
111251.9724
111252.4699
111252.5178
111252.1212
111251.2913
111250.0354
111248.3689
111246.3245
111243.9094
111241.1385
111238.023
111234.5481
111230.7626
111226.6708
111222.2768
111217.5932
111212.6185
111207.3714
111201.8571
111196.0835
111190.0496
111183.7688
111177.2414
111170.4595
111163.4385
111156.1868
111148.6996
111140.9811
111133.0176
111124.8257
111116.4059
111107.7387
111098.8291
111089.6885
111080.3062
111070.6714
111060.8028
111050.6675
111040.2803
111029.6266
111018.7073
111007.5253
110996.062
110984.3098
110972.2678
110959.94
110947.3016
110934.346
110921.0753
110907.4834
110893.5506
110879.2912
110864.6885
110849.7224
110834.4011
110818.6998
110802.6204
110786.1516
110769.2978
110752.05
110734.391
110716.3049
110697.7993
110678.8579
110659.473
110639.6345
110619.3638
110598.6307
110577.4167
110555.7329
110533.5918
110510.9562
110487.8238
110464.197
110440.0936
110415.4875
110390.3779
110364.7619
110338.6586
110312.0358
110284.898
110257.2657
110229.1259
110200.4705
110171.33
110141.6939
110111.5729
110080.953
110049.8727
110018.3065
109986.2916
109953.8244
109920.9149
109887.5712
109853.8219
109819.6859
109785.1657
109750.278
109715.0409
109679.4726
109643.5932
109607.4337
109571.0076
109534.3457
109497.4755
109460.4083
109423.1876
109385.836
109348.3827
109310.8602
109273.2883
109235.7129
109198.1517
109160.6607
109123.257
109085.9745
109048.8464
109011.909
108975.205
108938.7675
108902.6201
108866.8001
108831.3615
108796.3198
108761.7023
108727.5555
108693.9041
108660.8077
108628.2624
108596.3302
108565.0194
108534.3681
108504.4137
108475.174
108446.6715
108418.9259
108391.9942
108365.8775
108340.5918
108316.1607
108292.6183
108269.9565
108248.2215
108227.3995
108207.4961
108188.541
108170.5584
108153.5363
108137.4562
108122.3833
108108.2518
108095.099
108082.9282
108071.7061
108061.4578
108052.1653
108043.8239
108036.3908
108029.9127
108024.3554
108019.6965
108015.9242
108013.0216
108010.9613
108009.7122
108009.2363
108009.5504
108010.6215
108012.4476
108014.9993
108018.2615
108022.1955
108026.788
108032.0179
108037.8491
108044.2611
108051.2357
108058.7224
108066.7199
108075.1923
108084.1109
108093.458
108103.1968
108113.313
108123.7778
108134.5703
108145.6621
108157.0354
108168.6575
108180.5232
108192.5956
108204.8612
108217.2967
108229.8848
108242.604
108255.4353
108268.3628
108281.3689
108294.4377
108307.5547
108320.6999
108333.8578
108347.0155
108360.1601
108373.2763
108386.3494
108399.3697
108412.325
108425.1984
108437.979
108450.6586
108463.2195
108475.6589
108487.964
108500.1206
108512.1183
108523.9324
108535.5449
108546.9677
108558.1901
108569.1723
108579.9067
108590.3899
108600.6044
108610.536
108620.1663
108629.4817
108638.4616
108647.0807
108655.3127
108663.1723
108670.6279
108677.6533
108684.2004
108690.2527
108695.8107
108700.834
108705.326
108709.2417
108712.5593
108715.2578
108717.3204
108718.7103
108719.3372
108719.2299
108718.3821
108716.689
108714.1562
108710.7668
108706.4721
108701.2159
108694.9754
108687.6928
108679.402
108670.0366
108659.5484
108647.8943
108635.0658
108620.991
108605.6686
108589.0934
108571.2043
108551.9291
108531.2293
108509.1593
108485.6174
108460.5204
108433.9271
108405.7861
108376.0432
108344.6942
108311.7025
108276.9571
108240.5526
108202.4124
108162.4376
108120.6427
108077.0015
108031.545
107984.2412
107935.0079
107883.8183
107830.6619
107775.5618
107718.4712
107659.3816
107598.2043
107534.9445
107469.6742
107402.3292
107332.8696
107261.2834
107187.6149
107111.7668
107033.7619
106953.6087
106871.3232
106786.8317
106700.1621
106611.248
106520.1968
106426.9788
106331.5186
106233.7988
106133.8963
106031.8199
105927.5347
105821.061
105712.3494
105601.4466
105488.3651
105373.0259
105255.5529
105135.8386
105013.9921
104889.9615
104763.6702
104635.2852
104504.7833
104372.0837
104237.2801
104100.2799
103961.1977
103820.0185
103676.737
103531.3593
103383.9006
103234.3859
103082.8487
102929.301
102773.6409
102615.9503
102456.2752
102294.5524
102130.9119
101965.3464
101797.8215
101628.3589
101456.9515
101283.6731
101108.4812
100931.4348
100752.531
100571.7684
100389.216
100204.884
100018.7557
99830.84448
99641.16917
99449.75856
99256.63093
99061.84266
98865.38148
98667.24524
98467.45398
98266.05856
98063.08509
97858.51385
97652.38036
97444.7333
97235.59875
97024.9847
96812.91175
96599.413
96384.51284
96168.21219
95950.55439
95731.56368
95511.2638
95289.68115
95066.83684
94842.76403
94617.50794
94391.08184
94163.51435
93934.84623
93705.11689
93474.33442
93242.54141
93009.77915
92776.04822
92541.40865
92305.91642
92069.56126
91832.40326
91594.48919
91355.82911
91116.47707
90876.456
90635.80135
90394.57342
90152.81619
89910.55219
89667.82352
89424.67742
89181.14966
88937.27947
88693.12303
88448.71681
88204.09898
87959.32023
87714.43332
87469.47798
87224.48987
86979.52476
86734.62365
86489.84787
86245.23734
86000.82875
85756.67814
85512.84045
85269.33547
85026.23506
84783.58569
84541.43229
84299.84435
84058.82996
83818.46128
83578.7859
83339.85273
83101.71853
82864.41961
82628.00234
82392.52821
82158.02158
81924.58311
81692.23208
81461.01278
81230.94568
81002.17643
80774.68003
80548.4943
80323.70365
80100.34326
79878.48602
79658.14923
79439.37879
79222.263
79006.81045
78793.03194
78581.04198
78370.8422
78162.47988
77956.05852
77751.57689
77549.06951
77348.57854
77150.13757
76953.78523
76759.62145
76567.5993
76377.80088
76190.33984
76005.0816
75822.11111
75641.52607
75463.34867
75287.60779
75114.22106
74943.35424
74774.94583
74609.03745
74445.74527
74284.94212
74126.66252
73971.01211
73817.99817
73667.58329
73519.76137
73374.56195
73232.09212
73092.19543
72954.93182
72820.38989
72688.43586
72559.10022
72432.42168
72308.41717
72186.97493
72068.09815
71951.87036
71838.20962
71727.04036
71618.47507
71512.37579
71408.76239
71307.51126
71208.66186
71112.23066
71018.15261
70926.32254
70836.7855
70749.46864
70664.28386
70581.30846
70500.3442
70421.40208
70344.38376
70269.30698
70196.11084
70124.67284
70055.03418
69987.04869
69920.66152
69855.84665
69792.5411
69730.6424
69670.09055
69610.84785
69552.84908
69495.98365
69440.19214
69385.45258
69331.67572
69278.76372
69226.6749
69175.31987
69124.63792
69074.57949
69025.06512
68976.03596
68927.40429
68879.12421
68831.13578
68783.37142
68735.77587
68688.29081
68640.85865
68593.42226
68545.93607
68498.35345
68450.62019
68402.68234
68354.50243
68306.04483
68257.27795
68208.15046
68158.63122
68108.70421
68058.34185
68007.51548
67956.21456
67904.41144
67852.10902
67799.30613
67745.99408
67692.16757
67637.83855
67583.01004
67527.70468
67471.92817
67415.71837
67359.08906
67302.06593
67244.7034
67187.0374
67129.10223
67070.9532
67012.65505
66954.25357
66895.79528
66837.3751
66779.04945
66720.90055
66662.97349
66605.35381
66548.13519
66491.38329
66435.22705
66379.72787
66324.95754
66271.04027
66218.06645
66166.14991
66115.38896
66065.899
66017.82306
65971.23826
65926.26278
65882.98549
65841.51012
65801.96289
65764.49123
65729.16641
65696.14312
65665.64392
65637.78231
65612.4498
65589.88281
65570.18289
65553.52955
65540.0077
65529.81617
65522.99921
65519.58399
65519.92399
65523.98725
65532.06872
65544.26974
65560.70566
65581.23011
65606.25255
65635.53076
65669.30835
65707.85419
65751.25011
65799.61876
65853.08723
65911.87901
65975.84291
66045.11254
66119.88539
66200.41486
66286.42299
66378.13918
66475.65478
66579.23995
66688.71064
66804.21113
66926.03259
67054.03181
67188.21159
67328.71469
67475.69798
67629.05095
67789.03265
67955.43936
68128.27074
68308.12717
68494.48641
68687.34478
68887.4127
69093.98091
69307.16513
69527.29707
69754.17279
69987.79759
70228.40311
70475.75715
70729.93778
70991.03901
71258.66368
71533.07903
71814.43384
72102.5511
72397.38805
72698.72727
73006.62456
73321.27171
73642.35183
73970.09514
74304.43241
74645.0465
74992.02243
75345.28567
75704.77094
76070.39707
76442.12581
76819.99825
77203.71079
77593.25277
77988.66992
78389.75009
78796.48649
79208.66829
79626.32296
80049.21557
80477.46873
80910.84126
81349.23926
81792.52831
82240.5769
82693.31983
83150.69075
83612.46193
84078.5187
84548.77657
85023.17318
85501.46297
85983.57932
86469.42496
86958.89836
87451.70117
87947.68956
88446.88122
88949.12186
89454.23902
89962.01128
90472.29093
90985.07803
91500.05626
92017.20306
92536.27962
93057.14165
93579.65458
94103.67296
94629.04352
95155.59513
95683.2102
96211.71225
96740.90568
97270.65441
97800.81615
98331.21008
98861.65841
99391.98266
99922.05503
100451.7437
100980.8548
101509.2623
102036.8071
102563.3046
103088.596
103612.5535
104135.0194
104655.8756
105174.9343
105692.0661
106206.9882
106719.839
107230.2077
107738.0838
108243.294
108745.6389
109245.0543
109741.4255
110234.5894
110724.2598
111210.5464
111693.2143
112172.0746
112647.0366
113117.98
113584.7532
114047.3293
114505.5394
114959.2374
115408.3056
115852.6663
116292.2625
116726.8028
117156.3293
117580.756
117999.8651
118413.6746
118822.017
119224.84
119622.0192
120013.3594
120399.1719
120779.0261
121152.7816
121520.6861
121882.4825
122238.0651
122587.2187
122930.3476
123266.9569
123597.1855
123920.8855
124237.923
124548.5512
124852.5687
125149.8991
125440.5877
125724.4068
126001.4008
126271.5421
126534.9614
126791.4747
127041.2104
127284.0112
127519.6999
127748.5497
127970.506
128185.4777
128393.4101
128594.4944
128788.4961
128975.5608
129155.5881
129328.7448
129495.0666
129654.3932
129806.8975
129952.4559
130091.1542
130223.0683
130348.051
130466.3497
130577.9186
130682.7729
130780.9931
130872.4013
130957.3665
131035.8862
131107.8088
131173.3445
131232.395
131285.1419
131331.7309
131372.1773
131406.5406
131434.8325
131456.9562
131473.2699
131483.8559
131488.6122
131487.7336
131481.2985
131469.1743
131451.5913
131428.5217
131400.0031
131366.0699
131326.7888
131282.2423
131232.5715
131177.8451
131118.0084
131053.1624
130983.3299
130908.8198
130829.6697
130745.8934
130657.5838
130564.8379
130467.743
130366.3852
130260.8557
130151.2445
130037.6409
129920.1353
129798.8181
129673.7809
129545.1153
129412.9136
129277.2685
129138.2722
128996.0176
128850.5972
128702.105
128550.6427
128396.293
128239.1774
128079.3524
127916.814
127751.7583
127584.3345
127414.5552
127242.5088
127068.2884
126891.9538
126713.678
126533.5535
126351.5462
126167.8078
125982.4466
125795.5495
125607.1527
125417.3481
125226.2623
125033.9697
124840.5212
124645.9978
124450.4766
124254.0912
124056.8594
123858.8575
123660.176
123460.9046
123261.0979
123060.8354
122860.198
122659.243
122458.0365
122256.65
122055.1495
121853.6039
121652.0771
121450.6379
121249.3413
121048.2531
120847.4286
120646.9197
120446.7778
120247.064
120047.8321
119849.1416
119651.0199
119453.5382
119256.7231
119060.6546
118865.3655
118670.8781
118477.2428
118284.4906
118092.6904
117901.8799
117712.0736
117523.3216
117335.6659
117149.1168
116963.7389
116779.5241
116596.527
116414.7837
116234.3384
116055.1886
115877.3568
115700.8934
115525.8095
115352.0871
115179.8153
115008.9701
114839.575
114671.6765
114505.2769
114340.4043
114177.0305
114015.1837
113854.8932
113696.1793
113539.0588
113383.5049
113229.5781
113077.2539
112926.5065
112777.3971
112629.9171
112484.0819
112339.8743
112197.2846
112056.3464
111917.0662
111779.3939
111643.3466
111508.9824
111376.2473
111245.1613
111115.7149
110987.8785
110861.7256
110737.1816
110614.2378
110492.9009
110373.1551
110255.0513
110138.5442
110023.6306
109910.2782
109798.5115
109688.2924
109579.6264
109472.504
109366.904
109262.8262
109160.2812
109059.2043
108959.6304
108861.5343
108764.874
108669.6792
108575.9023
108483.5826
108392.6582
108303.0955
108214.9756
108128.1872
108042.7482
107958.6673
107875.8754
107794.4131
107714.2373
107635.3375
107557.6985
107481.3071
107406.1374
107332.1706
107259.4487
107187.8828
107117.4739
107048.2162
106980.1132
106913.1025
106847.2077
106782.4041
106718.6689
106655.9821
106594.3313
106533.7309
106474.0948
106415.4591
106357.8058
106301.1364
106245.3812
106190.5441
106136.6323
106083.6228
106031.491
105980.2327
105929.8067
105880.2186
105831.4668
105783.5093
105736.3487
105689.9583
105644.334
105599.4569
105555.3081
105511.8815
105469.1645
105427.1444
105385.7936
105345.1208
105305.0785
105265.688
105226.9373
105188.7823
105151.2406
105114.2958
105077.9051
105042.0874
105006.8339
104972.1213
104937.939
104904.2761
104871.1217
104838.4737
104806.3057
104774.6048
104743.3885
104712.6147
104682.2875
104652.3968
104622.9368
104593.9002
104565.2706
104537.0391
104509.199
104481.7459
104454.6597
104427.9439
104401.5998
104375.599
104349.9259
104324.5928
104299.5708
104274.8705
104250.48
104226.3902
104202.6068
104179.1155
104155.9021
104132.9691
104110.3029
104087.905
104065.767
104043.8811
104022.239
104000.838
103979.6718
103958.7361
103938.0223
103917.5259
103897.2472
103877.1817
103857.3214
103837.6565
103818.1877
103798.9179
103779.8289
103760.9237
103742.2009
103723.6515
103705.2725
103687.0558
103669.0048
103651.1154
103633.3822
103615.8013
103598.3724
103581.0871
103563.9448
103546.9436
103530.0806
103513.3534
103496.7557
103480.2856
103463.9424
103447.7225
103431.6217
103415.6392
103399.7768
103384.0267
103368.3874
103352.8595
103337.438
103322.1195
103306.9031
103291.7875
103276.7702
103261.8497
103247.0256
103232.2931
103217.6523
103203.1019
103188.6387
103174.2625
103159.97
103145.7597
103131.6308
103117.5819
103103.6113
103089.7174
103075.8986
103062.154
103048.4815
103034.8797
103021.3477
103007.8848
102994.4896
102981.1598
102967.8943
102954.6927
102941.554
102928.4764
102915.458
102902.4989
102889.5973
102876.7524
102863.9635
102851.229
102838.548
102825.9192
102813.3413
102800.8135
102788.3365
102775.9074
102763.5261
102751.1919
102738.903
102726.6583
102714.4581
102702.3007
102690.1855
102678.1114
102666.0775
102654.0833
102642.1278
102630.2101
102618.3294
102606.4849
102594.6751
102582.8998
102571.1596
102559.4526
102547.7778
102536.1343
102524.5216
102512.9387
102501.3853
102489.861
102478.3645
102466.8954
102455.4528
102444.0364
102432.6449
102421.2774
102409.9347
102398.6157
102387.3192
102376.0448
102364.7913
102353.5592
102342.3475
102331.1553
102319.9825
102308.829
102297.693
102286.5743
102275.4725
102264.3872
102253.3181
102242.2641
102231.2255
102220.2012
102209.1908
102198.1938
102187.2096
102176.2382
102165.2791
102154.3319
102143.3955
102132.4704
102121.5556
102110.6509
102099.7559
102088.8705
102077.994
102067.1256
102056.266
102045.4144
102034.5703
102023.7333
102012.9034
102002.0802
101991.2633
101980.4525
101969.6475
101958.8479
101948.0535
101937.2639
101926.479
101915.6987
101904.9226
101894.1507
101883.3825
101872.6178
101861.8564
101851.0981
101840.3429
101829.5904
101818.8404
101808.093
101797.3476
101786.6043
101775.863
101765.1233
101754.3853
101743.6489
101732.9137
101722.1796
101711.4464
101700.7145
101689.9835
101679.2532
101668.5235
101657.7943
101647.0655
101636.337
101625.609
101614.8808
101604.1528
101593.4245
101582.6961
101571.9676
101561.239
101550.5099
101539.7803
101529.0503
101518.3197
101507.5886
101496.8572
101486.1249
101475.3919
101464.658
101453.9231
101443.1877
101432.4515
101421.7142
101410.9758
101400.2365
101389.496
101378.7544
101368.0117
101357.268
101346.5229
101335.7767
101325.0293
101314.2806
101303.5308
101292.7798
101282.0274
101271.2738
101260.519
101249.763
101239.0053
101228.2465
101217.4864
101206.7249
101195.9622
101185.1982
101174.433
101163.6664
101152.8986
101142.1296
101131.3594
101120.588
101109.8153
101099.0414
101088.2665
101077.4904
101066.7132
101055.9351
101045.1559
101034.3757
101023.5948
101012.8131
101002.0304
100991.247
100980.4629
100969.6779
100958.8923
100948.1063
100937.32
100926.5331
100915.746
100904.9585
100894.1709
100883.3832
100872.5956
100861.8083
100851.0213
100840.2344
100829.4481
100818.6624
100807.8772
100797.0927
100786.3094
100775.5271
100764.7459
100753.9661
100743.1876
100732.4107
100721.6356
100710.8624
100700.091
100689.3219
100678.5547
100667.7904
100657.0288
100646.2698
100635.5138
100624.7608
100614.0113
100603.2652
100592.5227
100581.7842
100571.0495
100560.3191
100549.593
100538.8715
100528.1545
100517.4426
100506.7356
100496.034
100485.338
100474.6476
100463.9628
100453.2839
100442.6114
100431.9451
100421.2854
100410.6327
100399.9866
100389.3475
100378.7158
100368.0915
100357.4749
100346.8661
100336.2651
100325.6718
100315.0869
100304.5106
100293.9428
100283.3838
100272.8334
100262.2919
100251.7597
100241.237
100230.7232
100220.2191
100209.7245
100199.2397
100188.7647
100178.2992
100167.8441
100157.3988
100146.9639
100136.539
100126.1243
100115.7199
100105.3261
100094.9427
100084.5694
100074.2068
100063.8546
100053.513
100043.1816
100032.8608
100022.5505
100012.2508
100001.9617
99991.68282
99981.41448
99971.15617
99960.90819
99950.67041
99940.44234
99930.22489
99920.0172
99909.81928
99899.63107
99889.45233
99879.28316
99869.12341
99858.97305
99848.83173
99838.6994
99828.57588
99818.46084
99808.35433
99798.25641
99788.16652
99778.08427
99768.01007
99757.94342
99747.88421
99737.83223
99727.78715
99717.74847
99707.71655
99697.691
99687.67168
99677.65812
99667.65021
99657.64773
99647.6501
99637.65739
99627.66987
99617.68668
99607.70773
99597.73277
99587.76166
99577.79406
99567.82942
99557.8677
99547.9091
99537.95297
99527.99922
99518.04766
99508.09791
99498.14964
99488.20284
99478.25723
99468.31256
99458.36851
99448.42528
99438.48235
99428.53957
99418.59666
99408.65363
99398.71018
99388.76605
99378.82108
99368.87522
99358.92839
99348.98049
99339.03095
99329.08014
99319.12763
99309.17349
99299.2175
99289.25954
99279.29957
99269.33753
99259.37306
99249.4066
99239.43774
99229.46651
99219.49309
99209.5172
99199.53876
99189.55751
99179.57419
99169.58825
99159.60025
99149.60991
99139.61713
99129.62227
99119.62538
99109.62642
99099.62525
99089.6222
99079.61739
99069.61082
99059.60293
99049.59382
99039.58355
99029.57239
99019.56044
99009.54805
98999.53507
98989.52202
98979.50924
98969.49681
98959.48471
98949.47362
98939.46365
98929.45546
98919.449
98909.44447
98899.44246
98889.44323
98879.44689
98869.45402
98859.46524
98849.48037
98839.50004
98829.52457
98819.55438
98809.58969
98799.63109
98789.67913
98779.73388
98769.79601
98759.86572
98749.94369
98740.03027
98730.12558
98720.23018
98710.34461
98700.46946
98690.60491
98680.75105
98670.90898
98661.0788
98651.26097
98641.45583
98631.66413
98621.88603
98612.12157
98602.3719
98592.63715
98582.91765
98573.21389
98563.52614
98553.85502
98544.20064
98534.56356
98524.94407
98515.3427
98505.75988
98496.19577
98486.65065
98477.12515
98467.61999
98458.13455
98448.66956
98439.22552
98429.80315
98420.4025
98411.02301
98401.66528
98392.32996
98383.01768
98373.7277
98364.46063
98355.2179
98345.9982
98336.80173
98327.62925
98318.48149
98309.35825
98300.25926
98291.18576
98282.13716
98273.11275
98264.11441
98255.1406
98246.19219
98237.27039
98228.37394
98219.50349
98210.65887
98201.8403
98193.04765
98184.28067
98175.53911
98166.8246
98158.13635
98149.47386
98140.83878
98132.23017
98123.64722
98115.09046
98106.55968
98098.05587
98089.57782
98081.12573
98072.70031
98064.30074
98055.92763
98047.58079
98039.25976
98030.96531
98022.69643
98014.45308
98006.23536
97998.04284
97989.87592
97981.73523
97973.62028
97965.53012
97957.46505
97949.42537
97941.41011
97933.42029
97925.45546
97917.515
97909.5998
97901.7086
97893.84058
97885.99812
97878.17998
97870.38543
97862.61487
97854.86806
97847.14477
97839.44499
97831.76922
97824.11622
97816.48643
97808.87916
97801.29493
97793.73342
97786.19471
97778.6789
97771.18545
97763.71392
97756.26405
97748.83644
97741.43113
97734.04759
97726.68511
97719.34408
97712.02412
97704.7256
97697.4481
97690.19182
97682.95584
97675.74055
97668.54542
97661.37128
97654.21731
97647.08368
97639.97018
97632.87636
97625.80157
97618.74638
97611.71096
97604.69455
97597.69613
97590.7177
97583.75833
97576.81758
97569.89574
97562.99177
97556.10568
97549.23812
97542.38848
97535.55639
97528.7421
97521.94483
97515.16506
97508.40264
97501.65674
97494.92847
97488.21641
97481.52139
97474.84259
97468.17906
97461.53206
97454.90114
97448.2856
97441.68575
97435.10127
97428.5317
97421.97638
97415.43647
97408.91192
97402.40146
97395.90502
97389.4229
97382.95519
97376.50111
97370.06044
97363.63325
97357.21943
97350.81875
97344.43098
97338.05592
97331.69386
97325.34436
97319.00709
97312.68187
97306.36868
97300.06743
97293.77796
97287.49998
97281.23369
97274.97881
97268.73482
97262.50132
97256.27905
97250.06775
97243.86736
97237.67737
97231.49779
97225.32861
97219.16924
97213.02014
97206.88121
97200.75254
97194.6337
97188.52434
97182.42472
97176.33509
97170.25488
97164.18417
97158.12283
97152.07123
97146.02941
97139.99647
97133.9729
97127.95871
97121.95408
97115.95868
97109.97259
97103.99585
97098.02838
97092.0706
97086.12216
97080.18344
97074.25417
97068.33464
97062.42465
97056.52424
97050.63369
97044.75308
97038.88235
97033.02167
97027.17112
97021.33104
97015.50122
97009.68177
97003.87281
96998.07462
96992.2874
96986.51096
96980.74553
96974.99102
96969.24815
96963.51661
96957.79682
96952.08937
96946.39372
96940.70997
96935.03893
96929.38068
96923.73495
96918.10192
96912.48196
96906.87536
96901.28261
96895.70375
96890.13824
96884.58677
96879.04972
96873.52732
96868.01947
96862.52663
96857.04855
96851.58557
96846.13816
96840.70655
96835.29074
96829.89098
96824.50737
96819.13998
96813.78939
96808.4559
96803.13919
96797.83986
96792.55781
96787.29351
96782.04713
96776.81891
96771.60904
96766.41752
96761.24442
96756.09
96750.95484
96745.83873
96740.74159
96735.66405
96730.60635
96725.56844
96720.55057
96715.55299
96710.57563
96705.61891
96700.68245
96695.76659
96690.8718
96685.9978
96681.14536
96676.31444
96671.50458
96666.7164
96661.94982
96657.20529
96652.483
96647.78275
96643.10468
96638.44878
96633.81518
96629.20437
96624.61636
96620.05092
96615.50827
96610.98882
96606.49231
96602.01922
96597.56919
96593.14252
96588.73941
96584.35977
96580.00386
96575.67164
96571.36309
96567.07821
96562.81721
96558.58036
96554.36749
96550.17862
96546.0135
96541.87321
96537.75749
96533.66603
96529.5987
96525.55554
96521.53731
96517.54347
96513.57446
96509.63077
96505.71155
96501.81737
96497.94764
96494.10289
96490.28348
96486.48849
96482.71801
96478.97353
96475.25428
96471.56034
96467.89179
96464.24859
96460.63044
96457.03798
96453.47085
96449.92941
96446.41318
96442.92194
96439.45607
96436.01654
96432.60324
96429.21543
96425.85253
96422.5161
96419.20611
96415.92166
96412.66272
96409.42893
96406.22184
96403.04119
96399.88618
96396.7566
96393.65374
96390.57693
96387.52605
96384.50125
96381.50256
96378.53002
96375.58352
96372.66295
96369.7685
96366.90012
96364.05758
96361.24123
96358.45092
96355.68645
96352.94701
96350.2346
96347.54821
96344.8872
96342.25237
96339.64324
96337.05893
96334.50092
96331.96826
96329.46093
96326.97946
96324.52392
96322.09265
96319.68648
96317.3051
96314.94848
96312.61691
96310.30993
96308.027
96305.76808
96303.5341
96301.32358
96299.13691
96296.97482
96294.83614
96292.72055
96290.62764
96288.55812
96286.51146
96284.48767
96282.48627
96280.50674
96278.5488
96276.61287
96274.69848
96272.80499
96270.93253
96269.0816
96267.25126
96265.44093
96263.65108
96261.88148
96260.13184
96258.40122
96256.68945
96254.99696
96253.32382
96251.66917
96250.03209
96248.4138
96246.81334
96245.23075
96243.66551
96242.11745
96240.58702
96239.07366
96237.57659
96236.09611
96234.63263
96233.18543
96231.75425
96230.33929
96228.94036
96227.55724
96226.18963
96224.83759
96223.50131
96222.18044
96220.87516
96219.58557
96218.31111
96217.05195
96215.8083
96214.5799
96213.36684
96212.16907
96210.98674
96209.81993
96208.66864
96207.53262
96206.41257
96205.30794
96204.21909
96203.1462
96202.08932
96201.04838
96200.0237
96199.01555
96198.02407
96197.04912
96196.09083
96195.14969
96194.22551
96193.31887
96192.42936
96191.5576
96190.7035
96189.86712
96189.04899
96188.24965
96187.46864
96186.70589
96185.96175
96185.237
96184.53175
96183.84618
96183.17977
96182.53315
96181.90627
96181.29974
96180.71331
96180.14705
96179.60154
96179.07699
96178.5737
96178.09104
96177.62959
96177.18951
96176.77051
96176.37264
96175.99768
96175.64461
96175.31312
96175.00314
96174.71559
96174.45003
96174.20734
96173.98732
96173.7901
96173.61501
96173.46268
96173.33267
96173.22557
96173.14125
96173.08005
96173.04146
96173.02492
96173.02977
96173.05619
96173.10518
96173.17715
96173.2719
96173.38982
96173.53063
96173.69474
96173.88214
96174.09265
96174.32667
96174.58382
96174.86508
96175.16907
96175.49702
96175.84878
96176.22378
96176.62287
96177.04572
96177.49268
96177.96364
96178.45779
96178.97592
96179.51873
96180.08539
96180.67557
96181.29022
96181.92899
96182.59157
96183.27873
96183.99082
96184.72671
96185.48725
96186.27197
96187.08044
96187.91369
96188.77134
96189.65441
96190.56197
96191.49399
96192.45095
96193.4323
96194.43779
96195.46895
96196.52559
96197.60667
96198.71251
96199.84338
96200.99928
96202.18073
96203.38699
96204.6183
96205.87476
96207.15672
96208.46447
96209.79708
96211.15507
96212.53914
96213.94882
96215.38377
96216.8443
96218.33117
96219.84353
96221.38213
96222.94682
96224.53692
96226.15353
96227.79603
96229.46485
96231.15985
96232.8814
96234.62926
96236.4033
96238.2044
96240.03208
96241.88601
96243.76678
96245.67452
96247.60904
96249.57056
96251.55915
96253.5748
96255.61759
96257.68812
96259.78603
96261.91117
96264.06294
96266.24287
96268.44997
96270.685
96272.9478
96275.23792
96277.55582
96279.90171
96282.27541
96284.67727
96287.10702
96289.56452
96292.05003
96294.56376
96297.10536
96299.67549
96302.27363
96304.90004
96307.55483
96310.23775
96312.94862
96315.68741
96318.4549
96321.25067
96324.07472
96326.92685
96329.80723
96332.71608
96335.65299
96338.61789
96341.61089
96344.6322
96347.68175
96350.75924
96353.86504
96356.99875
96360.16029
96363.3498
96366.56716
96369.81231
96373.08539
96376.38645
96379.71487
96383.07085
96386.45441
96389.8657
96393.30429
96396.77003
96400.26314
96403.7835
96407.33115
96410.906
96414.50786
96418.1367
96421.7928
96425.47563
96429.1856
96432.9221
96436.68528
96440.47522
96444.29159
96448.13402
96452.00289
96455.89798
96459.81939
96463.76668
96467.74006
96471.73944
96475.76481
96479.81598
96483.89267
96487.99484
96492.12288
96496.27659
96500.45562
96504.65976
96508.88939
96513.14374
96517.42292
96521.72766
96526.05748
96530.41179
96534.79053
96539.1936
96543.62163
96548.07415
96552.55116
96557.05213
96561.57773
96566.1279
96570.70188
96575.29972
96579.92235
96584.56832
96589.23837
96593.93212
96598.64977
96603.39133
96608.15642
96612.94482
96617.75778
96622.59389
96627.45263
96632.3359
96637.2428
96642.1728
96647.12656
96652.10365
96657.10411
96662.12819
96667.1756
96672.24661
96677.34099
96682.45867
96687.59989
96692.76467
96697.95265
96703.16402
96708.39902
96713.65753
96718.93955
96724.24496
96729.57391
96734.92648
96740.30251
96745.70225
96751.12559
96756.57176
96762.04185
96767.53588
96773.05339
96778.59377
96784.15759
96789.74523
96795.35637
96800.99128
96806.64946
96812.33105
96818.03591
96823.76428
96829.51571
96835.29067
96841.08861
96846.90984
96852.75382
96858.62075
96864.51099
96870.42382
96876.35907
96882.31722
96888.29826
96894.30182
96900.32708
96906.37446
96912.44408
96918.5356
96924.64929
96930.78435
96936.94119
96943.11928
96949.31896
96955.53895
96961.78035
96968.04256
96974.32543
96980.62874
96986.95201
96993.29609
96999.65954
97006.0431
97012.4466
97018.86949
97025.31157
97031.77292
97038.25304
97044.75251
97051.27072
97057.80709
97064.36203
97070.93532
97077.52661
97084.13631
97090.76372
97097.40856
97104.07129
97110.75188
97117.44963
97124.16512
97130.89769
97137.64775
97144.41478
97151.19968
97158.00078
97164.81854
97171.65392
97178.50606
97185.37522
97192.26105
97199.16347
97206.08321
97213.01961
97219.97263
97226.94276
97233.92984
97240.93393
97247.95448
97254.99246
97262.04717
97269.11881
97276.20748
97283.31302
97290.43558
97297.57512
97304.7318
97311.90548
97319.09606
97326.30413
97333.52977
97340.77232
97348.032
97355.30889
97362.60311
97369.91427
97377.24292
97384.58866
97391.95138
97399.33115
97406.72814
97414.14201
97421.57279
97429.02023
97436.48454
97443.96558
97451.46279
97458.97668
97466.50689
97474.05291
97481.6154
97489.19346
97496.78746
97504.39703
97512.02239
97519.66337
97527.31939
97534.99044
97542.67656
97550.37737
97558.0927
97565.82274
97573.56732
97581.32603
97589.09873
97596.88572
97604.68663
97612.50153
97620.33026
97628.17298
97636.02938
97643.89986
97651.78414
97659.68197
97667.5938
97675.51968
97683.45972
97691.41384
97699.38225
97707.36529
97715.36292
97723.37521
97731.4029
97739.44588
97747.5044
97755.57906
97763.66988
97771.77682
97779.90071
97788.04166
97796.20009
97804.37604
97812.56997
97820.78249
97829.01393
97837.26442
97845.53436
97853.82383
97862.1332
97870.46291
97878.81325
97887.18438
97895.57666
97903.99
97912.4247
97920.88091
97929.35876
97937.85837
97946.37999
97954.92313
97963.48833
97972.07517
97980.68364
97989.31387
97997.9654
98006.63834
98015.33198
98024.04668
98032.78206
98041.53792
98050.31353
98059.10877
98067.92335
98076.75702
98085.60934
98094.47977
98103.3683
98112.27392
98121.1964
98130.13558
98139.09089
98148.06184
98157.04803
98166.04938
98175.06528
98184.09516
98193.13913
98202.19645
98211.26669
98220.34985
98229.4452
98238.55282
98247.67272
98256.80453
98265.94775
98275.10221
98284.26816
98293.44514
98302.63279
98311.83127
98321.04059
98330.26048
98339.4907
98348.7315
98357.98285
98367.24466
98376.51675
98385.79928
98395.09242
98404.39578
98413.70944
98423.03338
98432.36794
98441.71277
98451.06749
98460.43311
98469.80921
98479.19579
98488.59244
98497.99979
98507.4176
98516.8458
98526.2846
98535.73364
98545.19325
98554.66348
98564.14426
98573.63544
98583.13722
98592.64958
98602.17263
98611.70651
98621.25124
98630.80653
98640.37243
98649.94961
98659.53796
98669.13771
98678.74899
98688.37171
98698.00606
98707.65214
98717.31037
98726.98042
98736.66286
98746.358
98756.06596
98765.78649
98775.52024
98785.26735
98795.02762
98804.80166
98814.58949
98824.39108
98834.20678
98844.03647
98853.88083
98863.73963
98873.61304
98883.50132
98893.40454
98903.32275
98913.2556
98923.20335
98933.16598
98943.14349
98953.13588
98963.14318
98973.16515
98983.20195
98993.25334
99003.31933
99013.39919
99023.49299
99033.60095
99043.72291
99053.85865
99064.00768
99074.16974
99084.34517
99094.53314
99104.73357
99114.94626
99125.17119
99135.40815
99145.65657
99155.91658
99166.18764
99176.46986
99186.76306
99197.06674
99207.3809
99217.70529
99228.03938
99238.38323
99248.73717
99259.10029
99269.47291
99279.8546
99290.24478
99300.64392
99311.05147
99321.46756
99331.8919
99342.32433
99352.7648
99363.21265
99373.66803
99384.13069
99394.60045
99405.07697
99415.56041
99426.04989
99436.54553
99447.04718
99457.55435
99468.06684
99478.58459
99489.10688
99499.63425
99510.16579
99520.70136
99531.24052
99541.78313
99552.32858
99562.877
99573.42782
99583.98076
99594.53545
99605.0915
99615.6489
99626.20698
99636.76568
99647.32448
99657.88337
99668.44157
99678.99928
99689.55597
99700.11127
99710.66495
99721.21696
99731.767
99742.31469
99752.85993
99763.40268
99773.94249
99784.4794
99795.01332
99805.54384
99816.07081
99826.59415
99837.11388
99847.63012
99858.14269
99868.65166
99879.15674
99889.65794
99900.15524
99910.64835
99921.13746
99931.62233
99942.10303
99952.57965
99963.05198
99973.51986
99983.98329
99994.44232
100004.8966
100015.3459
100025.7903
100036.2296
100046.6637
100057.092
100067.5144
100077.9309
100088.3408
100098.7439
100109.1397
100119.5279
100129.9082
100140.2802
100150.6432
100160.9971
100171.3412
100181.6749
100191.9981
100202.3101
100212.6104
100222.8984
100233.1738
100243.4363
100253.6852
100263.9205
100274.1415
100284.3484
100294.5405
100304.7178
100314.8806
100325.0284
100335.1613
100345.2793
100355.383
100365.4726
100375.5486
100385.6111
100395.6607
100405.6979
100415.7234
100425.7384
100435.7436
100445.7398
100455.7281
100465.7092
100475.6843
100485.6553
100495.6227
100505.5873
100515.5507
100525.5138
100535.4776
100545.4431
100555.4117
100565.3841
100575.3613
100585.3442
100595.3334
100605.33
100615.3344
100625.3472
100635.3687
100645.3993
100655.439
100665.4884
100675.5472
100685.6147
100695.6912
100705.7762
100715.8689
100725.9688
100736.0752
100746.187
100756.3035
100766.4237
100776.5461
100786.6699
100796.7933
100806.9152
100817.0342
100827.1484
100837.2564
100847.3567
100857.4478
100867.5284
100877.5967
100887.6517
100897.6916
100907.7149
100917.7203
100927.7063
100937.672
100947.6162
100957.5374
100967.4341
100977.3054
100987.1503
100996.9675
101006.7562
101016.5153
101026.2434
101035.9396
101045.603
101055.2324
101064.8274
101074.3865
101083.9091
101093.3944
101102.8409
101112.2481
101121.6148
101130.9405
101140.2244
101149.4654
101158.6628
101167.8161
101176.9247
101185.9883
101195.0058
101203.9773
101212.9023
101221.7812
101230.6136
101239.3996
101248.1399
101256.8342
101265.4837
101274.0886
101282.6501
101291.1692
101299.6469
101308.0847
101316.4842
101324.8472
101333.1756
101341.4709
101349.7355
101357.9712
101366.1802
101374.3653
101382.5286
101390.6725
101398.7991
101406.9107
101415.0103
101423.0999
101431.1813
101439.2568
101447.3283
101455.3973
101463.4658
101471.535
101479.6058
101487.6796
101495.757
101503.8384
101511.9245
101520.0151
101528.1102
101536.2093
101544.3121
101552.4172
101560.5238
101568.63
101576.7344
101584.8356
101592.9312
101601.0192
101609.0975
101617.1637
101625.2151
101633.2496
101641.2648
101649.2583
101657.2282
101665.1719
101673.0876
101680.9737
101688.8285
101696.6509
101704.4392
101712.1928
101719.9112
101727.5939
101735.2411
101742.8529
101750.4304
101757.9739
101765.4848
101772.9644
101780.4145
101787.8372
101795.2344
101802.6084
101809.9617
101817.2971
101824.617
101831.9243
101839.2219
101846.5123
101853.7985
101861.0835
101868.3695
101875.6586
101882.9532
101890.2554
101897.5675
101904.8912
101912.2278
101919.5792
101926.9464
101934.3302
101941.7312
101949.15
101956.5861
101964.04
101971.5107
101978.9973
101986.4991
101994.014
102001.5411
102009.0781
102016.6228
102024.1731
102031.726
102039.2784
102046.8269
102054.3682
102061.8987
102069.4151
102076.9139
102084.3906
102091.842
102099.2648
102106.655
102114.0091
102121.3241
102128.5965
102135.8235
102143.0021
102150.1302
102157.2056
102164.2265
102171.1914
102178.0985
102184.9475
102191.7379
102198.4694
102205.142
102211.7568
102218.3141
102224.815
102231.2612
102237.6539
102243.9953
102250.2871
102256.5317
102262.7312
102268.8882
102275.0044
102281.0829
102287.1258
102293.1352
102299.1134
102305.0622
102310.9838
102316.88
102322.7521
102328.6015
102334.4295
102340.2368
102346.024
102351.792
102357.5407
102363.2699
102368.9797
102374.6699
102380.34
102385.9894
102391.6172
102397.2225
102402.8042
102408.3615
102413.893
102419.3974
102424.8734
102430.3198
102435.7353
102441.1187
102446.4686
102451.784
102457.0638
102462.3068
102467.5121
102472.6784
102477.8051
102482.8914
102487.9365
102492.9399
102497.9009
102502.8194
102507.6949
102512.5271
102517.3163
102522.0624
102526.7655
102531.4259
102536.0436
102540.6193
102545.1537
102549.6472
102554.1005
102558.5146
102562.8904
102567.2289
102571.5309
102575.7977
102580.0303
102584.2302
102588.3986
102592.5369
102596.6463
102600.7279
102604.7833
102608.8139
102612.8208
102616.805
102620.7677
102624.7106
102628.6342
102632.5399
102636.4284
102640.3008
102644.1581
102648.0008
102651.83
102655.6466
102659.4513
102663.2447
102667.0277
102670.8014
102674.5656
102678.3218
102682.0705
102685.8125
102689.5484
102693.2788
102697.004
102700.7248
102704.4417
102708.1554
102711.8652
102715.5717
102719.2748
102722.9743
102726.6696
102730.3607
102734.0467
102737.7267
102741.3992
102745.0635
102748.7186
102752.3631
102755.9958
102759.6151
102763.2201
102766.809
102770.3811
102773.9356
102777.4712
102780.9867
102784.4826
102787.9581
102791.4129
102794.8469
102798.2604
102801.6537
102805.027
102808.3807
102811.7152
102815.0306
102818.3275
102821.606
102824.8666
102828.1089
102831.3327
102834.5375
102837.7229
102840.8884
102844.0322
102847.1533
102850.25
102853.3205
102856.3633
102859.3754
102862.3555
102865.3013
102868.2104
102871.0811
102873.9113
102876.6987
102879.4423
102882.1406
102884.7923
102887.3971
102889.9542
102892.4634
102894.9248
102897.3384
102899.705
102902.0248
102904.2984
102906.5265
102908.7094
102910.8471
102912.9393
102914.9858
102916.9855
102918.9377
102920.841
102922.6936
102924.4941
102926.2411
102927.9328
102929.5684
102931.1477
102932.6714
102934.1405
102935.5575
102936.9254
102938.2479
102939.5306
102940.7785
102941.9975
102943.1935
102944.3719
102945.5375
102946.6938
102947.843
102948.9865
102950.124
102951.2532
102952.3716
102953.4754
102954.5604
102955.6223
102956.6576
102957.6635
102958.6391
102959.5849
102960.5023
102961.3934
102962.2631
102963.1162
102963.9564
102964.787
102965.61
102966.426
102967.2341
102968.0324
102968.8181
102969.5884
102970.3412
102971.076
102971.7944
102972.4996
102973.197
102973.8929
102974.5942
102975.3078
102976.0399
102976.7952
102977.5768
102978.3855
102979.22
102980.0774
102980.9521
102981.837
102982.7229
102983.6
102984.4603
102985.2998
102986.1191
102986.9262
102987.7356
102988.5783
102989.5109
102990.5305
102991.5938
102992.7258
102993.8103
102994.5464
102995.0423
102995.7061
102996.4846
102997.475
102998.6703
102999.4739
103000.2222
103001.5249
103003.1968
103004.3628
103005.2452
103006.4709
103007.686
103008.92
103010.58
103012.3427
103012.9263
103012.8495
103013.7561
103014.137
103014.8781
103011.7111
103006.4195
103002.6942
102994.0224
102983.757
102970.6604
102955.4251
102940.4357
102926.9837
102914.5253
102901.9366
102887.7192
102868.2475
102837.0382
102786.1326
102709.6833
102612.785
102505.0171
102365.827
102286.7833
102193.7633
101788.4397
101277.1111
100211.7916
101148.2708
100773.3959
100776.4613
100331.1995
100240.7817
100190.2818
100135.3237
100087.0517
100054.6948
100031.9298
100010.5849
99990.09193
99972.22022
99964.05394
99959.65517
99962.40583
99952.60194
99968.77104
99881.03213
99885.95082
99986.75314
99981.87174
99948.11651
99942.1768
99940.13298
99940.06761
99940.14092
99939.84939
99938.92383
99937.43174
99935.86068
99934.61104
99933.65608
99932.8303
99932.08209
99931.45425
99930.88024
99930.24433
99929.47091
99928.53395
99927.41279
99926.08399
99924.52975
99922.73917
99920.90093
99919.25898
99917.90537
99916.86744
99916.12959
99915.64507
99915.35128
99915.18113
99915.07154
99914.97597
99914.86305
99914.70571
99914.47245
99914.13795
99913.69576
99913.15565
99912.52712
99911.83849
99911.12505
99910.40624
99909.689
99908.96458
99908.21711
99907.42798
99906.5776
99905.64918
99904.63143
99903.52151
99902.32226
99901.10112
99899.98991
99899.03277
99898.24529
99897.62587
99897.15931
99896.82117
99896.58212
99896.41212
99896.28358
99896.174
99896.06889
99895.96039
99895.83799
99895.68884
99895.50074
99895.26419
99894.97362
99894.62743
99894.2273
99893.77699
99893.28098
99892.74313
99892.16587
99891.55009
99890.89592
99890.20365
99889.47274
99888.71632
99887.99778
99887.35667
99886.81179
99886.37344
99886.04345
99885.81613
99885.67934
99885.61483
99885.59815
99885.60643
99885.64555
99885.72214
99885.83392
99885.96667
99886.07853
99886.1523
99886.18949
99886.19932
99886.19328
99886.16437
99886.10224
99886.00001
99885.85349
99885.66105
99885.42357
99885.1442
99884.82764
99884.48098
99884.14317
99883.85389
99883.62686
99883.46903
99883.37922
99883.34611
99883.34511
99883.37452
99883.45158
99883.5882
99883.79121
99884.0622
99884.39811
99884.79172
99885.23235
99885.70823
99886.18303
99886.61928
99887.00963
99887.35087
99887.64266
99887.88716
99888.0887
99888.25351
99888.38913
99888.50389
99888.60612
99888.70304
99888.79909
99888.89743
99889.0032
99889.12337
99889.26598
99889.4396
99889.65282
99889.91373
99890.22941
99890.60548
99891.04573
99891.55173
99892.12257
99892.75477
99893.44218
99894.17619
99894.94722
99895.73907
99896.51154
99897.24541
99897.93597
99898.5813
99899.18202
99899.7411
99900.2635
99900.75579
99901.22555
99901.68075
99902.12866
99902.57461
99903.02149
99903.47335
99903.93617
99904.41712
99904.92403
99905.46489
99906.04731
99906.6781
99907.36288
99908.10565
99908.90854
99909.77154
99910.69237
99911.66646
99912.68708
99913.74559
99914.83302
99915.92628
99916.99238
99918.02332
99919.01627
99919.97079
99920.88855
99921.7731
99922.62951
99923.46397
99924.2832
99925.09373
99925.90099
99926.70803
99927.51757
99928.33403
99929.16305
99930.01101
99930.88459
99931.7903
99932.73415
99933.72125
99934.75551
99935.83938
99936.97363
99938.15717
99939.38706
99940.65849
99941.96484
99943.29892
99944.64954
99945.98828
99947.29984
99948.58105
99949.83089
99951.05019
99952.2414
99953.40837
99954.55595
99955.68959
99956.81474
99957.93618
99959.05695
99960.17903
99961.30566
99962.4412
99963.5907
99964.75949
99965.95286
99967.1757
99968.43225
99969.72579
99971.05843
99972.43097
99973.84275
99975.29162
99976.77394
99978.28471
99979.81799
99981.36688
99982.91233
99984.43902
99985.94459
99987.42857
99988.89196
99990.33698
99991.7668
99993.18525
99994.5964
99996.00397
99997.41063
99998.81786
100000.2278
100001.6437
100003.0693
100004.5085
100005.9656
100007.4444
100008.9483
100010.4801
100012.0417
100013.6339
100015.2563
100016.9075
100018.5846
100020.2838
100022.0006
100023.7274
100025.4448
100027.1434
100028.821
100030.4767
100032.1109
100033.7253
100035.3224
100036.9057
100038.4788
100040.0456
100041.6095
100043.1728
100044.7368
100046.3037
100047.8762
100049.4579
100051.0524
100052.6631
100054.2933
100055.9457
100057.6224
100059.3245
100061.0522
100062.8046
100064.5798
100066.3746
100068.1855
100070.0064
100071.8192
100073.614
100075.3874
100077.1379
100078.8647
100080.5684
100082.2504
100083.9128
100085.5587
100087.1911
100088.8135
100090.4292
100092.0412
100093.652
100095.2626
100096.8744
100098.4891
100100.1087
100101.7355
100103.3716
100105.0185
100106.6774
100108.3487
100110.0321
100111.7264
100113.4303
100115.1377
100116.8352
100118.5173
100120.1808
100121.8235
100123.444
100125.0419
100126.6176
100128.1722
100129.7074
100131.2252
100132.7281
100134.2186
100135.6993
100137.1725
100138.6405
100140.1052
100141.5681
100143.0303
100144.4925
100145.955
100147.4184
100148.8838
100150.3497
100151.8108
100153.2624
100154.7004
100156.1205
100157.5187
100158.8916
100160.2362
100161.5503
100162.8325
100164.082
100165.2988
100166.4838
100167.6382
100168.764
100169.8633
100170.9387
100171.9927
100173.0278
100174.0461
100175.0495
100176.0392
100177.016
100177.98
100178.9307
100179.867
100180.7874
100181.6896
100182.5715
100183.4305
100184.264
100185.0695
100185.8448
100186.5879
100187.2971
100187.9713
100188.6096
100189.2117
100189.7775
100190.3072
100190.8013
100191.2605
100191.6853
100192.0762
100192.4339
100192.7586
100193.0504
100193.3093
100193.5349
100193.7269
100193.8849
100194.0087
100194.0987
100194.1563
100194.1855
100194.1938
100194.1908
100194.173
100194.1329
100194.0654
100193.9663
100193.8326
100193.662
100193.4524
100193.2025
100192.911
100192.577
100192.2
100191.7797
100191.316
100190.8094
100190.2602
100189.6694
100189.038
100188.3673
100187.6587
100186.9136
100186.1335
100185.32
100184.4743
100183.5977
100182.6911
100181.7553
100180.7908
100179.7977
100178.7758
100177.7248
100176.6439
100175.5323
100174.3889
100173.2128
100172.0028
100170.7579
100169.4773
100168.1604
100166.8068
100165.4165
100163.9897
100162.5271
100161.0297
100159.4988
100157.9359
100156.3427
100154.7213
100153.0734
100151.4011
100149.7063
100147.9906
100146.2554
100144.502
100142.7312
100140.9436
100139.1393
100137.3182
100135.4798
100133.6236
100131.7485
100129.8536
100127.9379
100126.0003
100124.0398
100122.0556
100120.047
100118.0138
100115.9557
100113.8731
100111.7663
100109.6362
100107.4837
100105.3101
100103.1169
100100.9053
100098.6772
100096.4339
100094.1769
100091.9077
100089.6274
100087.337
100085.0372
100082.7286
100080.4116
100078.0861
100075.752
100073.4091
100071.0569
100068.6949
100066.3226
100063.9394
100061.5449
100059.1388
100056.7207
100054.2907
100051.8488
100049.3953
100046.9308
100044.4558
100041.9711
100039.4777
100036.9765
100034.4686
100031.955
100029.4367
100026.9146
100024.3895
100021.8622
100019.3333
100016.8031
100014.2719
100011.74
100009.2073
100006.6738
100004.1393
100001.6038
99999.06714
99996.52913
99993.98974
99991.44899
99988.90695
99986.36383
99983.8213
99981.28097
99978.74373
99976.21039
99973.68171
99971.15836
99968.64092
99966.1299
99963.62572
99961.12874
99958.63925
99956.15756
99953.68391
99951.21859
99948.76193
99946.31427
99943.87606
99941.44781
99939.03008
99936.62355
99934.22894
99931.84706
99929.47873
99927.12481
99924.78615
99922.46359
99920.15791
99917.86982
99915.59992
99913.34871
99911.11656
99908.90371
99906.71023
99904.5361
99902.38112
99900.24503
99898.12744
99896.0279
99893.94591
99891.88096
99889.83255
99887.80023
99885.7836
99883.78235
99881.7963
99879.82535
99877.86956
99875.92909
99874.00425
99872.09545
99870.20319
99868.32806
99866.47069
99864.63177
99862.81195
99861.0119
99859.23222
99857.47344
99855.73602
99854.02031
99852.32654
99850.65484
99849.00521
99847.37756
99845.77167
99844.18726
99842.62398
99841.0814
99839.5591
99838.0566
99836.57348
99835.10931
99833.66371
99832.23635
99830.82697
99829.43536
99828.0614
99826.70501
99825.36619
99824.04498
99822.74148
99821.45581
99820.18811
99818.93854
99817.70728
99816.49446
99815.30025
99814.12479
99812.96819
99811.83057
99810.71204
99809.61271
99808.53269
99807.47214
99806.4312
99805.4101
99804.40908
99803.42845
99802.46857
99801.52988
99800.61286
99799.71809
99798.84616
99797.99774
99797.17353
99796.37427
99795.60072
99794.85363
99794.13375
99793.44178
99792.77842
99792.14434
99791.54014
99790.96636
99790.42344
99789.91175
99789.43161
99788.9833
99788.56707
99788.18307
99787.83139
99787.51209
99787.2252
99786.97071
99786.74853
99786.55846
99786.40024
99786.2735
99786.17763
99786.11141
99786.07237
99786.05578
99786.05228
99786.0591
99786.08149
99786.12464
99786.19202
99786.28616
99786.40887
99786.5615
99786.74509
99786.96039
99787.20799
99787.48837
99787.8019
99788.1489
99788.52967
99788.94448
99789.39357
99789.87713
99790.39534
99790.94833
99791.53617
99792.15893
99792.81658
99793.50908
99794.23635
99794.99825
99795.79461
99796.62523
99797.4899
99798.38837
99799.32041
99800.28577
99801.28423
99802.31558
99803.37965
99804.47632
99805.60548
99806.76711
99807.96122
99809.18788
99810.4472
99811.73936
99813.06455
99814.42301
99815.815
99817.24076
99818.70057
99820.19466
99821.72323
99823.28646
99824.88445
99826.51727
99828.18489
99829.88723
99831.62413
99833.39536
99835.20061
99837.03954
99838.91173
99840.81672
99842.75405
99844.7232
99846.72368
99848.75502
99850.81674
99852.90843
99855.02971
99857.18026
99859.35983
99861.56823
99863.80534
99866.07109
99868.3655
99870.68862
99873.04058
99875.42151
99877.8316
99880.27103
99882.74002
99885.23873
99887.76736
99890.32602
99892.91484
99895.53385
99898.18308
99900.86245
99903.57187
99906.31117
99909.08012
99911.87846
99914.70587
99917.56197
99920.44639
99923.35869
99926.29845
99929.2652
99932.2585
99935.2779
99938.32296
99941.39326
99944.4884
99947.608
99950.75172
99953.91924
99957.11028
99960.3246
99963.56198
99966.82224
99970.10525
99973.41089
99976.7391
99980.08983
99983.46306
99986.85883
99990.27717
99993.71816
99997.18188
100000.6685
100004.178
100007.7106
100011.2665
100014.8458
100018.4485
100022.0749
100025.7249
100029.3987
100033.0962
100036.8173
100040.562
100044.33
100048.1212
100051.9351
100055.7713
100059.6293
100063.5085
100067.4082
100071.3275
100075.2655
100079.2213
100083.1937
100087.1818
100091.1841
100095.1996
100099.2269
100103.2646
100107.3116
100111.3663
100115.4276
100119.4942
100123.5648
100127.6382
100131.713
100135.7861
100139.8563
100143.9232
100147.9865
100152.0459
100156.101
100160.1517
100164.1978
100168.2391
100172.2756
100176.307
100180.3334
100184.3544
100188.37
100192.38
100196.3842
100200.3824
100204.3741
100208.3591
100212.3369
100216.3069
100220.2687
100224.2214
100228.1644
100232.0968
100236.0176
100239.9259
100243.8205
100247.7002
100251.5637
100255.4097
100259.2367
100263.0433
100266.8278
100270.5886
100274.3241
100278.0326
100281.7122
100285.3612
100288.9779
100292.5603
100296.1066
100299.6151
100303.0838
100306.511
100309.8947
100313.2332
100316.5247
100319.7674
100322.9595
100326.0991
100329.1846
100332.214
100335.1857
100338.0978
100340.9486
100343.736
100346.4584
100349.1138
100351.7004
100354.216
100356.6588
100359.0268
100361.3178
100363.5298
100365.6606
100367.708
100369.67
100371.5442
100373.3285
100375.0206
100376.6184
100378.1196
100379.5221
100380.8238
100382.0226
100383.1165
100384.1034
100384.9817
100385.7497
100386.4059
100386.9494
100387.3803
100387.7001
100387.9137
100388.0316
100388.0737
100388.0742
100388.035
100387.9328
100387.7502
100387.4746
100387.0969
100386.6106
100386.011
100385.2945
100384.4583
100383.5005
100382.4194
100381.2137
100379.8825
100378.4249
100376.8403
100375.1282
100373.2882
100371.3199
100369.2231
100366.9976
100364.6434
100362.1603
100359.5482
100356.8073
100353.9376
100350.9392
100347.8123
100344.557
100341.1736
100337.6624
100334.0238
100330.2582
100326.366
100322.3478
100318.2043
100313.9361
100309.5439
100305.0288
100300.3915
100295.6333
100290.7551
100285.7582
100280.644
100275.4138
100270.0692
100264.6117
100259.0431
100253.365
100247.5793
100241.6879
100235.6927
100229.5959
100223.3995
100217.1057
100210.7167
100204.2347
100197.6621
100191.0012
100184.2545
100177.4243
100170.5131
100163.5235
100156.4581
100149.3194
100142.1101
100134.833
100127.4907
100120.0862
100112.6221
100105.1014
100097.5271
100089.9022
100082.2296
100074.5125
100066.7539
100058.9572
100051.1254
100043.2619
100035.3699
100027.4528
100019.5139
100011.5566
100003.5842
99995.60021
99987.6073
99979.6143
99971.63195
99963.66426
99955.71473
99947.78678
99939.88387
99932.00941
99924.16683
99916.35951
99908.5908
99900.86403
99893.18248
99885.54934
99877.96778
99870.44084
99862.9715
99855.56261
99848.21692
99840.93704
99833.72545
99826.58446
99819.51625
99812.52281
99805.60599
99798.76744
99792.00865
99785.33092
99778.73537
99772.22296
99765.79445
99759.45045
99753.19138
99747.01753
99740.929
99734.92577
99729.00767
99723.1744
99717.42554
99711.76055
99706.17881
99700.67957
99695.26202
99689.92526
99684.66835
99679.49025
99674.38991
99669.36623
99664.41808
99659.54431
99654.74379
99650.01535
99645.35788
99640.77027
99636.25147
99631.80047
99627.41632
99623.09817
99618.84525
99614.65688
99610.53252
99606.47175
99602.47428
99598.53998
99594.66889
99590.86121
99587.11735
99583.43787
99579.82356
99576.27539
99572.79457
99569.3825
99566.04078
99562.77126
99559.57598
99556.45718
99553.41734
99550.4591
99547.58533
99544.79908
99542.10359
99539.50225
99536.99865
99534.5965
99532.29965
99530.11208
99528.03787
99526.08121
99524.24634
99522.53757
99520.95923
99519.51564
99518.21105
99517.04959
99516.03512
99515.17112
99514.46029
99513.90369
99513.49952
99513.24033
99513.1086
99513.07081
99513.08363
99513.16221
99513.33946
99513.63793
99514.06896
99514.62983
99515.35916
99516.27736
99517.36729
99518.63689
99520.09083
99521.7323
99523.56443
99525.58988
99527.81091
99530.22967
99532.84816
99535.66814
99538.69103
99541.91794
99545.34975
99548.9871
99552.83044
99556.87996
99561.13565
99565.59728
99570.26441
99575.13636
99580.21229
99585.49115
99590.97169
99596.65253
99602.53208
99608.60861
99614.88027
99621.34505
99628.00083
99634.84537
99641.87633
99649.09128
99656.48768
99664.06293
99671.81435
99679.73919
99687.83462
99696.09777
99704.52568
99713.11536
99721.86375
99730.76773
99739.82412
99749.02969
99758.38115
99767.87514
99777.50825
99787.277
99797.17783
99807.20714
99817.36124
99827.6364
99838.02881
99848.5346
99859.14986
99869.87059
99880.69277
99891.61234
99902.62518
99913.72715
99924.9141
99936.18185
99947.52623
99958.94309
99970.4283
99981.97775
99993.58742
100005.2533
100016.9715
100028.7383
100040.5498
100052.4026
100064.2931
100076.2181
100088.1744
100100.159
100112.169
100124.2018
100136.255
100148.3261
100160.4132
100172.5142
100184.6275
100196.7514
100208.8844
100221.0254
100233.1732
100245.3267
100257.485
100269.6472
100281.8122
100293.9786
100306.1444
100318.3083
100330.4691
100342.6253
100354.7755
100366.9182
100379.0517
100391.174
100403.2834
100415.3776
100427.4547
100439.5124
100451.5484
100463.5605
100475.5463
100487.5035
100499.4298
100511.3227
100523.1801
100534.9997
100546.7792
100558.5165
100570.2094
100581.8558
100593.4535
100605.0004
100616.4944
100627.9331
100639.3142
100650.6352
100661.8931
100673.085
100684.2073
100695.2561
100706.2269
100717.1143
100727.9125
100738.6143
100749.2119
100759.696
100770.0561
100780.2803
100790.3552
100800.2657
100809.9951
100819.5247
100828.8344
100837.9021
100846.7038
100855.214
100863.4055
100871.2495
100878.7158
100885.7731
100892.3893
100898.5316
100904.1674
100909.2648
100913.7935
100917.7259
100921.0397
100923.7206
100925.7644
100927.1825
100928.0124
100928.3495
100928.2833
100927.6561
100926.2801
100924.0383
100920.8421
100916.613
100911.2752
100904.7516
100896.9621
100887.8226
100877.2444
100865.1336
100851.3912
100835.9128
100818.5884
100799.3027
100777.9353
100754.3604
100728.4478
100700.0628
100669.067
100635.3194
100598.6768
100558.9958
100516.1337
100469.9509
100420.3132
100367.0947
100310.1811
100249.4745
100184.8977
100116.401
100043.9694
99967.63198
99887.47286
99803.64563
99716.39186
99626.06353
99533.15104
99438.3201
99342.52033
99246.91963
99152.3743
99059.53439
98969.00867
98881.36723
98797.13184
98716.76717
98640.67479
98569.18949
98502.57721
98441.03556
98384.69566
98333.62655
98287.83817
98247.28764
98211.88436
98181.49698
98155.95582
98135.05977
98118.58026
98106.26206
98097.81886
98092.92793
98091.12479
98092.32225
98097.14244
98105.80761
98118.2208
98134.19458
98153.51729
98175.97454
98201.3573
98229.46497
98260.10653
98293.1007
98328.27568
98365.46869
98404.52532
98445.29895
98487.64998
98531.44526
98576.55739
98622.8641
98670.24757
98718.59375
98767.79163
98817.7324
98868.30822
98919.41082
98970.92953
99022.74796
99074.73432
99126.7362
99178.62673
99230.31784
99281.72523
99332.76512
99383.3541
99433.40913
99482.8475
99531.58679
99579.54503
99626.64083
99672.79342
99717.92284
99761.95017
99804.79777
99846.38959
99886.65143
99925.51141
99962.90037
99998.75232
100033.0048
100065.5994
100096.4828
100125.6065
100152.928
100178.4111
100202.0268
100223.7541
100243.5792
100261.4981
100277.5165
100291.6508
100303.9277
100314.386
100323.0793
100330.0756
100335.4596
100339.3358
100341.8393
100343.1412
100343.5151
100342.973
100341.1839
100337.9866
100333.3651
100327.3711
100320.0915
100311.634
100302.1194
100291.6779
100280.4462
100268.5669
100256.1878
100243.4639
100230.5719
100217.7044
100204.9831
100192.4806
100180.2587
100168.3711
100156.8634
100145.7738
100135.1327
100124.9639
100115.2843
100106.1051
100097.4318
100089.2648
100081.6004
100074.4309
100067.7452
100061.5294
100055.7675
100050.4415
100045.532
100041.0186
100036.8801
100033.095
100029.6417
100026.4988
100023.6451
100021.06
100018.7235
100016.6164
100014.7203
100013.0177
100011.4921
100010.1278
100008.9104
100007.826
100006.8622
100006.0071
100005.2499
100004.5807
100003.9904
100003.4705
100003.0136
100002.6127
100002.2616
100001.9546
100001.6867
100001.4533
100001.2502
100001.0739
100000.9211
100000.7888
100000.6745
100000.576
100000.4911
100000.4181
100000.3554
100000.3017
100000.2558
100000.2165
100000.183
100000.1545
100000.1302
100000.1097
100000.0922
100000.0774
100000.0649
100000.0544
100000.0455
100000.038
100000.0317
100000.0265
100000.022
100000.0183
100000.0152
100000.0126
100000.0105
100000.0087
100000.0072
100000.0059
100000.0049
100000.004
100000.0033
100000.0027
100000.0022
100000.0018
100000.0015
100000.0012
100000.001
100000.0008
100000.0006
100000.0005
100000.0004
100000.0003
100000.0003
100000.0002
100000.0002
100000.0001
100000.0001
100000.0001
100000.0001
100000
100000
100000
100000
100000
100000
100000
100000
100000
100000
100000
100000
100000
100000
100000
100000
100000
100000
100000
100000
100000
100000
100000
100000
100000
100000
100000
100000
100000
100000
100000
100000
100000
100000
100000
100000
100000
100000
100000
100000
100000
100000
100000
100000
100000
100000
100000
100000
100000
100000
100000
100000
100000
100000
100000
100000
100000
100000
100000
100000
100000
100000
100000
100000
100000
100000
100000
100000
100000
100000
100000
100000
100000
100000
100000
100000
100000
100000
100000
100000
100000
100000
100000
100000
100000
100000
100000
100000
100000
100000
100000
100000
100000
100000
100000
100000
100000
100000
100000
100000
100000
100000
100000
100000
100000
100000
100000
100000
100000
100000
100000
100000
100000
100000
100000
100000
100000
100000
100000
100000
100000
100000
100000
100000
100000
100000
100000
100000
100000
100000
100000
100000
100000
100000
100000
100000
100000
100000
100000
100000
100000
100000
100000
100000
100000
100000
100000
100000
100000
100000
100000
100000
100000
100000
100000
100000
100000
100000
100000
100000
100000
100000
100000
100000
100000
100000
100000
100000
100000
100000
100000
100000
100000
100000
100000
100000
100000
100000
100000
100000
100000
100000
100000
100000
100000
100000
100000
100000
100000
100000
100000
100000
100000
100000
100000
100000
100000
100000
100000
100000
100000
100000
100000
100000
100000
100000
100000
100000
100000
100000
100000
100000
100000
100000
100000
100000
100000
100000
100000
100000
100000
100000
100000
100000
100000
100000
100000
100000
100000
100000
100000
100000
100000
100000
100000
100000
100000
100000
100000
100000
100000
100000
100000
100000
100000
100000
100000
100000
100000
100000
100000
100000
100000
100000
100000
100000
100000
100000
100000
100000
100000
100000
100000
100000
100000
100000
100000
100000
100000
100000
100000
100000
100000
100000
100000
100000
100000
100000
100000
100000
100000
100000
100000
100000
100000
100000
100000
100000
100000
100000
100000
100000
100000
100000
100000
100000
100000
100000
100000
100000
100000
100000
100000
100000
100000
100000
100000
100000
100000
100000
100000
100000
100000
100000
100000
100000
100000
100000
100000
100000
100000
100000
100000
100000
100000
100000
100000
100000
100000
100000
100000
100000
100000
100000
100000
100000
100000
100000
100000
100000
100000
100000
100000
100000
100000
100000
100000
100000
100000
100000
100000
100000
100000
100000
100000
100000
100000
100000
100000
100000
100000
100000
100000
100000
100000
100000
100000
100000
100000
100000
100000
100000
100000
100000
100000
100000
100000
100000
100000
100000
100000
100000
100000
100000
100000
100000
100000
100000
100000
100000
100000
100000
100000
100000
100000
100000
100000
100000
100000
100000
100000
100000
100000
100000
100000
100000
100000
100000
100000
100000
100000
100000
100000
100000
100000
100000
100000
100000
100000
100000
100000
100000
100000
100000
100000
100000
100000
100000
100000
100000
100000
100000
100000
100000
100000
100000
100000
100000
100000
100000
100000
100000
100000
100000
100000
100000
100000
100000
100000
100000
100000
100000
100000
100000
100000
100000
100000
100000
100000
100000
100000
100000
100000
100000
100000
100000
100000
100000
100000
100000
100000
100000
100000
100000
100000
100000
100000
100000
100000
100000
100000
100000
100000
100000
100000
100000
100000
100000
100000
100000
100000
100000
100000
100000
100000
100000
100000
100000
100000
100000
100000
100000
100000
100000
100000
100000
100000
100000
100000
100000
100000
100000
100000
100000
100000
100000
100000
100000
100000
100000
100000
100000
100000
100000
100000
100000
100000
100000
100000
100000
100000
100000
100000
100000
100000
100000
100000
100000
100000
100000
100000
100000
100000
100000
100000
100000
100000
100000
100000
100000
100000
100000
100000
100000
100000
100000
100000
100000
100000
100000
100000
100000
100000
100000
100000
100000
100000
100000
100000
100000
100000
100000
100000
100000
100000
100000
100000
100000
100000
100000
100000
100000
100000
100000
100000
100000
100000
100000
100000
100000
100000
100000
100000
100000
100000
100000
100000
100000
100000
100000
100000
100000
100000
100000
100000
100000
100000
100000
100000
100000
100000
100000
100000
100000
100000
100000
100000
100000
100000
100000
100000
100000
100000
100000
100000
100000
100000
100000
100000
100000
100000
100000
100000
100000
100000
100000
100000
100000
100000
100000
100000
100000
100000
100000
100000
100000
100000
100000
100000
100000
100000
100000
100000
100000
100000
100000
100000
100000
100000
100000
100000
100000
100000
100000
100000
100000
100000
100000
100000
100000
100000
100000
100000
100000
100000
100000
100000
100000
100000
100000
100000
100000
100000
100000
100000
100000
100000
100000
100000
100000
100000
100000
100000
100000
100000
100000
100000
100000
100000
100000
100000
100000
100000
100000
100000
100000
100000
100000
100000
100000
100000
100000
100000
100000
100000
100000
100000
100000
100000
100000
100000
100000
100000
100000
100000
100000
100000
100000
100000
100000
100000
100000
100000
100000
100000
100000
100000
100000
100000
100000
100000
100000
100000
100000
100000
100000
100000
100000
100000
100000
100000
100000
100000
100000
100000
100000
100000
100000
100000
100000
100000
100000
100000
100000
100000
100000
100000
100000
100000
100000
100000
100000
100000
100000
100000
100000
100000
100000
100000
100000
100000
100000
100000
100000
100000
100000
100000
100000
100000
100000
100000
100000
100000
100000
100000
100000
100000
100000
100000
100000
100000
100000
100000
100000
100000
100000
100000
100000
100000
100000
100000
100000
100000
100000
100000
100000
100000
100000
100000
100000
100000
100000
100000
100000
100000
100000
100000
100000
100000
100000
100000
100000
100000
100000
100000
100000
100000
100000
100000
100000
100000
100000
100000
100000
100000
100000
100000
100000
100000
100000
100000
100000
100000
100000
100000
100000
100000
100000
100000
100000
100000
100000
100000
100000
100000
100000
100000
100000
100000
100000
100000
100000
100000
100000
100000
100000
100000
100000
100000
100000
100000
100000
100000
100000
100000
100000
100000
100000
100000
100000
100000
100000
100000
100000
100000
100000
100000
100000
100000
100000
100000
100000
100000
100000
100000
100000
100000
100000
100000
100000
100000
100000
100000
100000
100000
100000
100000
100000
100000
100000
100000
100000
100000
100000
100000
100000
100000
100000
100000
100000
100000
100000
100000
100000
100000
100000
100000
100000
100000
100000
100000
100000
100000
100000
100000
100000
100000
100000
100000
100000
100000
100000
100000
100000
100000
100000
100000
100000
100000
100000
100000
100000
100000
100000
100000
100000
100000
100000
100000
100000
100000
100000
100000
100000
100000
100000
100000
100000
100000
100000
100000
100000
100000
100000
100000
100000
100000
100000
100000
100000
100000
100000
100000
100000
100000
100000
100000
100000
100000
100000
100000
100000
100000
100000
100000
100000
100000
100000
100000
100000
100000
100000
100000
100000
100000
100000
100000
100000
100000
100000
100000
100000
100000
100000
100000
100000
100000
100000
100000
100000
100000
100000
100000
100000
100000
100000
100000
100000
100000
100000
100000
100000
100000
100000
100000
100000
100000
100000
100000
100000
100000
100000
100000
100000
100000
100000
100000
100000
100000
100000
100000
100000
100000
100000
100000
100000
100000
100000
100000
100000
100000
100000
100000
100000
100000
100000
100000
100000
100000
100000
100000
100000
100000
100000
100000
100000
100000
100000
100000
100000
100000
100000
100000
100000
100000
100000
100000
100000
100000
100000
100000
100000
100000
100000
100000
100000
100000
100000
100000
100000
100000
100000
100000
100000
100000
100000
100000
100000
100000
100000
100000
100000
100000
100000
100000
100000
100000
100000
100000
100000
100000
100000
100000
100000
100000
100000
100000
100000
100000
100000
100000
100000
100000
100000
100000
100000
100000
100000
100000
100000
100000
100000
100000
100000
100000
100000
100000
100000
100000
100000
100000
100000
100000
100000
100000
100000
100000
100000
100000
100000
100000
100000
100000
100000
100000
100000
100000
100000
100000
100000
100000
100000
100000
100000
100000
100000
100000
100000
100000
100000
100000
100000
100000
100000
100000
100000
100000
100000
100000
100000
100000
100000
100000
100000
100000
100000
100000
100000
100000
100000
100000
100000
100000
100000
100000
100000
100000
100000
100000
100000
100000
100000
100000
100000
100000
100000
100000
100000
100000
100000
100000
100000
100000
100000
100000
100000
100000
100000
100000
100000
100000
100000
100000
100000
100000
100000
100000
100000
100000
100000
100000
100000
100000
100000
100000
100000
100000
100000
100000
100000
100000
100000
100000
100000
100000
100000
100000
100000
100000
100000
100000
100000
100000
100000
100000
100000
100000
100000
100000
100000
100000
100000
100000
100000
100000
100000
100000
100000
100000
100000
100000
100000
100000
100000
100000
100000
100000
100000
100000
100000
100000
100000
100000
100000
100000
100000
100000
100000
100000
100000
100000
100000
100000
100000
100000
100000
100000
100000
100000
100000
100000
100000
100000
100000
100000
100000
100000
100000
100000
100000
100000
100000
100000
100000
100000
100000
100000
100000
100000
100000
100000
100000
100000
100000
100000
100000
100000
100000
100000
100000
100000
100000
100000
100000
100000
100000
100000
100000
100000
100000
100000
100000
100000
100000
100000
100000
100000
100000
100000
100000
100000
100000
100000
100000
100000
100000
100000
100000
100000
100000
100000
100000
100000
100000
100000
100000
100000
100000
100000
100000
100000
100000
100000
100000
100000
100000
100000
100000
100000
100000
100000
100000
100000
100000
100000
100000
100000
100000
100000
100000
100000
100000
100000
100000
100000
100000
100000
100000
100000
100000
100000
100000
100000
100000
100000
100000
100000
100000
100000
100000
100000
100000
100000
100000
100000
100000
100000
100000
100000
100000
100000
100000
100000
100000
100000
100000
100000
100000
100000
100000
100000
100000
100000
100000
100000
100000
100000
100000
100000
100000
100000
100000
100000
100000
100000
100000
100000
100000
100000
100000
100000
100000
100000
100000
100000
100000
100000
100000
100000
100000
100000
100000
100000
100000
100000
100000
100000
100000
100000
100000
100000
100000
100000
100000
100000
100000
100000
100000
100000
100000
100000
100000
100000
100000
100000
100000
100000
100000
100000
100000
100000
100000
100000
100000
100000
100000
100000
100000
100000
100000
100000
100000
100000
100000
100000
100000
100000
100000
100000
100000
100000
100000
100000
100000
100000
100000
100000
100000
100000
100000
100000
100000
100000
100000
100000
100000
100000
100000
100000
100000
100000
100000
100000
100000
100000
100000
100000
100000
100000
100000
100000
100000
100000
100000
100000
100000
100000
100000
100000
100000
100000
100000
100000
100000
100000
100000
100000
100000
100000
100000
100000
100000
100000
100000
100000
100000
100000
100000
100000
100000
100000
100000
100000
100000
100000
100000
100000
100000
100000
100000
100000
100000
100000
100000
100000
100000
100000
100000
100000
100000
100000
100000
100000
100000
100000
100000
100000
100000
100000
100000
100000
100000
100000
100000
100000
100000
100000
100000
100000
100000
100000
100000
100000
100000
100000
100000
100000
100000
100000
100000
100000
100000
100000
100000
100000
100000
100000
100000
100000
100000
100000
100000
100000
100000
100000
100000
100000
100000
100000
100000
100000
100000
100000
100000
100000
100000
100000
100000
100000
100000
100000
100000
100000
100000
100000
100000
100000
100000
100000
100000
100000
100000
100000
100000
100000
100000
100000
100000
100000
100000
100000
100000
100000
100000
100000
100000
100000
100000
100000
100000
100000
100000
100000
100000
100000
100000
100000
100000
100000
100000
100000
100000
100000
100000
100000
100000
100000
100000
100000
100000
100000
100000
100000
100000
100000
100000
100000
100000
100000
100000
100000
100000
100000
100000
100000
100000
100000
100000
100000
100000
100000
100000
100000
100000
100000
100000
100000
100000
100000
100000
100000
100000
100000
100000
100000
100000
100000
100000
100000
100000
100000
100000
100000
100000
100000
100000
100000
100000
100000
100000
100000
100000
100000
100000
100000
100000
100000
100000
100000
100000
100000
100000
100000
100000
100000
100000
100000
100000
100000
100000
100000
100000
100000
100000
100000
100000
100000
100000
100000
100000
100000
100000
100000
100000
100000
100000
100000
100000
100000
100000
100000
100000
100000
100000
100000
100000
100000
100000
100000
100000
100000
100000
100000
100000
100000
100000
100000
100000
100000
100000
100000
100000
100000
100000
100000
100000
100000
100000
100000
100000
100000
100000
100000
100000
100000
100000
100000
100000
100000
100000
100000
100000
100000
100000
100000
100000
100000
100000
100000
100000
100000
100000
100000
100000
100000
100000
100000
100000
100000
100000
100000
100000
100000
100000
100000
100000
100000
100000
100000
100000
100000
100000
100000
100000
100000
100000
100000
100000
100000
100000
100000
100000
100000
100000
100000
100000
100000
100000
100000
100000
100000
100000
100000
100000
100000
100000
100000
100000
100000
100000
100000
100000
100000
100000
100000
100000
100000
100000
100000
100000
100000
100000
100000
100000
100000
100000
100000
100000
100000
100000
100000
100000
100000
100000
100000
100000
100000
100000
100000
100000
100000
100000
100000
100000
100000
100000
100000
100000
100000
100000
100000
100000
100000
100000
100000
100000
100000
100000
100000
100000
100000
100000
100000
100000
100000
100000
100000
100000
100000
100000
100000
100000
100000
100000
100000
100000
100000
100000
100000
100000
100000
100000
100000
100000
100000
100000
100000
100000
100000
100000
100000
100000
100000
100000
100000
100000
100000
100000
100000
100000
100000
100000
100000
100000
100000
100000
100000
100000
100000
100000
100000
100000
100000
100000
100000
100000
100000
100000
100000
100000
100000
100000
100000
100000
100000
100000
100000
100000
100000
100000
100000
100000
100000
100000
100000
100000
100000
100000
100000
100000
100000
100000
100000
100000
100000
100000
100000
100000
100000
100000
100000
100000
100000
100000
100000
100000
100000
100000
100000
100000
100000
100000
100000
100000
100000
100000
100000
100000
100000
100000
100000
100000
100000
100000
100000
100000
100000
100000
100000
100000
100000
100000
100000
100000
100000
100000
100000
100000
100000
100000
100000
100000
100000
100000
100000
100000
100000
100000
100000
100000
100000
100000
100000
100000
100000
100000
100000
100000
100000
100000
100000
100000
100000
100000
100000
100000
100000
100000
100000
100000
100000
100000
100000
100000
100000
100000
100000
100000
100000
100000
100000
100000
100000
100000
100000
100000
100000
100000
100000
100000
100000
100000
100000
100000
100000
100000
100000
100000
100000
100000
100000
100000
100000
100000
100000
100000
100000
100000
100000
100000
100000
100000
100000
100000
100000
100000
100000
100000
100000
100000
100000
100000
100000
100000
100000
100000
100000
100000
100000
100000
100000
100000
100000
100000
100000
100000
100000
100000
100000
100000
100000
100000
100000
100000
100000
100000
100000
100000
100000
100000
100000
100000
100000
100000
100000
100000
100000
100000
100000
100000
100000
100000
100000
100000
100000
100000
100000
100000
100000
100000
100000
100000
100000
100000
100000
100000
100000
100000
100000
100000
100000
100000
100000
100000
100000
100000
100000
100000
100000
100000
100000
100000
100000
100000
100000
100000
100000
100000
100000
100000
100000
100000
100000
100000
100000
100000
100000
100000
100000
100000
100000
100000
100000
100000
100000
100000
100000
100000
100000
100000
100000
100000
100000
100000
100000
100000
100000
100000
100000
100000
100000
100000
100000
100000
100000
100000
100000
100000
100000
100000
100000
100000
100000
100000
100000
100000
100000
100000
100000
100000
100000
100000
100000
100000
100000
100000
100000
100000
100000
100000
100000
100000
100000
100000
100000
100000
100000
100000
100000
100000
100000
100000
100000
100000
100000
100000
100000
100000
100000
100000
100000
100000
100000
100000
100000
100000
100000
100000
100000
100000
100000
100000
100000
100000
100000
100000
100000
100000
100000
100000
100000
100000
100000
100000
100000
100000
100000
100000
100000
100000
100000
100000
100000
100000
100000
100000
100000
100000
100000
100000
100000
100000
100000
100000
100000
100000
100000
100000
100000
100000
100000
100000
100000
100000
100000
100000
100000
100000
100000
100000
100000
100000
100000
100000
100000
100000
100000
100000
100000
100000
100000
100000
100000
100000
100000
100000
100000
100000
100000
100000
100000
100000
100000
100000
100000
100000
100000
100000
100000
100000
100000
100000
100000
100000
100000
100000
100000
100000
100000
100000
100000
100000
100000
100000
100000
100000
100000
100000
100000
)
;

boundaryField
{
    side1
    {
        type            totalPressure;
        rho             rho;
        psi             thermo:psi;
        gamma           1;
        p0              uniform 100000;
        value           uniform 99997.58031;
    }
    side2
    {
        type            totalPressure;
        rho             rho;
        psi             thermo:psi;
        gamma           1.4;
        p0              uniform 100000;
        value           uniform 100000;
    }
    empty1
    {
        type            empty;
    }
    empty2
    {
        type            empty;
    }
}


// ************************************************************************* //
