/*--------------------------------*- C++ -*----------------------------------*\
| =========                 |                                                 |
| \\      /  F ield         | OpenFOAM: The Open Source CFD Toolbox           |
|  \\    /   O peration     | Version:  2312                                  |
|   \\  /    A nd           | Website:  www.openfoam.com                      |
|    \\/     M anipulation  |                                                 |
\*---------------------------------------------------------------------------*/
FoamFile
{
    version     2.0;
    format      ascii;
    arch        "LSB;label=32;scalar=64";
    class       volScalarField;
    location    "0.005";
    object      rhoHat;
}
// * * * * * * * * * * * * * * * * * * * * * * * * * * * * * * * * * * * * * //

dimensions      [1 -3 0 0 0 0 0];

internalField   nonuniform List<scalar> 
8000
(
1000
1000
1000
1000
1000
1000
1000
1000
1000
1000
1000
1000
1000
1000
1000
1000
1000
1000
1000
1000
1000
1000
1000
1000
1000
1000
1000
1000
1000
1000
1000
1000
1000
1000
1000
1000
1000
1000
1000
1000
1000
1000
1000
1000
1000
1000
1000
1000
1000
1000
1000
1000
1000
1000
1000
1000
1000
1000
1000
1000
1000
1000
1000
1000
1000
1000
1000
1000
1000
1000
1000
1000
1000
1000
1000
1000
1000
1000
1000
1000
1000
1000
1000
1000
1000
1000
1000
1000
1000
1000
1000
1000
1000
1000
1000
1000
1000
1000
1000
1000
1000
1000
1000
1000
1000
1000
1000
1000
1000
1000
1000
1000
1000
1000
1000
1000
1000
1000
1000
1000
1000
1000
1000
1000
1000
1000
1000
1000
1000
1000
1000
1000
1000
1000
1000
1000
1000
1000
1000
1000
1000
1000
1000
1000
1000
1000
1000
1000
1000
1000
1000
1000
1000
1000
1000
1000
1000
1000
1000
1000
1000
1000
1000
1000
1000
1000
1000
1000
1000
1000
1000
1000
1000
1000
1000
1000
1000
1000
1000
1000
1000
1000
1000
1000
1000
1000
1000
1000
1000
1000
1000
1000
1000
1000
1000
1000
1000
1000
1000
1000
1000
1000
1000
1000
1000
1000
1000
1000
1000
1000
1000
1000
1000
1000
1000
1000
1000
1000
1000
1000
1000
1000
1000
1000
1000
1000
1000
1000
1000
1000
1000
1000
1000
1000
1000
1000
1000
1000
1000
1000
1000
1000
1000
1000
1000
1000
1000
1000
1000
1000
1000
1000
1000
1000
1000
1000
1000
1000
1000
1000
1000
1000
1000
1000
1000
1000
1000
1000
1000
1000
1000
1000
1000
1000
1000
1000
1000
1000
1000
1000
1000
1000
1000
1000
1000
1000
1000
1000
1000
1000
1000
1000
1000
1000
1000
1000
1000
1000
1000
1000
1000
1000
1000
1000
1000
1000
1000
1000
1000
1000
1000
1000
1000
1000
1000
1000
1000
1000
1000
1000
1000
1000
1000
1000
1000
1000
1000
1000
1000
1000
1000
1000
1000
1000
1000
1000
1000
1000
1000
1000
1000
1000
1000
1000
1000
1000
1000
1000
1000
1000
1000
1000
1000
1000
1000
1000
1000
1000
1000
1000
1000
1000
1000
1000
1000
1000
1000
1000
1000
1000
1000
1000
1000
1000
1000
1000
1000
1000
1000
1000
1000
1000
1000
1000
1000
1000
1000
1000
1000
1000
1000
1000
1000
1000
1000
1000
1000
1000
1000
1000
1000
1000
1000
1000
1000
1000
1000
1000
1000
1000
1000
1000
1000
1000
1000
1000
1000
1000
1000
1000
1000
1000
1000
1000
1000
1000
1000
1000
1000
1000
1000
1000
1000
1000
1000
1000
1000
1000
1000
1000
1000
1000
1000
1000
1000
1000
1000
1000
1000
1000
1000
1000
1000
1000
1000
1000
1000
1000
1000
1000
1000
1000
1000
1000
1000
1000
1000
1000
1000
1000
1000
1000
1000
1000
1000
1000
1000
1000
1000
1000
1000
1000
1000
1000
1000
1000
1000
1000
1000
1000
1000
1000
1000
1000
1000
1000
1000
1000
1000
1000
1000
1000
1000
1000
1000
1000
1000
1000
1000
1000
1000
1000
1000
1000
1000
1000
1000
1000
1000
1000
1000
1000
1000
1000
1000
1000
1000
1000
1000
1000
1000
1000
1000
1000
1000
1000
1000
1000
1000
1000
1000
1000
1000
1000
1000
1000
1000
1000
1000
1000
1000
1000
1000
1000
1000
1000
1000
1000
1000
1000
1000
1000
1000
1000
1000
1000
1000
1000
1000
1000
1000
1000
1000
1000
1000
1000
1000
1000
1000
1000
1000
1000
1000
1000
1000
1000
1000
1000
1000
1000
1000
1000
1000
1000
1000
1000
1000
1000
1000
1000
1000
1000
1000
1000
1000
1000
1000
1000
1000
1000
1000
1000
1000
1000
1000
1000
1000
1000
1000
1000
1000
1000
1000
1000
1000
1000
1000
1000
1000
1000
1000
1000
1000
1000
1000
1000
1000
1000
1000
1000
1000
1000
1000
1000
1000
1000
1000
1000
1000
1000
1000
1000
1000
1000
1000
1000
1000
1000
1000
1000
1000
1000
1000
1000
1000
1000
1000
1000
1000
1000
1000
1000
1000
1000
1000
1000
1000
1000
1000
1000
1000
1000
1000
1000
1000
1000
1000
1000
1000
1000
1000
1000
1000
1000
1000
1000
1000
1000
1000
1000
1000
1000
1000
1000
1000
1000
1000
1000
1000
1000
1000
1000
1000
1000
1000
1000
1000
1000
1000
1000
1000
1000
1000
1000
1000
1000
1000
1000
1000
1000
1000
1000
1000
1000
1000
1000
1000
1000
1000
1000
1000
1000
1000
1000
1000
1000
1000
1000
1000
1000
1000
1000
1000
1000
1000
1000
1000
1000
1000
1000
1000
1000
1000
1000
1000
1000
1000
1000
1000
1000
1000
1000
1000
1000
1000
1000
1000
1000
1000
1000
1000
1000
1000
1000
1000
1000
1000
1000
1000
1000
1000
1000
1000
1000
1000
1000
1000
1000
1000
1000
1000
1000
1000
1000
1000
1000
1000
1000
1000
1000
1000
1000
1000
1000
1000
1000
1000
1000
1000
1000
1000
1000
1000
1000
1000
1000
1000
1000
1000
1000
1000
1000
1000
1000
1000
1000
1000
1000
1000
1000
1000
1000
1000
1000
1000
1000
1000
1000
1000
1000
1000
1000
1000
1000
1000
1000
1000
1000
1000
1000
1000
1000
1000
1000
1000
1000
1000
1000
1000
1000
1000
1000
1000
1000
1000
1000
1000
1000
1000
1000
1000
1000
1000
1000
1000
1000
1000
1000
1000
1000
1000
1000
1000
1000
1000
1000
1000
1000
1000
1000
1000
1000
1000
1000
1000
1000
1000
1000
1000
1000
1000
1000
1000
1000
1000
1000
1000
1000
1000
1000
1000
1000
1000
1000
1000
1000
1000
1000
1000
1000
1000
1000
1000
1000
1000
1000
1000
1000
1000
1000
1000
1000
1000
1000
1000
1000
1000
1000
1000
1000
1000
1000
1000
1000
1000
1000
1000
1000
1000
1000
1000
1000
1000
1000
1000
1000
1000
1000
1000
1000
1000
1000
1000
1000
1000
1000
1000
1000
1000
1000
1000
1000
1000
1000
1000
1000
1000
1000
1000
1000
1000
1000
1000
1000
1000
1000
1000
1000
1000
1000
1000
1000
1000
1000
1000
1000
1000
1000
1000
1000
1000
1000
1000
1000
1000
1000
1000
1000
1000
1000
1000
1000
1000
1000
1000
1000
1000
1000
1000
1000
1000
1000
1000
1000
1000
1000
1000
1000
1000
1000
1000
1000
1000
1000
1000
1000
1000
1000
1000
1000
1000
1000
1000
1000
1000
1000
1000
1000
1000
1000
1000
1000
1000
1000
1000
1000
1000
1000
1000
1000
1000
1000
1000
1000
1000
1000
1000
1000
1000
1000
1000
1000
1000
1000
1000
1000
1000
1000
1000
1000
1000
1000
1000
1000
1000
1000
1000
1000
1000
1000
1000
1000
1000
1000
1000
1000
1000
1000
1000
1000
1000
1000
1000
1000
1000
1000
1000
1000
1000
1000
1000
1000
1000
1000
1000
1000
1000
1000
1000
1000
1000
1000
1000
1000
1000
1000
1000
1000
1000
1000
1000
1000
1000
1000
1000
1000
1000
1000
1000
1000
1000
1000
1000
1000
1000
1000
1000
1000
1000
1000
1000
1000
1000
1000
1000
1000
1000
1000
1000
1000
1000
1000
1000
1000
1000
1000
1000
1000
1000
1000
1000
1000
1000
1000
1000
1000
1000
1000
1000
1000
1000
1000
1000
1000
1000
1000
1000
1000
1000
1000
1000
1000
1000
1000
1000
1000
1000
1000
1000
1000
1000
1000
1000
1000
1000
1000
1000
1000
1000
1000
1000
1000
1000
1000
1000
1000
1000
1000
1000
1000
1000
1000
1000
1000
1000
1000
1000
1000
1000
1000
1000
1000
1000
1000
1000
1000
1000
1000
1000
1000
1000
1000
1000
1000
1000
1000
1000
1000
1000
1000
1000
1000
1000
1000
1000
1000
1000
1000
1000
1000
1000
1000
1000
1000
1000
1000
1000
1000
1000
1000
1000
1000
1000
1000
1000
1000
1000
1000
1000
1000
1000
1000
1000
1000
1000
1000
1000
1000
1000
1000
1000
1000
1000
1000
1000
1000
1000
1000
1000
1000
1000
1000
1000
1000
1000
1000
1000
1000
1000
1000
1000
1000
1000
1000
1000
1000
1000
1000
1000
1000
1000
1000
1000
1000
1000
1000
1000
1000
1000
1000
1000
1000
1000
1000
1000
1000
1000
1000
1000
1000
1000
1000
1000
1000
1000
1000
1000
1000
1000
1000
1000
1000
1000
1000
1000
1000
1000
1000
1000
1000
1000
1000
1000
1000
1000
1000
1000
1000
1000
1000
1000
1000
1000
1000
1000
1000
1000
1000
1000
1000
1000
1000
1000
1000
1000
1000
1000
1000
1000
1000
1000
1000
1000
1000
1000
1000
1000
1000
1000
1000
1000
1000
1000
1000
1000
1000
1000
1000
1000
1000
1000
1000
1000
1000
1000
1000
1000
1000
1000
1000
1000
1000
1000
1000
1000
1000
1000
1000
1000
1000
1000
1000
1000
1000
1000
1000
1000
1000
1000
1000
1000
1000
1000
1000
1000
1000
1000
1000
1000
1000
1000
1000
1000
1000
1000
1000
1000
1000
1000
1000
1000
1000
1000
1000
1000
1000
1000
1000
1000
1000
1000
1000
1000
1000
1000
1000
1000
1000
1000
1000
1000
1000
1000
1000
1000
1000
1000
1000
1000
1000
1000
1000
1000
1000
1000
1000
1000
1000
1000
1000
1000
1000
1000
1000
1000
1000
1000
1000
1000
1000
1000
1000
1000
1000
1000
1000
1000
1000
1000
1000
1000
1000
1000
1000
1000
1000
1000
1000
1000
1000
1000
1000
1000
1000
1000
1000
1000
1000
1000
1000
1000
1000
1000
1000
1000
1000
1000
1000
1000
1000
1000
1000
1000
1000
1000
1000
1000
1000
1000
1000
1000
1000
1000
1000
1000
1000
1000
1000
1000
1000
1000
1000
1000
1000
1000
1000
1000
1000
1000
1000
1000
1000
1000
1000
1000
1000
1000
1000
1000
1000
1000
1000
1000
1000
1000
1000
1000
1000
1000
1000
1000
1000
1000
1000
1000
1000
1000
1000
1000
1000
1000
1000
1000
1000
1000
1000
1000
1000
1000
1000
1000
1000
1000
1000
1000
1000
1000
1000
1000
1000
1000
1000
1000
1000
1000
1000
1000
1000
1000
1000
1000
1000
1000
1000
1000
1000
1000
1000
1000
1000
1000
1000
1000
1000
1000
1000
1000
1000
1000
1000
1000
1000
1000
1000
1000
1000
1000
1000
1000
1000
1000
1000
1000
1000
1000
1000
1000
1000
1000
1000
1000
1000
1000
1000
1000
1000
1000
1000
1000
1000
1000
1000
1000
1000
1000
1000
1000
1000
1000
1000
1000
1000
1000
1000
1000
1000
1000
1000
1000
1000
1000
1000
1000
1000
1000
1000
1000
1000
1000
1000
1000
1000
1000
1000
1000
1000
1000
1000
1000
1000
1000
1000
1000
1000
1000
1000
1000
1000
1000
1000
1000
1000
1000
1000
1000
1000
1000
1000
1000
1000
1000
1000
1000
1000
1000
1000
1000
1000
1000
1000
1000
1000
1000
1000
1000
1000
1000
1000
1000
1000
1000
1000
1000
1000
1000
1000
1000
1000
1000
1000
1000
1000
1000
1000
1000
1000
1000
1000
1000
1000
1000
1000
1000
1000
1000
1000
1000
1000
1000
1000
1000
1000
1000
1000
1000
1000
1000
1000
1000
1000
1000
1000
1000
1000
1000
1000
1000
1000
1000
1000
1000
1000
1000
1000
1000
1000
1000
1000
1000
1000
1000
1000
1000
1000
1000
1000
1000
1000
1000
1000
1000
1000
1000
1000
1000
1000
1000
1000
1000
1000
1000
1000
1000
1000
1000
1000
1000
1000
1000
1000
1000
1000
1000
1000
1000
1000
1000
1000
1000
1000
1000
1000
1000
1000
1000
1000
1000
1000
1000
1000
1000
1000
1000
1000
1000
1000
1000
1000
1000
1000
1000
1000
1000
1000
1000
1000
1000
1000
1000
1000
1000
1000
1000
1000
1000
1000
1000
1000
1000
1000
1000
1000
1000
1000
1000
1000
1000
1000
1000
1000
1000
1000
1000
1000
1000
1000
1000
1000
1000
1000
1000
1000
1000
1000
1000
1000
1000
1000
1000
1000
1000
1000
1000
1000
1000
1000
1000
1000
1000
1000
1000
1000
1000
1000
1000
1000
1000
1000
1000
1000
1000
1000
1000
1000
1000
1000
1000
1000
1000
1000
1000
1000
1000
1000
1000
1000
1000
1000
1000
1000
1000
1000
1000
1000
1000
1000
1000
1000
1000
1000
1000
1000
1000
1000
1000
1000
1000
1000
1000
1000
1000
1000
1000
1000
1000
1000
1000
1000
1000
1000
1000
1000
1000
1000
1000
1000
1000
1000
1000
1000
1000
1000
1000
1000
1000
1000
1000
1000
1000
1000
1000
1000
1000
1000
1000
1000
1000
1000
1000
1000
1000
1000
1000
1000
1000
1000
1000
1000
1000
1000
1000
1000
1000
1000
1000
1000
1000
1000
1000
1000
1000
1000
1000
1000
1000
1000
1000
1000
1000
1000
1000
1000
1000
1000
1000
1000
1000
1000
1000
1000
1000
1000
1000
1000
1000
1000
1000
1000
1000
1000
1000
1000
1000
1000
1000
1000
1000
1000
1000
1000
1000
1000
1000
1000
1000
1000
1000
1000
1000
1000
1000
1000
1000
1000
1000
1000
1000
1000
1000
1000
1000
1000
1000
1000
1000
1000
1000
1000
1000
1000
1000
1000
1000
1000
1000
1000
1000
1000
1000
1000
1000
1000
1000
1000
1000
1000
1000
1000
1000
1000
1000
1000
1000
1000
1000
1000
1000
1000
1000
1000
1000
1000
1000
1000
1000
1000
1000
1000
1000
1000
1000
1000
1000
1000
1000
1000
1000
1000
1000
1000
1000
1000
1000
1000
1000
1000
1000
1000
1000
1000
1000
1000
1000
1000
1000
1000
1000
1000
1000
1000
1000
1000
1000
1000
1000
1000
1000
1000
1000
1000
1000
1000
1000
1000
1000
1000
1000
1000
1000
1000
1000
1000
1000
1000
1000
1000
1000
1000
1000
1000
1000
1000
1000
1000
1000
1000
1000
1000
1000
1000
1000
1000
1000
1000
1000
1000
1000
1000
1000
1000
1000
1000
1000
1000
1000
1000
1000
1000
1000
1000
1000
1000
1000
1000
1000
1000
1000
1000
1000
1000
1000
1000
1000
1000
1000
1000
1000
1000
1000
1000
1000
1000
1000
1000
1000
1000
1000
1000
1000
1000
1000
1000
1000
1000
1000
1000
1000
1000
1000
1000
1000
1000
1000
1000
1000
1000
1000
1000
1000
1000
1000
1000
1000
1000
1000
1000
1000
1000
1000
1000
1000
1000
1000
1000
1000
1000
1000
1000
1000
1000
1000
1000
1000
1000
1000
1000
1000
1000
1000
1000
1000
1000
1000
1000
1000
1000
1000
1000
1000
1000
1000
1000
1000
1000
1000
1000
1000
1000
1000
1000
1000
1000
1000
1000
1000
1000
1000
1000
1000
1000
1000
1000
1000
1000
1000
1000
1000
1000
1000
1000
1000
1000
1000
1000
1000
1000
1000
1000
1000
1000
1000
1000
1000
1000
1000
1000
1000
1000
1000
1000
1000
1000
1000
1000
1000
1000
1000
1000
1000
1000
1000
1000
1000
1000
1000
1000
1000
1000
1000
1000
1000
1000
1000
1000
1000
1000
1000
1000
1000
1000
1000
1000
1000
1000
1000
1000
1000
1000
1000
1000
1000
1000
1000
1000
1000
1000
1000
1000
1000
1000
1000
1000
1000
1000
1000
1000
1000
1000
1000
1000
1000
1000
1000
1000
1000
1000
1000
1000
1000
1000
1000
1000
1000
1000
1000
1000
1000
1000
1000
1000
1000
1000
1000
1000
1000
1000
1000
1000
1000
1000
1000
1000
1000
1000
1000
1000
1000
1000
1000
1000
1000
1000
1000
1000
1000
1000
1000
1000
1000
1000
1000
1000
1000
1000
1000
1000
1000
1000
1000
1000
1000
1000
1000
1000
1000
1000
1000
1000
1000
1000
1000
1000
1000
1000
1000
1000
1000
1000
1000
1000
1000
1000
1000
1000
1000
1000
1000
1000
1000
1000
1000
1000
1000
1000
1000
1000
1000
1000
1000
1000
1000
1000
1000
1000
1000
1000
1000
1000
1000
1000
1000
1000
1000
1000
1000
1000
1000
1000
1000
1000
1000
1000
1000
1000
1000
1000
1000
1000
1000
1000
1000
1000
1000
1000
1000
1000
1000
1000
1000
1000
1000
1000
1000
1000
1000
1000
1000
1000
1000
1000
1000
1000
1000
1000
1000
1000
1000
1000
1000
1000
1000
1000
1000
1000
1000
1000
1000
1000
1000
1000
1000
1000
1000
1000
1000
1000
1000
1000
1000
1000
1000
1000
1000
1000
1000
1000
1000
1000
1000
1000
1000
1000
1000
1000
1000
1000
1000
1000
1000
1000
1000
1000
1000
1000
1000
1000
1000
1000
1000
1000
1000
1000
1000
1000
1000
1000
1000
1000
1000
1000
1000
1000
1000
1000
1000
1000
1000
1000
1000
1000
1000
1000
1000
1000
1000
1000
1000
1000
1000
1000
1000
1000
1000
1000
1000
1000
1000
1000
1000
1000
1000
1000
1000
1000
1000
1000
1000
1000
1000
1000
1000
1000
1000
1000
1000
1000
1000
1000
1000
1000
1000
1000
1000
1000
1000
1000
1000
1000
1000
1000
1000
1000
1000
1000
1000
1000
1000
1000
1000
1000
1000
1000
1000
1000
1000
1000
1000
1000
1000
1000
1000
1000
1000
1000
1000
1000
1000
1000
1000
1000
1000
1000
1000
1000
1000
1000
1000
1000
1000
1000
1000
1000
1000
1000
1000
1000
1000
1000
1000
1000
1000
1000
1000
1000
1000
1000
1000
1000
1000
1000
1000
1000
1000
1000
1000
1000
1000
1000
1000
1000
1000
1000
1000
1000
1000
1000
1000
1000
1000
1000
1000
1000
1000
1000
1000
1000
1000
1000
1000
1000
1000
1000
1000
1000
1000
1000
1000
1000
1000
1000
1000
1000
1000
1000
1000
1000
1000
1000
1000
1000
1000
1000
1000
1000
1000
1000
1000
1000
1000
1000
1000
1000
1000
1000
1000
1000
1000
1000
1000
1000
1000
1000
1000
1000
1000
1000
1000
1000
1000
1000
1000
1000
1000
1000
1000
1000
1000
1000
1000
1000
1000
1000
1000
1000
1000
1000
1000
1000
1000
1000
1000
1000
1000
1000
1000
1000
1000
1000
1000
1000
1000
1000
1000
1000
1000
1000
1000
1000
1000
1000
1000
1000
1000
1000
1000
1000
1000
1000
1000
1000
1000
1000
1000
1000
1000
1000
1000
1000
1000
1000
1000
1000
1000
1000
1000
1000
1000
1000
1000
1000
1000
1000
1000
1000
1000
1000
1000
1000
1000
1000
1000
1000
1000
1000
1000
1000
1000
1000
1000
1000
1000
1000
1000
1000
1000
1000
1000
1000
1000
1000
1000
1000
1000
1000
1000
1000
1000
1000
1000
1000
1000
1000
1000
1000
1000
1000
1000
1000
1000
1000
1000
1000
1000
1000
1000
1000
1000
1000
1000
1000
1000
1000
1000
1000
1000
1000
1000
1000
1000
1000
1000
1000
1000
1000
1000
1000
1000
1000
1000
1000
1000
1000
1000
1000
1000
1000
1000
1000
1000
1000
1000
1000
1000
1000
1000
1000
1000
1000
1000
1000
1000
1000
1000
1000
1000
1000
1000
1000
1000
1000
1000
1000
1000
1000
1000
1000
1000
1000
1000
1000
1000
1000
1000
1000
1000
1000
1000
1000
1000
1000
1000
1000
1000
1000
1000
1000
1000
1000
1000
1000
1000
1000
1000
1000
1000
1000
1000
1000
1000
1000
1000
1000
1000
1000
1000
1000
1000
1000
1000
1000
1000
1000
1000
1000
1000
1000
1000
1000
1000
1000
1000
1000
1000
1000
1000
1000
1000
1000
1000
1000
1000
1000
1000
1000
1000
1000
1000
1000
1000
1000
1000
1000
1000
1000
1000
1000
1000
1000
1000
1000
1000
1000
1000
1000
1000
1000
1000
1000
1000
1000
1000
1000
1000
1000
1000
1000
1000
1000
1000
1000
1000
1000
1000
1000
1000
1000
1000
1000
1000
1000
1000
1000
1000
1000
1000
1000
1000
1000
1000
1000
1000
1000
1000
1000
1000
1000
1000
1000
1000
1000
1000
1000
1000
1000
1000
1000
1000
1000
1000
1000
1000
1000
1000
1000
1000
1000
1000
1000
1000
1000
1000
1000
1000
1000
1000
1000
1000
1000
1000
1000
1000
1000
1000
1000
1000
1000
1000
1000
1000
1000
1000
1000
1000
1000
1000
1000
1000
1000
1000
1000
1000
1000
1000
1000
1000
1000
1000
1000
1000
1000
1000
1000
1000
1000
1000
1000
1000
1000
1000
1000
1000
1000
1000
1000
1000
1000
1000
1000
1000
1000
1000
1000
1000
1000
1000
1000
1000
1000
1000
1000
1000
1000
1000
1000
1000
1000
1000
1000
1000
1000
1000
1000
1000
1000
1000
1000
1000
1000
1000
1000
1000
1000
1000
1000
1000
1000
1000
1000
1000
1000
1000
1000
1000
1000
1000
1000
1000
1000
1000
1000
1000
1000
1000
1000
1000
1000
1000
1000
1000
1000
1000
1000
1000
1000
1000
1000
1000
1000
1000
1000
1000
1000
1000
1000
1000
1000
1000
1000
1000
1000
1000
1000
1000
1000
1000
1000
1000
1000
1000
1000
1000
1000
1000
1000
1000
1000
1000
1000
1000
1000
1000
1000
1000
1000
1000
1000
1000
1000
1000
1000
1000
1000
1000
1000
1000
1000
1000
1000
1000
1000
1000
1000
1000
1000
1000
1000
1000
1000
1000
1000
1000
1000
1000
1000
1000
1000
1000
1000
1000
1000
1000
1000
1000
1000
1000
1000
1000
1000
1000
1000
1000
1000
1000
1000
1000
1000
1000
1000
1000
1000
1000
1000
1000
1000
1000
1000
1000
1000
1000
1000
1000
1000
1000
1000
1000
1000
1000
1000
1000
1000
1000
1000
1000
1000
1000
1000
1000
1000
1000
1000
1000
1000
1000
1000
1000
1000
1000
1000
1000
1000
1000
1000
1000
1000
1000
1000
1000
1000
1000
1000
1000
1000
1000
1000
1000
1000
1000
1000
1000
1000
1000
1000
1000
1000
1000
1000
1000
1000
1000
1000
1000
1000
1000
1000
1000
1000
1000
1000
1000
1000
1000
1000
1000
1000
1000
1000
1000
1000
1000
1000
1000
1000
1000
1000
1000
1000
1000
1000
1000
1000
1000
1000
1000
1000
1000
1000
1000
1000
1000
1000
1000
1000
1000
1000
1000
1000
1000
1000
1000
1000
1000
1000
1000
1000
1000
1000
1000
1000
1000
1000
1000
1000
1000
1000
1000
1000
1000
1000
1000
1000
1000
1000
1000
1000
1000
1000
1000
1000
1000
1000
1000
1000
1000
1000
1000
1000
1000
1000
1000
1000
1000
1000
1000
1000
1000
1000
1000
1000
1000
1000
1000
1000
1000
1000
1000
1000
1000
1000
1000
1000
1000
1000
1000
1000
1000
1000
1000
1000
1000
1000
1000
1000
1000
1000
1000
1000
1000
1000
1000
1000
1000
1000
1000
1000
1000
1000
1000
1000
1000
1000
1000
1000
1000
1000
1000
1000
1000
1000
1000
1000
1000
1000
1000
1000
1000
1000
1000
1000
1000
1000
1000
1000
1000
1000
1000
1000
1000
1000
1000
1000
1000
1000
1000
1000
1000
1000
1000
1000
1000
1000
1000
1000
1000
1000
1000
1000
1000
1000
1000
1000
1000
1000
1000
1000
1000
1000
1000
1000
1000
1000
1000
1000
1000
1000
1000
1000
1000
1000
1000
1000
1000
1000
1000
1000
1000
1000
1000
1000
1000
1000
1000
1000
1000
1000
1000
1000
1000
1000
1000
1000
1000
1000
1000
1000
1000
1000
1000
1000
1000
1000
1000
1000
1000
1000
1000
1000
1000
1000
1000
1000
1000
1000
1000
1000
1000
1000
1000
1000
1000
1000
1000
1000
1000
1000
1000
1000
1000
1000
1000
1000
1000
1000
1000
1000
1000
1000
1000
1000
1000
1000
1000
1000
1000
1000
1000
1000
1000
1000
1000
1000
1000
1000
1000
1000
1000
1000
1000
1000
1000
1000
1000
1000
1000
1000
1000
1000
1000
1000
1000
1000
1000
1000
1000
1000
1000
1000
1000
1000
1000
1000
1000
1000
1000
1000
1000
1000
1000
1000
1000
1000
1000
1000
1000
1000
1000
1000
1000
1000
1000
1000
1000
1000
1000
1000
1000
1000
1000
1000
1000
1000
1000
1000
1000
1000
1000
1000
1000
1000
1000
1000
1000
1000
1000
1000
1000
1000
1000
1000
1000
1000
1000
1000
1000
1000
1000
1000
1000
1000
1000
1000
1000
1000
1000
1000
1000
1000
1000
1000
1000
1000
1000
1000
1000
1000
1000
1000
1000
1000
1000
1000
1000
1000
1000
1000
1000
1000
1000
1000
1000
1000
1000
1000
1000
1000
1000
1000
1000
1000
1000
1000
1000
1000
1000
1000
1000
1000
1000
1000
1000
1000
1000
1000
1000
1000
1000
1000
1000
1000
1000
1000
1000
1000
999.9999999
999.9999999
999.9999999
999.9999998
999.9999997
999.9999996
999.9999994
999.9999991
999.9999987
999.999998
999.9999971
999.9999958
999.9999939
999.9999911
999.9999871
999.9999813
999.9999731
999.9999614
999.9999447
999.9999211
999.9998878
999.9998408
999.9997748
999.9996824
999.9995536
999.9993744
999.999126
999.9987828
999.9983101
999.9976615
999.9967742
999.9955647
999.9939215
999.9916971
999.9886965
999.9846636
999.9792631
999.9720584
999.9624838
999.9498097
999.9331009
999.9111646
999.8824873
999.8451623
999.7968036
999.7344382
999.6543883
999.5521414
999.422193
999.2578656
999.0511164
998.7923434
998.4701737
998.071174
997.5796921
996.9774748
996.243704
995.3449514
994.2266602
992.8166456
991.0176825
988.6984338
985.6803391
981.7186931
976.4761228
969.4861596
960.103499
947.4374873
930.2693609
906.9635412
875.4053719
833.044705
777.1579023
705.4507199
617.5709375
516.0047021
406.4841023
299.5197933
204.7279219
134.1389269
81.80956574
47.88265052
26.85459464
14.78139271
8.029136752
4.337069483
2.345345533
1.27607029
0.7008586318
0.3893849467
0.2191127422
0.1249413698
0.07218356182
0.04220977599
0.02494434973
0.01485730249
0.008896164034
0.00532048425
0.003175267862
0.001946392022
0.001259884078
0.0008543048588
0.0005994879516
0.0004312903492
0.0003160658403
0.0002347961928
0.0001761515445
0.0001330746106
0.0001010005458
7.687703197e-05
5.860151142e-05
4.468773376e-05
3.406199393e-05
2.593430709e-05
1.97146701e-05
1.495727172e-05
1.132244125e-05
8.549883566e-06
6.439382846e-06
4.836618025e-06
3.622565644e-06
2.705464231e-06
2.014655367e-06
1.495833151e-06
1.107347389e-06
8.173353634e-07
6.014949085e-07
4.413470562e-07
3.228849568e-07
2.355257562e-07
1.712996702e-07
1.242245122e-07
8.982483379e-08
6.476345527e-08
4.656015284e-08
3.337766907e-08
2.385950282e-08
1.700737484e-08
1.208900913e-08
8.568974419e-09
6.05701489e-09
4.269594012e-09
3.001365156e-09
2.104077135e-09
1.471028188e-09
1.025658891e-09
7.132037183e-10
4.946041354e-10
3.420914663e-10
2.359792362e-10
1.623512436e-10
1.114028869e-10
7.624278986e-11
5.204392473e-11
3.54341001e-11
2.406297384e-11
1.629918422e-11
1.101185809e-11
7.420952741e-12
4.988010005e-12
3.344879929e-12
2.237321439e-12
1.492805879e-12
9.934275624e-13
6.596945212e-13
4.367617379e-13
2.886579864e-13
1.898481372e-13
1.250111126e-13
8.193445922e-14
5.373479439e-14
3.486100297e-14
2.309263891e-14
1.487698853e-14
9.547918012e-15
5.995204333e-15
4.218847494e-15
2.664535259e-15
1.776356839e-15
1.110223025e-15
4.440892099e-16
4.440892099e-16
2.220446049e-16
-2.220446049e-16
2.220446049e-16
-2.220446049e-16
2.220446049e-16
0
0
0
0
0
2.220446049e-16
-2.220446049e-16
2.220446049e-16
2.220446049e-16
2.220446049e-16
-2.220446049e-16
0
2.220446049e-16
0
0
-2.220446049e-16
2.220446049e-16
2.220446049e-16
0
2.220446049e-16
0
0
2.220446049e-16
0
-2.220446049e-16
0
0
0
0
0
0
-2.220446049e-16
0
0
-2.220446049e-16
-2.220446049e-16
-2.220446049e-16
-2.220446049e-16
0
0
0
0
0
-4.440892099e-16
2.220446049e-16
2.220446049e-16
0
0
0
4.440892099e-16
0
0
2.220446049e-16
0
2.220446049e-16
0
2.220446049e-16
-2.220446049e-16
0
0
4.440892099e-16
-2.220446049e-16
0
-2.220446049e-16
2.220446049e-16
0
-2.220446049e-16
0
0
0
2.220446049e-16
-2.220446049e-16
0
0
0
0
0
2.220446049e-16
0
0
0
0
0
2.220446049e-16
0
-2.220446049e-16
0
-2.220446049e-16
-2.220446049e-16
0
-2.220446049e-16
0
-2.220446049e-16
0
0
-2.220446049e-16
2.220446049e-16
2.220446049e-16
-2.220446049e-16
0
0
2.220446049e-16
-2.220446049e-16
0
-2.220446049e-16
0
-2.220446049e-16
0
0
0
-2.220446049e-16
0
0
0
0
0
0
2.220446049e-16
0
0
0
0
2.220446049e-16
2.220446049e-16
0
0
0
0
-2.220446049e-16
-2.220446049e-16
0
0
0
0
0
0
0
-2.220446049e-16
0
0
0
2.220446049e-16
0
-2.220446049e-16
-2.220446049e-16
0
-2.220446049e-16
2.220446049e-16
0
2.220446049e-16
2.220446049e-16
0
0
0
2.220446049e-16
0
2.220446049e-16
-2.220446049e-16
-2.220446049e-16
-2.220446049e-16
2.220446049e-16
-2.220446049e-16
0
0
0
2.220446049e-16
2.220446049e-16
0
-2.220446049e-16
0
2.220446049e-16
0
-2.220446049e-16
0
0
-2.220446049e-16
-2.220446049e-16
2.220446049e-16
0
2.220446049e-16
2.220446049e-16
0
0
2.220446049e-16
-4.440892099e-16
2.220446049e-16
-2.220446049e-16
0
0
2.220446049e-16
0
0
2.220446049e-16
0
0
0
0
0
2.220446049e-16
0
-2.220446049e-16
0
0
0
0
2.220446049e-16
-2.220446049e-16
0
-2.220446049e-16
0
0
0
-2.220446049e-16
-2.220446049e-16
2.220446049e-16
0
0
-4.440892099e-16
0
0
-2.220446049e-16
0
2.220446049e-16
0
2.220446049e-16
0
0
-2.220446049e-16
-2.220446049e-16
-2.220446049e-16
0
-2.220446049e-16
0
0
2.220446049e-16
0
0
0
2.220446049e-16
2.220446049e-16
0
-2.220446049e-16
4.440892099e-16
0
0
0
0
2.220446049e-16
2.220446049e-16
0
-2.220446049e-16
4.440892099e-16
0
-2.220446049e-16
0
0
0
0
-4.440892099e-16
0
0
0
4.440892099e-16
0
-2.220446049e-16
2.220446049e-16
0
0
0
0
0
0
0
-2.220446049e-16
-4.440892099e-16
2.220446049e-16
0
-2.220446049e-16
0
0
2.220446049e-16
0
2.220446049e-16
0
2.220446049e-16
2.220446049e-16
0
-2.220446049e-16
2.220446049e-16
2.220446049e-16
0
2.220446049e-16
0
-2.220446049e-16
-2.220446049e-16
0
-2.220446049e-16
-2.220446049e-16
-2.220446049e-16
-2.220446049e-16
0
2.220446049e-16
0
0
0
0
0
2.220446049e-16
-4.440892099e-16
-2.220446049e-16
0
0
0
0
0
0
0
4.440892099e-16
2.220446049e-16
0
0
-2.220446049e-16
-2.220446049e-16
0
0
0
-4.440892099e-16
0
0
0
0
-2.220446049e-16
0
0
0
-2.220446049e-16
0
0
0
-2.220446049e-16
2.220446049e-16
0
-2.220446049e-16
-2.220446049e-16
-2.220446049e-16
0
0
4.440892099e-16
0
0
-2.220446049e-16
0
-2.220446049e-16
2.220446049e-16
-4.440892099e-16
2.220446049e-16
0
0
2.220446049e-16
0
0
0
0
-2.220446049e-16
0
0
2.220446049e-16
2.220446049e-16
0
0
0
0
0
2.220446049e-16
0
-2.220446049e-16
-2.220446049e-16
-2.220446049e-16
2.220446049e-16
2.220446049e-16
-2.220446049e-16
2.220446049e-16
0
0
2.220446049e-16
0
-2.220446049e-16
0
0
0
0
-2.220446049e-16
-2.220446049e-16
2.220446049e-16
0
2.220446049e-16
0
-2.220446049e-16
0
0
0
2.220446049e-16
-2.220446049e-16
2.220446049e-16
0
-2.220446049e-16
-2.220446049e-16
0
-2.220446049e-16
0
0
-2.220446049e-16
2.220446049e-16
0
2.220446049e-16
2.220446049e-16
0
2.220446049e-16
0
2.220446049e-16
-2.220446049e-16
2.220446049e-16
0
-4.440892099e-16
0
0
-2.220446049e-16
-2.220446049e-16
2.220446049e-16
2.220446049e-16
0
0
2.220446049e-16
0
0
2.220446049e-16
2.220446049e-16
0
0
2.220446049e-16
0
-2.220446049e-16
-2.220446049e-16
2.220446049e-16
0
0
2.220446049e-16
0
-2.220446049e-16
0
0
4.440892099e-16
-4.440892099e-16
2.220446049e-16
-2.220446049e-16
0
-4.440892099e-16
-2.220446049e-16
-2.220446049e-16
0
2.220446049e-16
2.220446049e-16
0
0
2.220446049e-16
-2.220446049e-16
-2.220446049e-16
0
0
0
0
0
0
0
-2.220446049e-16
2.220446049e-16
0
2.220446049e-16
0
2.220446049e-16
2.220446049e-16
0
2.220446049e-16
0
0
0
-4.440892099e-16
0
-2.220446049e-16
0
-4.440892099e-16
0
-4.440892099e-16
0
4.440892099e-16
0
-2.220446049e-16
0
-2.220446049e-16
2.220446049e-16
-2.220446049e-16
0
0
0
2.220446049e-16
-2.220446049e-16
0
2.220446049e-16
0
-2.220446049e-16
0
-2.220446049e-16
2.220446049e-16
-2.220446049e-16
0
0
0
2.220446049e-16
-4.440892099e-16
0
-2.220446049e-16
2.220446049e-16
0
2.220446049e-16
0
-2.220446049e-16
0
2.220446049e-16
-2.220446049e-16
0
0
0
0
0
-2.220446049e-16
-2.220446049e-16
0
2.220446049e-16
0
0
0
0
-2.220446049e-16
0
-4.440892099e-16
0
0
0
2.220446049e-16
0
-4.440892099e-16
0
-2.220446049e-16
0
-2.220446049e-16
0
0
0
0
0
0
0
0
0
4.440892099e-16
-2.220446049e-16
2.220446049e-16
0
2.220446049e-16
-2.220446049e-16
-2.220446049e-16
0
0
0
-2.220446049e-16
0
2.220446049e-16
0
-2.220446049e-16
0
2.220446049e-16
-2.220446049e-16
0
0
-2.220446049e-16
0
2.220446049e-16
0
0
-2.220446049e-16
2.220446049e-16
0
0
-4.440892099e-16
0
0
0
-4.440892099e-16
0
-2.220446049e-16
0
0
-2.220446049e-16
0
2.220446049e-16
2.220446049e-16
-2.220446049e-16
-2.220446049e-16
0
0
0
0
0
2.220446049e-16
-2.220446049e-16
0
0
2.220446049e-16
0
-2.220446049e-16
0
0
0
-2.220446049e-16
0
0
4.440892099e-16
0
-2.220446049e-16
-2.220446049e-16
0
0
0
2.220446049e-16
-2.220446049e-16
-2.220446049e-16
0
0
0
0
-2.220446049e-16
-2.220446049e-16
0
-2.220446049e-16
0
0
-2.220446049e-16
0
2.220446049e-16
2.220446049e-16
0
-2.220446049e-16
2.220446049e-16
0
0
-2.220446049e-16
-2.220446049e-16
2.220446049e-16
-2.220446049e-16
0
-2.220446049e-16
-4.440892099e-16
2.220446049e-16
2.220446049e-16
-2.220446049e-16
0
2.220446049e-16
0
2.220446049e-16
0
0
2.220446049e-16
-2.220446049e-16
2.220446049e-16
0
2.220446049e-16
0
-2.220446049e-16
0
4.440892099e-16
-2.220446049e-16
4.440892099e-16
-2.220446049e-16
0
-4.440892099e-16
0
0
0
-2.220446049e-16
2.220446049e-16
0
0
0
0
-2.220446049e-16
0
0
0
0
0
0
0
2.220446049e-16
0
0
0
0
0
-2.220446049e-16
0
2.220446049e-16
2.220446049e-16
0
0
0
0
2.220446049e-16
0
0
0
0
2.220446049e-16
0
2.220446049e-16
0
-2.220446049e-16
0
-2.220446049e-16
0
2.220446049e-16
0
0
-2.220446049e-16
0
2.220446049e-16
0
0
0
-2.220446049e-16
-2.220446049e-16
0
0
0
0
0
-2.220446049e-16
-2.220446049e-16
0
0
0
0
0
0
-2.220446049e-16
-2.220446049e-16
-2.220446049e-16
0
2.220446049e-16
2.220446049e-16
-2.220446049e-16
-2.220446049e-16
0
0
2.220446049e-16
0
0
-2.220446049e-16
2.220446049e-16
0
0
0
0
2.220446049e-16
-2.220446049e-16
-2.220446049e-16
0
-2.220446049e-16
0
0
-2.220446049e-16
0
0
0
-2.220446049e-16
0
0
0
-4.440892099e-16
0
0
0
4.440892099e-16
0
2.220446049e-16
0
0
0
0
0
2.220446049e-16
-2.220446049e-16
0
-2.220446049e-16
0
0
0
-4.440892099e-16
0
2.220446049e-16
2.220446049e-16
2.220446049e-16
2.220446049e-16
0
-2.220446049e-16
0
0
0
0
0
0
-2.220446049e-16
-2.220446049e-16
0
0
2.220446049e-16
2.220446049e-16
0
-2.220446049e-16
0
-2.220446049e-16
0
0
-2.220446049e-16
0
-2.220446049e-16
0
2.220446049e-16
0
-2.220446049e-16
-2.220446049e-16
0
0
2.220446049e-16
0
0
0
-2.220446049e-16
2.220446049e-16
-2.220446049e-16
0
0
-2.220446049e-16
0
-2.220446049e-16
2.220446049e-16
0
0
-2.220446049e-16
0
2.220446049e-16
-4.440892099e-16
0
0
0
0
0
2.220446049e-16
0
0
-2.220446049e-16
-2.220446049e-16
-2.220446049e-16
0
0
0
0
2.220446049e-16
-2.220446049e-16
2.220446049e-16
-2.220446049e-16
2.220446049e-16
0
-2.220446049e-16
0
0
-2.220446049e-16
0
0
-2.220446049e-16
0
2.220446049e-16
-2.220446049e-16
-2.220446049e-16
0
0
-2.220446049e-16
0
-2.220446049e-16
0
0
0
0
0
0
0
0
-2.220446049e-16
-2.220446049e-16
2.220446049e-16
0
2.220446049e-16
0
2.220446049e-16
-2.220446049e-16
0
0
-2.220446049e-16
0
0
2.220446049e-16
-2.220446049e-16
-2.220446049e-16
-2.220446049e-16
0
2.220446049e-16
0
0
0
0
-4.440892099e-16
0
0
2.220446049e-16
0
0
0
0
4.440892099e-16
0
-2.220446049e-16
0
0
0
0
0
0
2.220446049e-16
2.220446049e-16
0
0
0
-2.220446049e-16
0
-2.220446049e-16
0
0
-2.220446049e-16
2.220446049e-16
-2.220446049e-16
2.220446049e-16
2.220446049e-16
0
0
2.220446049e-16
0
0
2.220446049e-16
2.220446049e-16
0
0
-2.220446049e-16
-2.220446049e-16
0
-2.220446049e-16
0
-2.220446049e-16
0
2.220446049e-16
0
0
4.440892099e-16
-2.220446049e-16
0
0
-2.220446049e-16
2.220446049e-16
0
0
-2.220446049e-16
2.220446049e-16
0
2.220446049e-16
2.220446049e-16
0
0
-2.220446049e-16
-2.220446049e-16
2.220446049e-16
0
0
2.220446049e-16
2.220446049e-16
0
0
2.220446049e-16
0
0
0
-2.220446049e-16
0
4.440892099e-16
2.220446049e-16
-2.220446049e-16
2.220446049e-16
2.220446049e-16
0
2.220446049e-16
0
0
2.220446049e-16
-2.220446049e-16
0
2.220446049e-16
-4.440892099e-16
-2.220446049e-16
2.220446049e-16
0
0
2.220446049e-16
0
0
0
2.220446049e-16
0
0
-2.220446049e-16
0
-2.220446049e-16
0
0
0
2.220446049e-16
0
2.220446049e-16
0
0
0
0
2.220446049e-16
0
2.220446049e-16
0
0
0
0
2.220446049e-16
4.440892099e-16
-2.220446049e-16
0
0
0
0
0
2.220446049e-16
2.220446049e-16
2.220446049e-16
0
0
0
0
-2.220446049e-16
0
4.440892099e-16
0
2.220446049e-16
2.220446049e-16
0
0
0
0
-2.220446049e-16
0
-2.220446049e-16
-2.220446049e-16
2.220446049e-16
2.220446049e-16
-2.220446049e-16
0
0
0
2.220446049e-16
0
0
-2.220446049e-16
0
-2.220446049e-16
0
0
-2.220446049e-16
0
0
0
0
2.220446049e-16
0
0
-2.220446049e-16
0
0
0
2.220446049e-16
0
0
-2.220446049e-16
0
2.220446049e-16
0
2.220446049e-16
2.220446049e-16
0
-2.220446049e-16
0
-2.220446049e-16
0
4.440892099e-16
0
0
2.220446049e-16
-2.220446049e-16
0
2.220446049e-16
0
0
0
-2.220446049e-16
0
0
0
0
-4.440892099e-16
2.220446049e-16
2.220446049e-16
0
2.220446049e-16
0
2.220446049e-16
-2.220446049e-16
0
2.220446049e-16
-2.220446049e-16
0
0
-2.220446049e-16
0
0
0
0
0
-2.220446049e-16
0
-2.220446049e-16
-2.220446049e-16
0
-2.220446049e-16
2.220446049e-16
0
2.220446049e-16
0
0
-4.440892099e-16
0
-2.220446049e-16
0
2.220446049e-16
2.220446049e-16
-2.220446049e-16
2.220446049e-16
-2.220446049e-16
0
-2.220446049e-16
4.440892099e-16
2.220446049e-16
0
-2.220446049e-16
0
0
-2.220446049e-16
0
0
-2.220446049e-16
0
0
2.220446049e-16
-2.220446049e-16
-2.220446049e-16
-2.220446049e-16
0
0
0
0
0
-2.220446049e-16
2.220446049e-16
-2.220446049e-16
0
0
2.220446049e-16
0
0
2.220446049e-16
0
-2.220446049e-16
0
0
-2.220446049e-16
0
0
4.440892099e-16
0
0
0
2.220446049e-16
0
0
0
0
0
0
0
2.220446049e-16
2.220446049e-16
-2.220446049e-16
-2.220446049e-16
2.220446049e-16
2.220446049e-16
4.440892099e-16
0
4.440892099e-16
0
-2.220446049e-16
-2.220446049e-16
0
-2.220446049e-16
2.220446049e-16
0
0
-2.220446049e-16
0
2.220446049e-16
-2.220446049e-16
0
2.220446049e-16
0
0
2.220446049e-16
0
0
0
-2.220446049e-16
-2.220446049e-16
4.440892099e-16
-2.220446049e-16
0
-2.220446049e-16
-2.220446049e-16
0
2.220446049e-16
-2.220446049e-16
0
0
0
-2.220446049e-16
0
0
0
-2.220446049e-16
-2.220446049e-16
0
0
0
0
0
0
0
0
-2.220446049e-16
0
0
-2.220446049e-16
0
-2.220446049e-16
2.220446049e-16
2.220446049e-16
-2.220446049e-16
0
-2.220446049e-16
0
0
0
-2.220446049e-16
2.220446049e-16
2.220446049e-16
0
-2.220446049e-16
-2.220446049e-16
0
2.220446049e-16
0
0
-4.440892099e-16
0
-2.220446049e-16
-2.220446049e-16
-2.220446049e-16
-2.220446049e-16
0
0
-2.220446049e-16
0
0
0
0
0
4.440892099e-16
-2.220446049e-16
0
0
0
0
2.220446049e-16
2.220446049e-16
-2.220446049e-16
0
2.220446049e-16
2.220446049e-16
2.220446049e-16
0
2.220446049e-16
0
0
0
0
0
2.220446049e-16
2.220446049e-16
0
0
0
2.220446049e-16
0
-2.220446049e-16
0
-2.220446049e-16
2.220446049e-16
0
-4.440892099e-16
0
0
0
-2.220446049e-16
2.220446049e-16
0
-2.220446049e-16
2.220446049e-16
-2.220446049e-16
-2.220446049e-16
-4.440892099e-16
-2.220446049e-16
0
-2.220446049e-16
0
0
0
-2.220446049e-16
2.220446049e-16
2.220446049e-16
0
0
-2.220446049e-16
0
-2.220446049e-16
0
0
0
0
0
2.220446049e-16
-2.220446049e-16
-4.440892099e-16
0
0
0
2.220446049e-16
0
0
-2.220446049e-16
0
-2.220446049e-16
0
0
-2.220446049e-16
0
2.220446049e-16
-2.220446049e-16
-2.220446049e-16
-2.220446049e-16
-2.220446049e-16
0
-2.220446049e-16
0
0
2.220446049e-16
4.440892099e-16
0
2.220446049e-16
0
0
2.220446049e-16
0
0
0
0
-2.220446049e-16
-4.440892099e-16
0
2.220446049e-16
2.220446049e-16
0
2.220446049e-16
2.220446049e-16
0
2.220446049e-16
-2.220446049e-16
2.220446049e-16
2.220446049e-16
4.440892099e-16
-4.440892099e-16
4.440892099e-16
0
0
0
0
-4.440892099e-16
0
0
0
4.440892099e-16
0
0
2.220446049e-16
0
2.220446049e-16
0
0
2.220446049e-16
0
0
2.220446049e-16
0
2.220446049e-16
0
2.220446049e-16
0
0
0
2.220446049e-16
-2.220446049e-16
0
0
0
0
2.220446049e-16
2.220446049e-16
0
0
0
0
0
0
-2.220446049e-16
-2.220446049e-16
2.220446049e-16
0
-4.440892099e-16
-2.220446049e-16
0
2.220446049e-16
0
2.220446049e-16
-2.220446049e-16
-2.220446049e-16
0
0
0
0
0
0
-4.440892099e-16
0
-4.440892099e-16
0
0
0
0
-4.440892099e-16
0
-2.220446049e-16
0
0
0
0
0
2.220446049e-16
0
0
0
0
0
0
0
0
2.220446049e-16
0
0
0
0
0
0
2.220446049e-16
2.220446049e-16
0
0
0
0
0
0
0
0
2.220446049e-16
0
0
2.220446049e-16
2.220446049e-16
-2.220446049e-16
-2.220446049e-16
0
0
2.220446049e-16
0
0
0
0
-4.440892099e-16
-4.440892099e-16
0
0
-4.440892099e-16
2.220446049e-16
0
0
0
-2.220446049e-16
2.220446049e-16
0
0
0
0
0
0
0
0
0
0
0
0
0
0
0
0
0
0
-2.220446049e-16
0
2.220446049e-16
0
0
2.220446049e-16
0
0
0
0
2.220446049e-16
0
0
-4.440892099e-16
0
0
2.220446049e-16
0
-2.220446049e-16
-2.220446049e-16
-4.440892099e-16
-2.220446049e-16
0
0
0
0
0
-4.440892099e-16
-2.220446049e-16
0
0
0
0
0
-2.220446049e-16
0
0
0
0
0
2.220446049e-16
0
2.220446049e-16
0
0
2.220446049e-16
2.220446049e-16
0
2.220446049e-16
0
2.220446049e-16
2.220446049e-16
0
0
0
2.220446049e-16
2.220446049e-16
0
0
0
0
0
2.220446049e-16
0
0
2.220446049e-16
2.220446049e-16
0
0
0
2.220446049e-16
2.220446049e-16
2.220446049e-16
0
0
0
0
0
0
0
0
2.220446049e-16
0
0
0
0
0
0
0
0
0
0
0
-2.220446049e-16
-2.220446049e-16
-2.220446049e-16
0
-2.220446049e-16
0
0
0
0
0
0
0
-2.220446049e-16
-2.220446049e-16
0
0
0
0
0
0
0
0
-2.220446049e-16
-2.220446049e-16
-2.220446049e-16
-2.220446049e-16
-2.220446049e-16
0
2.220446049e-16
2.220446049e-16
2.220446049e-16
0
0
0
2.220446049e-16
0
0
0
0
0
0
0
0
0
0
0
2.220446049e-16
0
2.220446049e-16
0
0
0
0
0
0
2.220446049e-16
2.220446049e-16
0
0
0
0
-2.220446049e-16
-2.220446049e-16
0
0
0
0
0
0
-2.220446049e-16
0
0
0
0
0
0
-2.220446049e-16
-2.220446049e-16
-2.220446049e-16
0
0
0
0
0
-2.220446049e-16
0
0
0
2.220446049e-16
0
0
0
-2.220446049e-16
0
0
0
0
2.220446049e-16
0
0
0
0
2.220446049e-16
0
0
0
0
0
2.220446049e-16
2.220446049e-16
0
0
0
0
0
0
0
0
0
0
0
0
0
0
0
0
0
0
2.220446049e-16
0
0
0
0
0
0
-2.220446049e-16
0
-2.220446049e-16
0
0
-2.220446049e-16
0
0
0
-2.220446049e-16
0
0
-4.440892099e-16
0
0
2.220446049e-16
0
0
2.220446049e-16
0
2.220446049e-16
0
0
0
0
0
0
0
0
0
0
-2.220446049e-16
0
-2.220446049e-16
0
0
0
0
0
2.220446049e-16
2.220446049e-16
0
0
0
2.220446049e-16
0
0
0
0
0
2.220446049e-16
0
0
0
0
0
0
0
-2.220446049e-16
-2.220446049e-16
0
-2.220446049e-16
-2.220446049e-16
-2.220446049e-16
-2.220446049e-16
-2.220446049e-16
-2.220446049e-16
-2.220446049e-16
-2.220446049e-16
-2.220446049e-16
-2.220446049e-16
0
0
0
0
-2.220446049e-16
0
0
0
0
0
0
0
0
0
0
0
-2.220446049e-16
-2.220446049e-16
-2.220446049e-16
0
0
0
0
0
-2.220446049e-16
0
0
0
0
0
0
-2.220446049e-16
0
0
0
0
0
0
2.220446049e-16
0
0
0
0
2.220446049e-16
0
2.220446049e-16
0
0
0
0
0
0
0
0
0
0
-2.220446049e-16
0
-2.220446049e-16
0
0
0
-2.220446049e-16
-2.220446049e-16
-2.220446049e-16
-2.220446049e-16
-2.220446049e-16
-2.220446049e-16
-2.220446049e-16
-2.220446049e-16
-2.220446049e-16
0
0
0
0
0
0
0
0
-2.220446049e-16
0
0
-2.220446049e-16
-2.220446049e-16
0
-2.220446049e-16
-2.220446049e-16
-2.220446049e-16
0
0
0
0
0
0
0
-2.220446049e-16
0
0
2.220446049e-16
0
0
0
0
0
-4.440892099e-16
-4.440892099e-16
0
0
0
0
-4.440892099e-16
0
0
2.220446049e-16
0
2.220446049e-16
0
0
0
-4.440892099e-16
-2.220446049e-16
0
-2.220446049e-16
2.220446049e-16
-4.440892099e-16
-4.440892099e-16
0
0
-2.220446049e-16
0
0
-2.220446049e-16
-4.440892099e-16
0
0
-4.440892099e-16
-4.440892099e-16
0
0
0
2.220446049e-16
0
0
0
0
-2.220446049e-16
0
0
0
-2.220446049e-16
2.220446049e-16
-2.220446049e-16
2.220446049e-16
0
0
0
0
0
0
-2.220446049e-16
-4.440892099e-16
-2.220446049e-16
2.220446049e-16
-4.440892099e-16
0
0
-2.220446049e-16
0
0
0
0
2.220446049e-16
0
0
0
0
0
0
2.220446049e-16
2.220446049e-16
0
0
0
0
2.220446049e-16
0
0
-4.440892099e-16
-4.440892099e-16
2.220446049e-16
-4.440892099e-16
0
0
0
0
-4.440892099e-16
0
0
0
0
0
2.220446049e-16
2.220446049e-16
-2.220446049e-16
-2.220446049e-16
-2.220446049e-16
0
0
-2.220446049e-16
2.220446049e-16
-2.220446049e-16
0
-2.220446049e-16
-2.220446049e-16
0
2.220446049e-16
2.220446049e-16
-2.220446049e-16
-2.220446049e-16
0
0
0
0
0
-2.220446049e-16
2.220446049e-16
2.220446049e-16
0
2.220446049e-16
-2.220446049e-16
2.220446049e-16
0
-2.220446049e-16
-2.220446049e-16
0
0
-2.220446049e-16
2.220446049e-16
0
0
0
2.220446049e-16
2.220446049e-16
0
2.220446049e-16
0
0
0
2.220446049e-16
2.220446049e-16
-2.220446049e-16
0
-2.220446049e-16
-2.220446049e-16
-2.220446049e-16
0
0
0
0
2.220446049e-16
2.220446049e-16
2.220446049e-16
0
0
-2.220446049e-16
2.220446049e-16
-4.440892099e-16
-4.440892099e-16
-4.440892099e-16
-2.220446049e-16
2.220446049e-16
0
2.220446049e-16
0
0
0
0
0
0
2.220446049e-16
0
0
0
0
0
2.220446049e-16
0
0
0
0
0
-2.220446049e-16
0
2.220446049e-16
0
0
0
-2.220446049e-16
0
-2.220446049e-16
0
0
0
2.220446049e-16
2.220446049e-16
2.220446049e-16
0
2.220446049e-16
2.220446049e-16
0
0
0
0
0
2.220446049e-16
2.220446049e-16
2.220446049e-16
0
0
2.220446049e-16
0
0
0
0
2.220446049e-16
2.220446049e-16
2.220446049e-16
2.220446049e-16
0
0
-2.220446049e-16
0
0
0
-2.220446049e-16
-2.220446049e-16
-2.220446049e-16
-2.220446049e-16
-2.220446049e-16
-2.220446049e-16
-2.220446049e-16
-2.220446049e-16
-2.220446049e-16
-2.220446049e-16
-2.220446049e-16
-2.220446049e-16
-2.220446049e-16
0
0
0
0
0
0
2.220446049e-16
0
0
0
2.220446049e-16
2.220446049e-16
0
0
0
0
0
-2.220446049e-16
2.220446049e-16
0
2.220446049e-16
0
0
0
0
-2.220446049e-16
-2.220446049e-16
-2.220446049e-16
-2.220446049e-16
-2.220446049e-16
0
0
0
0
2.220446049e-16
2.220446049e-16
0
0
0
0
-2.220446049e-16
-2.220446049e-16
-2.220446049e-16
2.220446049e-16
0
0
0
2.220446049e-16
-2.220446049e-16
0
2.220446049e-16
2.220446049e-16
0
-2.220446049e-16
0
0
0
0
0
-2.220446049e-16
-2.220446049e-16
-2.220446049e-16
0
0
0
-2.220446049e-16
-2.220446049e-16
0
-2.220446049e-16
0
2.220446049e-16
0
-2.220446049e-16
0
0
2.220446049e-16
2.220446049e-16
0
0
0
0
2.220446049e-16
2.220446049e-16
0
2.220446049e-16
0
0
0
0
0
0
0
0
0
0
0
2.220446049e-16
0
0
0
0
0
-2.220446049e-16
0
0
0
2.220446049e-16
2.220446049e-16
0
2.220446049e-16
0
0
0
2.220446049e-16
0
0
0
0
2.220446049e-16
2.220446049e-16
0
0
0
-2.220446049e-16
0
0
-2.220446049e-16
-2.220446049e-16
-2.220446049e-16
0
0
0
0
0
0
-2.220446049e-16
0
0
-2.220446049e-16
-2.220446049e-16
0
0
2.220446049e-16
2.220446049e-16
0
0
-2.220446049e-16
-2.220446049e-16
0
-2.220446049e-16
-2.220446049e-16
0
0
0
0
0
-2.220446049e-16
-2.220446049e-16
-2.220446049e-16
-2.220446049e-16
0
-2.220446049e-16
0
0
0
2.220446049e-16
0
0
2.220446049e-16
0
0
0
0
0
-2.220446049e-16
0
0
0
0
0
2.220446049e-16
0
0
2.220446049e-16
0
0
0
0
0
2.220446049e-16
0
0
0
0
0
0
0
0
0
0
0
2.220446049e-16
0
0
0
0
0
0
-2.220446049e-16
2.220446049e-16
-2.220446049e-16
0
0
2.220446049e-16
0
2.220446049e-16
0
2.220446049e-16
0
0
0
0
0
0
0
0
0
0
2.220446049e-16
0
0
-2.220446049e-16
0
0
0
0
0
0
-2.220446049e-16
0
0
0
0
0
0
0
0
0
0
0
2.220446049e-16
0
2.220446049e-16
0
-2.220446049e-16
0
-2.220446049e-16
0
-2.220446049e-16
-2.220446049e-16
0
0
-2.220446049e-16
2.220446049e-16
-2.220446049e-16
0
0
0
0
-2.220446049e-16
-2.220446049e-16
0
0
0
2.220446049e-16
0
0
0
-2.220446049e-16
2.220446049e-16
2.220446049e-16
2.220446049e-16
0
-2.220446049e-16
0
-2.220446049e-16
2.220446049e-16
0
0
-2.220446049e-16
-2.220446049e-16
0
2.220446049e-16
0
0
0
0
0
0
0
-4.440892099e-16
0
0
0
0
-4.440892099e-16
0
0
0
0
0
0
-2.220446049e-16
0
2.220446049e-16
0
0
0
0
0
0
2.220446049e-16
0
0
0
2.220446049e-16
2.220446049e-16
0
0
0
0
-2.220446049e-16
0
0
-2.220446049e-16
-2.220446049e-16
-2.220446049e-16
0
2.220446049e-16
0
-2.220446049e-16
2.220446049e-16
2.220446049e-16
0
2.220446049e-16
2.220446049e-16
-2.220446049e-16
0
0
0
-2.220446049e-16
0
0
0
0
0
0
2.220446049e-16
2.220446049e-16
0
0
0
0
0
0
0
0
0
0
0
0
0
0
-2.220446049e-16
0
2.220446049e-16
0
-2.220446049e-16
2.220446049e-16
0
0
2.220446049e-16
0
-2.220446049e-16
0
0
0
2.220446049e-16
0
-4.440892099e-16
0
0
0
0
0
0
0
0
0
0
-2.220446049e-16
-2.220446049e-16
0
0
0
0
0
-2.220446049e-16
0
0
0
0
2.220446049e-16
0
0
0
2.220446049e-16
0
0
0
0
2.220446049e-16
0
2.220446049e-16
0
0
0
0
0
0
0
-2.220446049e-16
0
0
0
0
0
0
0
2.220446049e-16
0
0
0
0
-2.220446049e-16
0
0
0
-4.440892099e-16
0
0
0
0
0
0
0
2.220446049e-16
0
0
0
0
0
0
0
-2.220446049e-16
0
0
-4.440892099e-16
-2.220446049e-16
0
0
0
0
0
-4.440892099e-16
0
0
0
0
0
0
0
2.220446049e-16
0
0
0
0
0
0
0
0
0
0
0
-2.220446049e-16
0
-2.220446049e-16
0
-2.220446049e-16
0
2.220446049e-16
2.220446049e-16
0
-2.220446049e-16
-2.220446049e-16
-2.220446049e-16
0
0
-2.220446049e-16
-2.220446049e-16
0
2.220446049e-16
0
2.220446049e-16
0
-4.440892099e-16
0
0
2.220446049e-16
0
2.220446049e-16
0
0
2.220446049e-16
2.220446049e-16
2.220446049e-16
-2.220446049e-16
-2.220446049e-16
0
0
0
-2.220446049e-16
2.220446049e-16
0
0
4.440892099e-16
0
0
0
0
2.220446049e-16
0
0
0
0
0
4.440892099e-16
0
4.440892099e-16
0
2.220446049e-16
2.220446049e-16
0
0
2.220446049e-16
0
0
0
0
0
2.220446049e-16
0
0
2.220446049e-16
0
2.220446049e-16
0
2.220446049e-16
0
2.220446049e-16
2.220446049e-16
0
2.220446049e-16
0
0
0
2.220446049e-16
0
0
2.220446049e-16
2.220446049e-16
0
0
2.220446049e-16
-2.220446049e-16
2.220446049e-16
2.220446049e-16
0
2.220446049e-16
0
2.220446049e-16
0
2.220446049e-16
2.220446049e-16
0
-2.220446049e-16
-2.220446049e-16
2.220446049e-16
2.220446049e-16
2.220446049e-16
0
0
2.220446049e-16
0
0
0
-2.220446049e-16
0
2.220446049e-16
2.220446049e-16
2.220446049e-16
2.220446049e-16
-2.220446049e-16
-2.220446049e-16
0
0
2.220446049e-16
0
0
2.220446049e-16
2.220446049e-16
0
0
2.220446049e-16
0
2.220446049e-16
2.220446049e-16
0
2.220446049e-16
0
-2.220446049e-16
2.220446049e-16
2.220446049e-16
0
0
-2.220446049e-16
0
2.220446049e-16
0
-2.220446049e-16
0
0
2.220446049e-16
0
-4.440892099e-16
0
-2.220446049e-16
-2.220446049e-16
0
0
0
0
0
0
0
0
-2.220446049e-16
0
2.220446049e-16
0
0
0
0
-2.220446049e-16
0
-2.220446049e-16
-2.220446049e-16
-2.220446049e-16
-2.220446049e-16
0
0
2.220446049e-16
-2.220446049e-16
-2.220446049e-16
-2.220446049e-16
-2.220446049e-16
0
0
2.220446049e-16
0
-2.220446049e-16
0
0
0
0
0
2.220446049e-16
2.220446049e-16
-2.220446049e-16
0
0
0
2.220446049e-16
2.220446049e-16
0
0
-2.220446049e-16
0
-2.220446049e-16
0
0
0
0
0
-2.220446049e-16
0
0
0
0
0
0
0
0
0
0
0
0
2.220446049e-16
2.220446049e-16
0
0
0
0
0
0
2.220446049e-16
0
0
0
2.220446049e-16
0
0
-4.440892099e-16
0
0
0
-4.440892099e-16
0
0
0
2.220446049e-16
0
-2.220446049e-16
2.220446049e-16
2.220446049e-16
-2.220446049e-16
2.220446049e-16
0
-2.220446049e-16
2.220446049e-16
2.220446049e-16
0
0
0
0
-4.440892099e-16
-4.440892099e-16
0
0
0
-4.440892099e-16
0
-4.440892099e-16
0
0
0
-4.440892099e-16
-4.440892099e-16
-2.220446049e-16
-2.220446049e-16
0
0
2.220446049e-16
0
0
-2.220446049e-16
0
0
2.220446049e-16
0
0
0
2.220446049e-16
0
0
0
0
0
0
0
0
0
-4.440892099e-16
-4.440892099e-16
0
-2.220446049e-16
2.220446049e-16
0
-2.220446049e-16
-4.440892099e-16
-2.220446049e-16
2.220446049e-16
0
0
0
-2.220446049e-16
2.220446049e-16
0
2.220446049e-16
0
2.220446049e-16
0
0
0
0
0
0
0
0
0
0
-2.220446049e-16
0
-2.220446049e-16
0
0
0
-2.220446049e-16
0
0
0
0
0
0
-2.220446049e-16
-2.220446049e-16
-2.220446049e-16
0
0
2.220446049e-16
2.220446049e-16
2.220446049e-16
0
0
0
-2.220446049e-16
-2.220446049e-16
0
-2.220446049e-16
0
2.220446049e-16
0
0
0
0
0
0
-2.220446049e-16
2.220446049e-16
2.220446049e-16
0
2.220446049e-16
2.220446049e-16
0
0
0
-2.220446049e-16
0
0
0
0
0
0
0
2.220446049e-16
-2.220446049e-16
0
0
2.220446049e-16
2.220446049e-16
0
0
0
0
0
0
0
-4.440892099e-16
0
0
0
0
0
0
0
0
0
0
-4.440892099e-16
0
-4.440892099e-16
0
0
0
0
0
0
0
0
0
0
4.440892099e-16
4.440892099e-16
4.440892099e-16
0
0
0
-4.440892099e-16
0
-4.440892099e-16
0
4.440892099e-16
4.440892099e-16
0
0
0
0
0
4.440892099e-16
0
4.440892099e-16
0
4.440892099e-16
4.440892099e-16
0
0
0
0
0
-4.440892099e-16
-4.440892099e-16
0
0
0
0
0
0
0
0
-2.220446049e-16
0
0
2.220446049e-16
0
0
0
2.220446049e-16
2.220446049e-16
0
-2.220446049e-16
-2.220446049e-16
0
0
0
0
0
2.220446049e-16
0
0
0
0
0
0
0
0
0
-2.220446049e-16
2.220446049e-16
0
-2.220446049e-16
2.220446049e-16
2.220446049e-16
2.220446049e-16
2.220446049e-16
2.220446049e-16
2.220446049e-16
2.220446049e-16
2.220446049e-16
0
-2.220446049e-16
0
0
0
0
0
0
0
0
0
0
0
-4.440892099e-16
0
-4.440892099e-16
0
0
0
0
0
0
0
0
0
0
0
0
0
0
-4.440892099e-16
0
0
0
0
-4.440892099e-16
-4.440892099e-16
0
0
0
0
0
0
0
0
4.440892099e-16
0
4.440892099e-16
0
0
0
4.440892099e-16
-4.440892099e-16
-4.440892099e-16
-4.440892099e-16
0
0
-4.440892099e-16
0
0
0
0
0
2.220446049e-16
2.220446049e-16
2.220446049e-16
2.220446049e-16
2.220446049e-16
0
0
0
2.220446049e-16
0
0
0
0
-2.220446049e-16
-2.220446049e-16
0
2.220446049e-16
-2.220446049e-16
0
0
0
-2.220446049e-16
0
0
0
-2.220446049e-16
0
0
0
0
0
0
0
0
0
0
0
0
0
0
-2.220446049e-16
0
2.220446049e-16
2.220446049e-16
2.220446049e-16
0
0
2.220446049e-16
0
2.220446049e-16
2.220446049e-16
2.220446049e-16
2.220446049e-16
-2.220446049e-16
2.220446049e-16
0
2.220446049e-16
0
-2.220446049e-16
-2.220446049e-16
-2.220446049e-16
0
-2.220446049e-16
0
0
0
0
0
0
-2.220446049e-16
2.220446049e-16
0
-2.220446049e-16
2.220446049e-16
-2.220446049e-16
2.220446049e-16
-2.220446049e-16
2.220446049e-16
0
2.220446049e-16
2.220446049e-16
0
2.220446049e-16
-2.220446049e-16
-2.220446049e-16
-2.220446049e-16
2.220446049e-16
0
0
-2.220446049e-16
-2.220446049e-16
-2.220446049e-16
0
0
2.220446049e-16
-2.220446049e-16
2.220446049e-16
-2.220446049e-16
-2.220446049e-16
0
-2.220446049e-16
2.220446049e-16
0
0
2.220446049e-16
0
2.220446049e-16
2.220446049e-16
0
-2.220446049e-16
-2.220446049e-16
0
0
0
0
0
0
0
0
0
0
2.220446049e-16
2.220446049e-16
0
0
0
0
-2.220446049e-16
-2.220446049e-16
0
-2.220446049e-16
0
0
-2.220446049e-16
2.220446049e-16
-2.220446049e-16
-2.220446049e-16
0
2.220446049e-16
0
-2.220446049e-16
0
-2.220446049e-16
-2.220446049e-16
-2.220446049e-16
2.220446049e-16
2.220446049e-16
0
-2.220446049e-16
0
0
-2.220446049e-16
2.220446049e-16
-2.220446049e-16
0
-2.220446049e-16
0
-2.220446049e-16
-2.220446049e-16
0
-2.220446049e-16
-2.220446049e-16
0
0
0
0
-2.220446049e-16
0
-2.220446049e-16
-2.220446049e-16
-2.220446049e-16
-2.220446049e-16
0
-2.220446049e-16
0
-2.220446049e-16
0
0
0
0
0
0
2.220446049e-16
2.220446049e-16
2.220446049e-16
-2.220446049e-16
0
-2.220446049e-16
2.220446049e-16
0
-2.220446049e-16
-2.220446049e-16
2.220446049e-16
0
0
-2.220446049e-16
-2.220446049e-16
0
2.220446049e-16
-2.220446049e-16
-2.220446049e-16
-2.220446049e-16
0
2.220446049e-16
0
0
0
0
0
-2.220446049e-16
2.220446049e-16
-2.220446049e-16
2.220446049e-16
2.220446049e-16
0
2.220446049e-16
2.220446049e-16
0
-2.220446049e-16
0
-2.220446049e-16
-2.220446049e-16
0
0
-2.220446049e-16
-2.220446049e-16
-2.220446049e-16
0
0
0
0
0
0
0
-2.220446049e-16
0
0
0
-2.220446049e-16
-2.220446049e-16
-2.220446049e-16
0
-2.220446049e-16
-2.220446049e-16
0
0
0
0
0
0
0
0
-2.220446049e-16
-2.220446049e-16
-2.220446049e-16
0
0
0
0
0
0
0
0
2.220446049e-16
0
0
0
0
0
0
0
2.220446049e-16
2.220446049e-16
0
0
0
0
0
0
0
2.220446049e-16
0
2.220446049e-16
2.220446049e-16
0
2.220446049e-16
0
0
2.220446049e-16
0
-2.220446049e-16
0
0
0
0
-2.220446049e-16
0
-2.220446049e-16
-4.440892099e-16
-2.220446049e-16
0
2.220446049e-16
2.220446049e-16
2.220446049e-16
0
0
2.220446049e-16
-2.220446049e-16
2.220446049e-16
-2.220446049e-16
0
0
0
0
2.220446049e-16
2.220446049e-16
2.220446049e-16
2.220446049e-16
0
0
0
2.220446049e-16
0
0
0
0
4.440892099e-16
0
0
0
0
0
0
2.220446049e-16
0
0
-2.220446049e-16
-4.440892099e-16
-4.440892099e-16
0
0
0
-2.220446049e-16
0
4.440892099e-16
0
2.220446049e-16
0
0
0
4.440892099e-16
0
2.220446049e-16
2.220446049e-16
0
0
0
0
2.220446049e-16
0
4.440892099e-16
2.220446049e-16
0
2.220446049e-16
2.220446049e-16
-2.220446049e-16
2.220446049e-16
0
0
0
0
0
2.220446049e-16
0
0
0
0
0
0
0
0
0
0
2.220446049e-16
2.220446049e-16
-2.220446049e-16
2.220446049e-16
2.220446049e-16
0
0
2.220446049e-16
2.220446049e-16
2.220446049e-16
-2.220446049e-16
2.220446049e-16
-2.220446049e-16
-2.220446049e-16
2.220446049e-16
2.220446049e-16
2.220446049e-16
0
-2.220446049e-16
-2.220446049e-16
0
2.220446049e-16
0
-4.440892099e-16
2.220446049e-16
-4.440892099e-16
0
0
0
0
2.220446049e-16
0
0
0
2.220446049e-16
0
0
-2.220446049e-16
0
0
0
0
0
0
2.220446049e-16
0
2.220446049e-16
0
0
0
-2.220446049e-16
0
0
0
0
0
0
0
0
0
0
0
0
0
0
0
-4.440892099e-16
-2.220446049e-16
0
0
0
-4.440892099e-16
0
0
0
0
0
0
0
0
0
0
0
-2.220446049e-16
0
-2.220446049e-16
0
0
0
0
0
2.220446049e-16
0
-2.220446049e-16
0
0
0
2.220446049e-16
0
0
2.220446049e-16
0
0
0
0
0
0
0
0
-2.220446049e-16
0
-2.220446049e-16
-2.220446049e-16
0
0
-2.220446049e-16
0
0
-2.220446049e-16
-2.220446049e-16
0
0
-2.220446049e-16
0
-2.220446049e-16
-2.220446049e-16
0
0
0
0
0
0
0
0
0
0
0
2.220446049e-16
2.220446049e-16
2.220446049e-16
0
0
0
2.220446049e-16
0
2.220446049e-16
-2.220446049e-16
-2.220446049e-16
-2.220446049e-16
-2.220446049e-16
-2.220446049e-16
-2.220446049e-16
-2.220446049e-16
-2.220446049e-16
0
0
2.220446049e-16
0
0
2.220446049e-16
2.220446049e-16
0
0
2.220446049e-16
0
0
0
0
-2.220446049e-16
0
0
2.220446049e-16
0
0
0
-2.220446049e-16
0
0
-2.220446049e-16
-2.220446049e-16
-2.220446049e-16
-2.220446049e-16
-2.220446049e-16
-2.220446049e-16
-2.220446049e-16
0
-2.220446049e-16
0
2.220446049e-16
0
)
;

boundaryField
{
    side1
    {
        type            calculated;
        value           uniform 1000;
    }
    side2
    {
        type            calculated;
        value           uniform 0;
    }
    empty1
    {
        type            empty;
    }
    empty2
    {
        type            empty;
    }
}


// ************************************************************************* //
