/*--------------------------------*- C++ -*----------------------------------*\
| =========                 |                                                 |
| \\      /  F ield         | OpenFOAM: The Open Source CFD Toolbox           |
|  \\    /   O peration     | Version:  2312                                  |
|   \\  /    A nd           | Website:  www.openfoam.com                      |
|    \\/     M anipulation  |                                                 |
\*---------------------------------------------------------------------------*/
FoamFile
{
    version     2.0;
    format      ascii;
    arch        "LSB;label=32;scalar=64";
    class       volScalarField;
    location    "0.005";
    object      T;
}
// * * * * * * * * * * * * * * * * * * * * * * * * * * * * * * * * * * * * * //

dimensions      [0 0 0 1 0 0 0];

internalField   nonuniform List<scalar> 
8000
(
298.0000734
297.9995837
297.999537
297.9996885
297.9997976
297.999893
298.000027
298.0002294
298.0004353
298.0005713
298.0006475
298.0006815
298.0006887
298.0006812
298.0006626
298.0006316
298.0005856
298.00052
298.000431
298.0003179
298.0001821
298.0000453
297.9999315
297.9998411
297.9997702
297.9997146
297.9996706
297.9996351
297.9996059
297.9995815
297.9995602
297.9995408
297.9995225
297.9995044
297.9994864
297.999468
297.9994494
297.9994307
297.9994119
297.9993932
297.9993746
297.9993563
297.9993385
297.9993215
297.9993055
297.9992903
297.9992758
297.9992617
297.9992481
297.9992347
297.9992215
297.9992087
297.9991962
297.999184
297.9991721
297.9991606
297.9991496
297.9991388
297.9991284
297.9991182
297.9991083
297.9990984
297.9990885
297.9990784
297.9990681
297.9990576
297.9990466
297.9990352
297.9990232
297.9990106
297.9989975
297.9989838
297.9989698
297.9989553
297.9989406
297.9989256
297.9989105
297.9988953
297.99888
297.9988647
297.9988494
297.9988343
297.9988193
297.9988045
297.9987899
297.9987755
297.9987613
297.9987473
297.9987336
297.99872
297.9987065
297.9986931
297.9986798
297.9986664
297.9986531
297.9986399
297.9986267
297.9986136
297.9986005
297.9985874
297.9985743
297.9985612
297.9985481
297.9985348
297.9985214
297.9985079
297.9984943
297.9984805
297.9984666
297.9984525
297.9984382
297.9984236
297.9984089
297.9983941
297.998379
297.9983638
297.9983483
297.9983326
297.9983168
297.9983007
297.9982845
297.9982682
297.9982517
297.9982351
297.9982185
297.9982019
297.9981853
297.9981687
297.9981522
297.9981359
297.9981197
297.9981037
297.998088
297.9980724
297.9980571
297.9980421
297.9980273
297.9980127
297.9979984
297.9979843
297.9979703
297.9979564
297.9979425
297.9979286
297.9979146
297.9979004
297.997886
297.9978712
297.9978561
297.9978406
297.9978246
297.9978081
297.9977911
297.9977736
297.9977557
297.9977373
297.9977185
297.9976995
297.9976802
297.9976608
297.9976414
297.9976221
297.9976031
297.9975846
297.9975668
297.9975498
297.9975336
297.9975186
297.9975048
297.9974921
297.9974809
297.9974711
297.9974627
297.997456
297.9974509
297.9974474
297.9974457
297.9974457
297.9974474
297.9974508
297.9974564
297.9974635
297.9974722
297.9974823
297.9974939
297.9975068
297.9975207
297.9975356
297.9975513
297.9975677
297.9975846
297.9976019
297.9976195
297.9976372
297.9976548
297.9976722
297.9976893
297.9977059
297.9977217
297.997737
297.9977515
297.997765
297.9977774
297.9977888
297.9977992
297.9978085
297.9978167
297.9978236
297.9978292
297.9978336
297.9978368
297.997839
297.99784
297.9978398
297.9978385
297.9978361
297.9978323
297.9978275
297.9978214
297.9978146
297.9978068
297.9977979
297.9977881
297.9977773
297.9977657
297.9977532
297.9977401
297.9977262
297.9977117
297.9976967
297.9976811
297.997665
297.9976486
297.9976318
297.9976147
297.9975975
297.9975802
297.9975629
297.9975457
297.9975286
297.9975117
297.9974949
297.9974784
297.9974621
297.997446
297.9974301
297.9974144
297.997399
297.9973838
297.9973689
297.9973543
297.9973401
297.9973264
297.9973132
297.9973005
297.9972883
297.9972767
297.9972656
297.9972551
297.9972451
297.9972357
297.9972268
297.9972183
297.9972102
297.9972025
297.9971951
297.997188
297.9971812
297.9971746
297.9971683
297.9971622
297.9971564
297.9971507
297.9971453
297.9971401
297.997135
297.99713
297.9971252
297.9971204
297.9971157
297.9971111
297.9971066
297.9971021
297.9970976
297.9970932
297.9970889
297.9970846
297.9970804
297.9970762
297.9970721
297.997068
297.997064
297.9970599
297.9970559
297.9970519
297.997048
297.9970441
297.9970403
297.9970366
297.997033
297.9970296
297.9970262
297.9970229
297.9970197
297.9970167
297.9970137
297.9970108
297.997008
297.9970052
297.9970025
297.9969999
297.9969973
297.9969948
297.9969923
297.9969899
297.9969876
297.9969854
297.9969833
297.9969812
297.9969792
297.9969773
297.9969754
297.9969735
297.9969718
297.99697
297.9969684
297.9969668
297.9969654
297.996964
297.9969628
297.9969616
297.9969605
297.9969595
297.9969587
297.9969579
297.9969573
297.9969568
297.9969564
297.9969561
297.996956
297.996956
297.9969561
297.9969563
297.9969568
297.9969574
297.9969582
297.9969592
297.9969604
297.9969618
297.9969634
297.9969653
297.9969673
297.9969696
297.9969721
297.9969748
297.9969777
297.9969808
297.996984
297.9969875
297.9969911
297.9969949
297.9969988
297.9970028
297.997007
297.9970113
297.9970157
297.9970202
297.9970248
297.9970295
297.9970342
297.9970388
297.9970435
297.9970482
297.9970528
297.9970574
297.9970621
297.9970667
297.9970713
297.9970759
297.9970804
297.9970849
297.9970894
297.9970937
297.9970981
297.9971023
297.9971064
297.9971104
297.9971143
297.9971181
297.9971219
297.9971256
297.9971293
297.997133
297.9971367
297.9971403
297.997144
297.9971476
297.9971512
297.9971547
297.9971584
297.997162
297.9971656
297.9971693
297.997173
297.9971767
297.9971805
297.9971843
297.9971883
297.9971923
297.9971963
297.9972005
297.9972047
297.9972091
297.9972135
297.997218
297.9972226
297.9972273
297.9972322
297.9972371
297.9972422
297.9972474
297.9972527
297.9972581
297.9972636
297.9972693
297.9972751
297.9972809
297.9972869
297.9972931
297.9972993
297.9973057
297.9973121
297.9973187
297.9973254
297.9973322
297.997339
297.997346
297.9973531
297.9973603
297.9973676
297.997375
297.9973825
297.9973901
297.9973978
297.9974055
297.9974134
297.9974213
297.9974293
297.9974374
297.9974456
297.9974538
297.9974622
297.9974707
297.9974792
297.9974879
297.9974966
297.9975054
297.9975143
297.9975232
297.9975322
297.9975413
297.9975505
297.9975598
297.9975692
297.9975787
297.9975882
297.9975979
297.9976077
297.9976175
297.9976275
297.9976375
297.9976475
297.9976575
297.9976677
297.9976778
297.9976881
297.9976984
297.9977089
297.9977194
297.99773
297.9977406
297.9977514
297.9977622
297.9977732
297.9977842
297.9977952
297.9978063
297.9978175
297.9978288
297.9978402
297.9978516
297.9978631
297.9978747
297.9978863
297.997898
297.9979098
297.9979216
297.9979335
297.9979455
297.9979575
297.9979696
297.9979818
297.997994
297.9980064
297.9980188
297.9980312
297.9980437
297.9980563
297.998069
297.9980817
297.9980944
297.9981072
297.9981201
297.998133
297.998146
297.998159
297.9981721
297.9981853
297.9981985
297.9982117
297.9982251
297.9982385
297.9982519
297.9982654
297.9982789
297.9982925
297.9983062
297.9983198
297.9983336
297.9983473
297.9983611
297.9983749
297.9983888
297.9984027
297.9984167
297.9984307
297.9984448
297.9984589
297.9984731
297.9984872
297.9985015
297.9985157
297.99853
297.9985444
297.9985587
297.9985731
297.9985874
297.9986018
297.9986163
297.9986307
297.9986451
297.9986596
297.9986741
297.9986886
297.9987031
297.9987177
297.9987323
297.9987468
297.9987614
297.998776
297.9987906
297.9988053
297.9988199
297.9988345
297.9988492
297.9988638
297.9988785
297.9988932
297.9989079
297.9989226
297.9989373
297.9989519
297.9989666
297.9989813
297.998996
297.9990107
297.9990253
297.99904
297.9990546
297.9990693
297.9990839
297.9990986
297.9991132
297.9991279
297.9991426
297.9991573
297.999172
297.9991868
297.9992016
297.9992164
297.9992312
297.999246
297.9992608
297.9992756
297.9992903
297.9993051
297.9993199
297.9993346
297.9993493
297.9993641
297.9993788
297.9993936
297.9994084
297.9994232
297.999438
297.9994529
297.9994677
297.9994826
297.9994974
297.9995122
297.999527
297.9995418
297.9995566
297.9995714
297.9995861
297.9996008
297.9996155
297.9996302
297.9996449
297.9996596
297.9996743
297.999689
297.9997036
297.9997183
297.9997329
297.9997475
297.9997621
297.9997767
297.9997913
297.9998058
297.9998204
297.9998349
297.9998494
297.9998639
297.9998784
297.9998928
297.9999072
297.9999215
297.9999358
297.9999501
297.9999644
297.9999786
297.9999929
298.0000071
298.0000212
298.0000354
298.0000495
298.0000637
298.0000778
298.0000918
298.0001059
298.0001199
298.0001339
298.0001478
298.0001617
298.0001756
298.0001895
298.0002033
298.0002171
298.0002309
298.0002447
298.0002584
298.0002722
298.0002859
298.0002996
298.0003132
298.0003268
298.0003404
298.000354
298.0003675
298.000381
298.0003945
298.0004079
298.0004214
298.0004348
298.0004483
298.0004617
298.0004751
298.0004884
298.0005018
298.0005151
298.0005284
298.0005417
298.000555
298.0005682
298.0005814
298.0005946
298.0006077
298.0006208
298.0006339
298.000647
298.0006601
298.0006731
298.0006862
298.0006992
298.0007123
298.0007253
298.0007383
298.0007513
298.0007643
298.0007772
298.0007901
298.000803
298.0008159
298.0008288
298.0008417
298.0008546
298.0008675
298.0008803
298.0008932
298.000906
298.0009188
298.0009316
298.0009444
298.0009571
298.0009698
298.0009825
298.0009951
298.0010078
298.0010204
298.0010331
298.0010457
298.0010584
298.0010711
298.0010838
298.0010965
298.0011091
298.0011217
298.0011343
298.0011468
298.0011594
298.0011719
298.0011844
298.0011969
298.0012093
298.0012218
298.0012343
298.0012467
298.0012592
298.0012717
298.0012841
298.0012966
298.001309
298.0013215
298.0013339
298.0013463
298.0013587
298.0013711
298.0013834
298.0013957
298.001408
298.0014203
298.0014326
298.0014449
298.0014572
298.0014694
298.0014816
298.0014939
298.0015061
298.0015182
298.0015304
298.0015426
298.0015548
298.001567
298.0015791
298.0015913
298.0016035
298.0016156
298.0016278
298.0016399
298.001652
298.0016641
298.0016761
298.0016882
298.0017002
298.0017122
298.0017242
298.0017361
298.0017481
298.00176
298.001772
298.0017839
298.0017958
298.0018077
298.0018196
298.0018314
298.0018433
298.0018551
298.0018669
298.0018787
298.0018905
298.0019022
298.0019139
298.0019257
298.0019374
298.0019491
298.0019607
298.0019723
298.0019839
298.0019955
298.0020069
298.0020183
298.0020296
298.0020408
298.002052
298.0020632
298.0020743
298.0020854
298.0020965
298.0021076
298.0021186
298.0021296
298.0021406
298.0021515
298.0021623
298.0021731
298.0021839
298.0021945
298.0022051
298.0022155
298.0022258
298.0022361
298.0022461
298.002256
298.0022659
298.0022756
298.0022852
298.0022947
298.002304
298.0023133
298.0023224
298.0023314
298.0023403
298.0023489
298.0023575
298.0023658
298.002374
298.002382
298.0023899
298.0023976
298.0024052
298.0024126
298.0024198
298.0024268
298.0024336
298.0024403
298.0024468
298.0024531
298.0024592
298.002465
298.0024707
298.0024762
298.0024815
298.0024866
298.0024915
298.0024963
298.0025008
298.0025051
298.0025093
298.0025133
298.002517
298.0025206
298.002524
298.0025271
298.00253
298.0025327
298.0025353
298.0025377
298.00254
298.0025421
298.0025441
298.002546
298.0025478
298.0025493
298.0025507
298.0025519
298.002553
298.0025539
298.0025548
298.0025555
298.0025562
298.0025567
298.002557
298.0025573
298.0025575
298.0025575
298.0025575
298.0025574
298.0025571
298.0025567
298.0025562
298.0025556
298.0025549
298.0025541
298.0025532
298.0025523
298.0025513
298.0025503
298.0025492
298.0025481
298.0025469
298.0025457
298.0025444
298.0025431
298.0025417
298.0025402
298.0025387
298.0025371
298.0025355
298.0025338
298.0025321
298.0025303
298.0025284
298.0025265
298.0025244
298.0025224
298.0025202
298.002518
298.0025158
298.0025136
298.0025113
298.002509
298.0025066
298.0025041
298.0025016
298.0024991
298.0024965
298.0024939
298.0024911
298.0024883
298.0024853
298.0024822
298.002479
298.0024757
298.0024724
298.0024689
298.0024655
298.002462
298.0024585
298.0024548
298.0024511
298.0024474
298.0024435
298.0024396
298.0024355
298.0024314
298.0024272
298.0024228
298.0024183
298.0024137
298.0024089
298.002404
298.0023991
298.0023941
298.0023889
298.0023836
298.0023783
298.0023728
298.0023672
298.0023614
298.0023555
298.0023495
298.0023434
298.0023373
298.002331
298.0023245
298.002318
298.0023114
298.0023047
298.0022979
298.002291
298.002284
298.0022769
298.0022697
298.0022624
298.0022549
298.0022474
298.0022397
298.0022319
298.0022241
298.0022161
298.0022081
298.0021999
298.0021918
298.0021835
298.0021752
298.0021669
298.0021585
298.0021501
298.0021417
298.0021332
298.0021247
298.0021162
298.0021076
298.0020991
298.0020906
298.002082
298.0020735
298.0020651
298.0020567
298.0020484
298.00204
298.0020317
298.0020235
298.0020152
298.0020071
298.001999
298.0019911
298.0019834
298.0019757
298.0019682
298.0019607
298.0019535
298.0019463
298.0019394
298.0019327
298.001926
298.0019196
298.0019133
298.0019071
298.0019012
298.0018955
298.0018899
298.0018846
298.0018794
298.0018744
298.0018698
298.0018653
298.001861
298.0018568
298.0018529
298.0018493
298.0018459
298.0018426
298.0018397
298.0018369
298.0018344
298.001832
298.00183
298.0018281
298.0018264
298.001825
298.0018238
298.0018228
298.0018219
298.0018213
298.0018208
298.0018204
298.0018203
298.0018203
298.0018206
298.001821
298.0018215
298.0018222
298.0018231
298.0018241
298.0018253
298.0018267
298.0018282
298.0018298
298.0018316
298.0018334
298.0018353
298.0018373
298.0018395
298.0018417
298.001844
298.0018463
298.0018487
298.0018511
298.0018537
298.0018564
298.0018591
298.0018619
298.0018647
298.0018675
298.0018703
298.0018732
298.0018761
298.001879
298.001882
298.0018851
298.0018881
298.0018911
298.001894
298.001897
298.0018999
298.0019029
298.0019058
298.0019088
298.0019117
298.0019146
298.0019175
298.0019204
298.0019233
298.0019262
298.0019291
298.0019319
298.0019347
298.0019374
298.0019401
298.0019426
298.0019451
298.0019475
298.0019499
298.0019522
298.0019545
298.0019567
298.001959
298.0019611
298.0019631
298.0019651
298.0019671
298.0019689
298.0019706
298.0019722
298.0019736
298.0019749
298.0019761
298.0019772
298.0019783
298.0019793
298.0019802
298.0019809
298.0019813
298.0019816
298.0019816
298.0019816
298.0019813
298.001981
298.0019804
298.0019798
298.0019788
298.0019776
298.0019762
298.0019746
298.0019727
298.0019705
298.001968
298.0019653
298.0019624
298.0019592
298.0019557
298.001952
298.0019479
298.0019434
298.0019387
298.0019338
298.0019284
298.0019227
298.0019166
298.0019102
298.0019036
298.0018966
298.0018891
298.0018812
298.0018729
298.0018642
298.001855
298.0018455
298.0018356
298.0018252
298.0018143
298.001803
298.0017914
298.0017795
298.001767
298.0017541
298.0017406
298.0017266
298.0017122
298.0016974
298.0016822
298.0016665
298.0016503
298.0016335
298.0016163
298.0015986
298.0015805
298.0015618
298.0015426
298.0015228
298.0015026
298.001482
298.0014607
298.0014387
298.0014164
298.0013937
298.0013706
298.0013471
298.0013229
298.0012982
298.0012729
298.0012472
298.0012212
298.0011943
298.0011671
298.0011394
298.001111
298.0010823
298.0010533
298.0010237
298.0009937
298.000963
298.000932
298.0009004
298.0008684
298.0008358
298.0008026
298.000769
298.000735
298.0007006
298.0006656
298.0006301
298.0005943
298.0005579
298.0005211
298.0004841
298.0004465
298.0004084
298.0003699
298.0003311
298.0002918
298.0002521
298.0002119
298.0001712
298.0001302
298.0000888
298.0000468
298.0000045
297.9999617
297.9999185
297.9998748
297.9998308
297.9997865
297.9997419
297.999697
297.9996517
297.9996061
297.9995599
297.9995133
297.9994665
297.9994193
297.9993718
297.999324
297.9992758
297.9992273
297.9991785
297.9991293
297.9990799
297.99903
297.9989799
297.9989296
297.998879
297.9988282
297.9987771
297.9987256
297.9986738
297.9986218
297.9985695
297.998517
297.9984643
297.9984114
297.9983582
297.9983049
297.9982513
297.9981976
297.9981437
297.9980898
297.9980356
297.9979813
297.9979267
297.997872
297.9978171
297.9977622
297.9977071
297.997652
297.9975967
297.9975413
297.9974859
297.9974304
297.9973747
297.9973191
297.9972634
297.9972077
297.997152
297.9970962
297.9970406
297.996985
297.9969294
297.9968739
297.9968184
297.9967629
297.9967075
297.9966521
297.9965968
297.9965416
297.9964867
297.9964319
297.9963773
297.9963228
297.9962684
297.9962142
297.9961601
297.9961062
297.9960524
297.9959987
297.9959453
297.9958921
297.9958393
297.9957867
297.9957344
297.9956825
297.9956308
297.9955795
297.9955285
297.9954778
297.9954273
297.9953772
297.9953275
297.9952781
297.995229
297.9951803
297.9951322
297.9950844
297.995037
297.99499
297.9949435
297.9948975
297.994852
297.994807
297.9947624
297.9947182
297.9946744
297.9946312
297.9945889
297.9945467
297.9945054
297.9944643
297.9944237
297.9943837
297.9943442
297.9943054
297.9942672
297.9942298
297.994193
297.9941565
297.9941205
297.994085
297.9940499
297.9940156
297.993982
297.9939489
297.9939165
297.9938846
297.9938537
297.9938232
297.9937931
297.9937637
297.993735
297.9937068
297.993679
297.993652
297.9936254
297.9935995
297.9935744
297.9935498
297.9935256
297.9935023
297.9934793
297.9934571
297.9934353
297.9934139
297.993393
297.9933726
297.9933527
297.9933333
297.9933144
297.9932959
297.993278
297.9932603
297.9932431
297.9932265
297.9932102
297.9931945
297.993179
297.9931639
297.9931492
297.9931349
297.9931208
297.9931071
297.9930936
297.9930804
297.9930674
297.9930548
297.9930425
297.9930303
297.9930183
297.9930065
297.9929949
297.9929834
297.9929721
297.9929608
297.9929496
297.9929384
297.9929274
297.9929166
297.9929058
297.9928951
297.9928843
297.9928734
297.9928626
297.9928518
297.9928409
297.9928301
297.9928193
297.9928083
297.9927973
297.9927861
297.9927749
297.9927637
297.9927524
297.9927409
297.9927293
297.9927177
297.992706
297.9926941
297.992682
297.9926698
297.9926576
297.9926452
297.9926328
297.9926201
297.9926075
297.9925948
297.9925821
297.9925692
297.9925562
297.9925429
297.9925296
297.9925162
297.9925028
297.9924895
297.9924763
297.9924631
297.99245
297.9924369
297.9924238
297.9924106
297.9923975
297.9923847
297.9923721
297.9923595
297.9923469
297.9923347
297.9923227
297.992311
297.9922994
297.9922881
297.9922774
297.9922669
297.9922566
297.9922465
297.992237
297.9922281
297.9922195
297.9922116
297.9922041
297.9921972
297.9921912
297.9921855
297.9921801
297.9921753
297.9921712
297.9921681
297.9921659
297.9921645
297.9921638
297.992164
297.9921648
297.9921667
297.9921693
297.9921729
297.992178
297.9921835
297.9921899
297.9921977
297.9922067
297.9922166
297.9922276
297.9922399
297.9922533
297.9922679
297.9922835
297.9923006
297.9923189
297.9923384
297.9923589
297.9923809
297.9924041
297.992429
297.9924558
297.9924837
297.9925126
297.9925429
297.9925746
297.9926079
297.9926432
297.9926796
297.9927169
297.9927569
297.9927979
297.99284
297.9928842
297.9929293
297.9929759
297.9930243
297.9930746
297.9931261
297.9931795
297.9932344
297.9932906
297.9933481
297.9934069
297.9934676
297.9935303
297.9935943
297.9936601
297.9937271
297.9937954
297.9938651
297.9939365
297.9940097
297.9940846
297.9941604
297.9942377
297.9943165
297.9943968
297.9944785
297.9945617
297.9946465
297.9947323
297.9948197
297.9949081
297.9949979
297.9950891
297.9951813
297.9952746
297.9953691
297.9954653
297.9955625
297.9956613
297.9957613
297.9958623
297.9959642
297.9960671
297.9961709
297.9962757
297.9963815
297.9964883
297.9965962
297.9967051
297.9968146
297.9969251
297.9970364
297.9971484
297.9972611
297.9973743
297.9974884
297.9976035
297.9977192
297.9978352
297.9979514
297.9980681
297.9981857
297.9983037
297.9984222
297.9985409
297.9986599
297.9987792
297.9988989
297.9990189
297.9991391
297.9992594
297.9993798
297.9995003
297.9996208
297.9997413
297.9998618
297.9999824
298.0001028
298.000223
298.000343
298.0004628
298.0005824
298.0007017
298.0008207
298.0009395
298.0010581
298.0011761
298.0012939
298.0014109
298.0015274
298.001643
298.0017585
298.0018734
298.0019881
298.0021014
298.002214
298.0023255
298.0024366
298.0025473
298.0026573
298.0027664
298.0028745
298.0029813
298.0030873
298.0031924
298.0032965
298.0033996
298.0035016
298.0036025
298.0037023
298.0038011
298.0038992
298.0039958
298.0040908
298.0041849
298.0042775
298.0043688
298.004459
298.0045479
298.0046358
298.0047222
298.0048072
298.0048909
298.0049729
298.0050539
298.0051333
298.0052116
298.0052878
298.0053628
298.0054361
298.0055084
298.005579
298.0056477
298.0057151
298.0057811
298.0058459
298.0059096
298.0059709
298.0060304
298.0060884
298.0061456
298.0062007
298.0062541
298.0063061
298.0063564
298.0064052
298.0064525
298.0064984
298.0065425
298.0065855
298.006626
298.0066651
298.0067029
298.0067393
298.0067737
298.0068068
298.0068384
298.0068686
298.0068972
298.0069242
298.0069495
298.0069728
298.0069952
298.0070158
298.007035
298.0070532
298.0070696
298.0070843
298.0070976
298.0071099
298.0071207
298.0071298
298.0071376
298.0071439
298.0071491
298.0071524
298.0071551
298.0071559
298.0071557
298.0071542
298.0071515
298.0071476
298.0071425
298.0071361
298.0071284
298.0071194
298.0071093
298.0070982
298.0070856
298.0070719
298.007057
298.0070412
298.0070243
298.0070064
298.0069874
298.0069673
298.0069462
298.0069242
298.0069011
298.0068771
298.0068522
298.0068264
298.0067997
298.0067721
298.0067437
298.0067145
298.0066844
298.0066536
298.006622
298.0065897
298.0065566
298.0065229
298.0064885
298.0064535
298.0064178
298.0063815
298.0063444
298.0063068
298.0062687
298.0062302
298.0061913
298.0061517
298.0061117
298.0060712
298.0060301
298.0059887
298.005947
298.0059048
298.0058623
298.0058195
298.0057764
298.0057329
298.0056893
298.0056453
298.0056011
298.0055567
298.005512
298.0054672
298.0054222
298.005377
298.0053316
298.0052862
298.0052407
298.0051951
298.0051495
298.0051039
298.0050582
298.0050124
298.0049666
298.0049208
298.0048749
298.0048292
298.0047834
298.0047378
298.0046921
298.0046466
298.0046013
298.0045561
298.004511
298.0044661
298.0044212
298.0043764
298.0043318
298.0042873
298.0042431
298.0041991
298.0041554
298.0041119
298.0040685
298.0040253
298.0039824
298.0039397
298.0038973
298.0038553
298.0038134
298.0037718
298.0037305
298.0036895
298.0036487
298.0036083
298.0035682
298.0035285
298.0034891
298.0034499
298.003411
298.0033725
298.0033344
298.0032966
298.0032591
298.0032219
298.003185
298.0031485
298.0031125
298.0030769
298.0030417
298.0030067
298.002972
298.0029378
298.0029039
298.0028703
298.0028371
298.0028044
298.0027721
298.0027399
298.0027082
298.002677
298.002646
298.0026156
298.0025855
298.0025558
298.0025262
298.0024971
298.0024685
298.0024402
298.0024123
298.0023846
298.0023573
298.0023306
298.0023042
298.0022781
298.0022523
298.0022269
298.0022018
298.0021771
298.0021528
298.0021287
298.0021051
298.0020818
298.0020589
298.0020362
298.0020138
298.0019919
298.0019704
298.001949
298.0019281
298.0019073
298.001887
298.001867
298.0018472
298.0018278
298.0018087
298.0017898
298.0017714
298.0017531
298.0017352
298.0017176
298.0017002
298.0016832
298.0016664
298.0016499
298.0016335
298.0016175
298.0016018
298.0015864
298.0015711
298.0015561
298.0015414
298.0015269
298.0015127
298.0014987
298.001485
298.0014713
298.001458
298.0014449
298.001432
298.0014193
298.0014069
298.0013947
298.0013826
298.0013708
298.0013591
298.0013477
298.0013364
298.0013253
298.0013144
298.0013037
298.0012931
298.0012828
298.0012726
298.0012625
298.0012527
298.001243
298.0012334
298.001224
298.0012148
298.0012057
298.0011967
298.0011879
298.0011792
298.0011707
298.0011623
298.001154
298.0011459
298.0011379
298.00113
298.0011222
298.0011146
298.001107
298.0010996
298.0010923
298.0010851
298.001078
298.001071
298.0010641
298.0010573
298.0010506
298.001044
298.0010375
298.0010311
298.0010248
298.0010185
298.0010124
298.0010063
298.0010003
298.0009944
298.0009886
298.0009828
298.0009771
298.0009715
298.000966
298.0009605
298.0009551
298.0009498
298.0009445
298.0009393
298.0009341
298.000929
298.000924
298.000919
298.0009141
298.0009093
298.0009044
298.0008997
298.000895
298.0008903
298.0008857
298.0008812
298.0008766
298.0008722
298.0008677
298.0008634
298.000859
298.0008547
298.0008505
298.0008463
298.0008421
298.000838
298.0008339
298.0008298
298.0008258
298.0008218
298.0008178
298.0008139
298.00081
298.0008061
298.0008023
298.0007985
298.0007947
298.000791
298.0007872
298.0007836
298.0007799
298.0007763
298.0007727
298.0007691
298.0007655
298.000762
298.0007585
298.000755
298.0007516
298.0007481
298.0007447
298.0007413
298.000738
298.0007346
298.0007313
298.000728
298.0007247
298.0007214
298.0007182
298.0007149
298.0007117
298.0007085
298.0007054
298.0007022
298.0006991
298.0006959
298.0006928
298.0006897
298.0006867
298.0006836
298.0006806
298.0006775
298.0006745
298.0006715
298.0006685
298.0006656
298.0006626
298.0006597
298.0006567
298.0006538
298.0006509
298.000648
298.0006451
298.0006422
298.0006394
298.0006365
298.0006337
298.0006309
298.0006281
298.0006253
298.0006225
298.0006197
298.0006169
298.0006141
298.0006114
298.0006087
298.0006059
298.0006032
298.0006005
298.0005978
298.0005951
298.0005924
298.0005897
298.000587
298.0005843
298.0005817
298.000579
298.0005764
298.0005738
298.0005711
298.0005685
298.0005659
298.0005633
298.0005607
298.0005581
298.0005555
298.0005529
298.0005503
298.0005477
298.0005451
298.0005426
298.00054
298.0005375
298.0005349
298.0005324
298.0005298
298.0005273
298.0005247
298.0005222
298.0005197
298.0005172
298.0005146
298.0005121
298.0005096
298.0005071
298.0005046
298.0005021
298.0004996
298.0004971
298.0004946
298.0004921
298.0004896
298.0004871
298.0004846
298.0004822
298.0004797
298.0004772
298.0004747
298.0004723
298.0004698
298.0004673
298.0004649
298.0004624
298.0004599
298.0004575
298.000455
298.0004526
298.0004501
298.0004476
298.0004452
298.0004427
298.0004403
298.0004378
298.0004354
298.0004329
298.0004305
298.0004281
298.0004256
298.0004232
298.0004207
298.0004183
298.0004158
298.0004134
298.0004109
298.0004085
298.0004061
298.0004036
298.0004012
298.0003987
298.0003963
298.0003938
298.0003914
298.000389
298.0003865
298.0003841
298.0003817
298.0003792
298.0003768
298.0003743
298.0003719
298.0003695
298.000367
298.0003646
298.0003621
298.0003597
298.0003573
298.0003548
298.0003524
298.00035
298.0003475
298.0003451
298.0003426
298.0003402
298.0003378
298.0003353
298.0003329
298.0003304
298.000328
298.0003256
298.0003231
298.0003207
298.0003182
298.0003158
298.0003134
298.0003109
298.0003085
298.000306
298.0003036
298.0003012
298.0002987
298.0002963
298.0002938
298.0002914
298.0002889
298.0002865
298.0002841
298.0002816
298.0002792
298.0002767
298.0002743
298.0002718
298.0002694
298.0002669
298.0002645
298.000262
298.0002595
298.0002571
298.0002546
298.0002522
298.0002498
298.0002473
298.0002449
298.0002424
298.00024
298.0002376
298.0002351
298.0002327
298.0002302
298.0002278
298.0002253
298.0002229
298.0002204
298.000218
298.0002155
298.0002131
298.0002106
298.0002081
298.0002057
298.0002032
298.0002008
298.0001983
298.0001959
298.0001934
298.000191
298.0001885
298.0001861
298.0001836
298.0001812
298.0001787
298.0001763
298.0001738
298.0001714
298.0001689
298.0001665
298.000164
298.0001616
298.0001591
298.0001567
298.0001542
298.0001518
298.0001493
298.0001469
298.0001445
298.000142
298.0001396
298.0001371
298.0001347
298.0001323
298.0001298
298.0001274
298.0001249
298.0001225
298.0001201
298.0001176
298.0001152
298.0001127
298.0001103
298.0001079
298.0001055
298.000103
298.0001006
298.0000982
298.0000958
298.0000933
298.0000909
298.0000885
298.0000861
298.0000837
298.0000813
298.0000789
298.0000764
298.000074
298.0000716
298.0000692
298.0000668
298.0000644
298.000062
298.0000596
298.0000572
298.0000549
298.0000525
298.0000501
298.0000477
298.0000453
298.0000429
298.0000406
298.0000382
298.0000358
298.0000334
298.0000311
298.0000287
298.0000263
298.000024
298.0000216
298.0000193
298.0000169
298.0000146
298.0000122
298.0000099
298.0000075
298.0000052
298.0000028
298.0000005
297.9999981
297.9999957
297.9999934
297.999991
297.9999887
297.9999864
297.999984
297.9999817
297.9999794
297.9999772
297.9999749
297.9999726
297.9999703
297.999968
297.9999657
297.9999635
297.9999612
297.9999589
297.9999566
297.9999543
297.999952
297.9999496
297.9999473
297.999945
297.9999427
297.9999404
297.9999381
297.9999359
297.9999336
297.9999313
297.999929
297.9999268
297.9999245
297.9999222
297.99992
297.9999177
297.9999154
297.9999132
297.9999109
297.9999086
297.9999064
297.9999041
297.9999018
297.9998996
297.9998973
297.999895
297.9998928
297.9998905
297.9998882
297.999886
297.9998837
297.9998814
297.9998792
297.9998769
297.9998747
297.9998724
297.9998702
297.9998679
297.9998656
297.9998634
297.9998611
297.9998589
297.9998566
297.9998543
297.9998521
297.9998498
297.9998475
297.9998453
297.999843
297.9998408
297.9998385
297.9998362
297.999834
297.9998317
297.9998294
297.9998272
297.9998249
297.9998226
297.9998204
297.9998181
297.9998159
297.9998136
297.9998113
297.999809
297.9998068
297.9998045
297.9998022
297.9997999
297.9997977
297.9997954
297.9997931
297.9997908
297.9997886
297.9997863
297.999784
297.9997818
297.9997795
297.9997772
297.9997749
297.9997727
297.9997704
297.9997681
297.9997659
297.9997636
297.9997613
297.999759
297.9997568
297.9997545
297.9997522
297.9997499
297.9997476
297.9997454
297.9997431
297.9997408
297.9997386
297.9997363
297.999734
297.9997318
297.9997295
297.9997272
297.999725
297.9997227
297.9997204
297.9997182
297.9997159
297.9997137
297.9997114
297.9997092
297.9997069
297.9997047
297.9997025
297.9997002
297.999698
297.9996957
297.9996935
297.9996913
297.9996891
297.9996868
297.9996846
297.9996824
297.9996802
297.999678
297.9996758
297.9996736
297.9996714
297.9996692
297.999667
297.9996648
297.9996626
297.9996604
297.9996583
297.9996561
297.9996539
297.9996518
297.9996496
297.9996475
297.9996453
297.9996432
297.999641
297.9996389
297.9996368
297.9996347
297.9996326
297.9996305
297.9996284
297.9996263
297.9996242
297.9996221
297.99962
297.9996179
297.9996158
297.9996138
297.9996117
297.9996096
297.9996076
297.9996055
297.9996035
297.9996014
297.9995994
297.9995974
297.9995954
297.9995934
297.9995914
297.9995894
297.9995874
297.9995854
297.9995834
297.9995814
297.9995795
297.9995775
297.9995756
297.9995736
297.9995717
297.9995697
297.9995678
297.9995659
297.999564
297.999562
297.9995601
297.9995582
297.9995563
297.9995544
297.9995525
297.9995507
297.9995488
297.9995469
297.9995451
297.9995432
297.9995414
297.9995395
297.9995377
297.9995358
297.999534
297.9995322
297.9995304
297.9995286
297.9995268
297.999525
297.9995232
297.9995214
297.9995196
297.9995178
297.9995161
297.9995143
297.9995125
297.9995108
297.999509
297.9995073
297.9995055
297.9995038
297.9995021
297.9995004
297.9994986
297.9994969
297.9994952
297.9994935
297.9994918
297.9994901
297.9994884
297.9994867
297.9994851
297.9994834
297.9994817
297.9994801
297.9994784
297.9994768
297.9994751
297.9994735
297.9994718
297.9994702
297.9994686
297.9994669
297.9994653
297.9994637
297.9994621
297.9994605
297.9994589
297.9994573
297.9994557
297.9994541
297.9994525
297.9994509
297.9994493
297.9994478
297.9994462
297.9994446
297.999443
297.9994415
297.9994399
297.9994384
297.9994368
297.9994353
297.9994338
297.9994322
297.9994307
297.9994292
297.9994277
297.9994262
297.9994247
297.9994231
297.9994216
297.9994201
297.9994186
297.9994171
297.9994157
297.9994142
297.9994127
297.9994112
297.9994097
297.9994082
297.9994067
297.9994053
297.9994038
297.9994023
297.9994009
297.9993994
297.999398
297.9993965
297.9993951
297.9993936
297.9993922
297.9993908
297.9993893
297.9993879
297.9993864
297.999385
297.9993836
297.9993821
297.9993807
297.9993793
297.9993779
297.9993765
297.9993751
297.9993737
297.9993723
297.9993709
297.9993695
297.9993681
297.9993667
297.9993653
297.9993639
297.9993625
297.9993611
297.9993597
297.9993583
297.999357
297.9993556
297.9993542
297.9993528
297.9993514
297.9993501
297.9993487
297.9993473
297.999346
297.9993446
297.9993433
297.9993419
297.9993405
297.9993392
297.9993378
297.9993365
297.9993351
297.9993337
297.9993324
297.9993311
297.9993297
297.9993284
297.9993271
297.9993257
297.9993244
297.9993231
297.9993218
297.9993204
297.9993191
297.9993178
297.9993165
297.9993152
297.9993139
297.9993126
297.9993113
297.99931
297.9993087
297.9993074
297.9993061
297.9993048
297.9993035
297.9993022
297.9993009
297.9992997
297.9992984
297.9992971
297.9992958
297.9992945
297.9992933
297.999292
297.9992907
297.9992895
297.9992882
297.999287
297.9992858
297.9992845
297.9992833
297.9992821
297.9992808
297.9992796
297.9992784
297.9992772
297.9992759
297.9992747
297.9992735
297.9992723
297.9992711
297.9992699
297.9992687
297.9992675
297.9992663
297.9992652
297.999264
297.9992628
297.9992617
297.9992605
297.9992593
297.9992582
297.999257
297.9992559
297.9992548
297.9992536
297.9992525
297.9992514
297.9992502
297.9992491
297.999248
297.9992469
297.9992458
297.9992447
297.9992436
297.9992425
297.9992414
297.9992403
297.9992393
297.9992382
297.9992371
297.9992361
297.999235
297.999234
297.9992329
297.9992319
297.9992309
297.9992299
297.9992288
297.9992278
297.9992268
297.9992258
297.9992248
297.9992238
297.9992229
297.9992219
297.9992209
297.9992199
297.9992189
297.999218
297.999217
297.999216
297.9992151
297.9992141
297.9992132
297.9992122
297.9992113
297.9992104
297.9992095
297.9992086
297.9992077
297.9992068
297.9992059
297.9992051
297.9992042
297.9992033
297.9992025
297.9992016
297.9992008
297.9991999
297.9991991
297.9991982
297.9991973
297.9991965
297.9991957
297.9991948
297.999194
297.9991932
297.9991924
297.9991916
297.9991908
297.99919
297.9991893
297.9991885
297.9991877
297.999187
297.9991862
297.9991855
297.9991847
297.999184
297.9991833
297.9991826
297.9991818
297.9991811
297.9991804
297.9991797
297.9991791
297.9991784
297.9991777
297.9991771
297.9991764
297.9991757
297.9991751
297.9991744
297.9991738
297.9991731
297.9991725
297.9991719
297.9991712
297.9991706
297.99917
297.9991694
297.9991688
297.9991682
297.9991676
297.999167
297.9991664
297.9991659
297.9991653
297.9991647
297.9991642
297.9991636
297.9991631
297.9991626
297.999162
297.9991615
297.999161
297.9991605
297.99916
297.9991595
297.999159
297.9991585
297.999158
297.9991575
297.999157
297.9991566
297.9991561
297.9991556
297.9991551
297.9991547
297.9991542
297.9991537
297.9991533
297.9991529
297.9991524
297.999152
297.9991516
297.9991512
297.9991509
297.9991505
297.9991501
297.9991498
297.9991494
297.9991491
297.9991487
297.9991483
297.999148
297.9991476
297.9991473
297.9991469
297.9991465
297.9991461
297.9991457
297.9991453
297.9991449
297.9991445
297.9991442
297.9991438
297.9991435
297.9991432
297.9991428
297.9991425
297.9991422
297.9991419
297.9991417
297.9991414
297.9991411
297.9991409
297.9991406
297.9991403
297.9991401
297.9991398
297.9991396
297.9991393
297.9991391
297.9991388
297.9991386
297.9991383
297.999138
297.9991378
297.9991375
297.9991372
297.9991369
297.9991367
297.9991364
297.9991362
297.9991359
297.9991357
297.9991355
297.9991353
297.9991351
297.9991349
297.9991347
297.9991346
297.9991344
297.9991342
297.9991341
297.9991339
297.9991338
297.9991336
297.9991334
297.9991333
297.9991331
297.9991329
297.9991328
297.9991326
297.9991324
297.9991322
297.9991321
297.9991319
297.9991318
297.9991316
297.9991315
297.9991314
297.9991313
297.9991312
297.9991311
297.999131
297.9991309
297.9991308
297.9991308
297.9991307
297.9991307
297.9991306
297.9991306
297.9991305
297.9991305
297.9991305
297.9991304
297.9991304
297.9991304
297.9991304
297.9991304
297.9991304
297.9991304
297.9991305
297.9991305
297.9991305
297.9991305
297.9991305
297.9991305
297.9991306
297.9991306
297.9991306
297.9991306
297.9991306
297.9991306
297.9991306
297.9991307
297.9991308
297.9991308
297.9991309
297.999131
297.9991312
297.9991313
297.9991314
297.9991315
297.9991317
297.9991318
297.999132
297.9991321
297.9991323
297.9991324
297.9991325
297.9991327
297.9991328
297.999133
297.9991331
297.9991333
297.9991334
297.9991336
297.9991338
297.999134
297.9991342
297.9991344
297.9991347
297.9991349
297.9991352
297.9991354
297.9991357
297.999136
297.9991362
297.9991365
297.9991368
297.999137
297.9991373
297.9991376
297.9991378
297.9991381
297.9991384
297.9991387
297.999139
297.9991393
297.9991396
297.99914
297.9991403
297.9991406
297.999141
297.9991414
297.9991417
297.9991421
297.9991424
297.9991428
297.9991432
297.9991435
297.9991439
297.9991443
297.9991446
297.999145
297.9991455
297.9991459
297.9991463
297.9991468
297.9991472
297.9991477
297.9991482
297.9991487
297.9991492
297.9991497
297.9991502
297.9991507
297.9991511
297.9991516
297.9991521
297.9991526
297.9991531
297.9991536
297.9991541
297.9991546
297.9991552
297.9991557
297.9991562
297.9991568
297.9991574
297.9991579
297.9991585
297.9991591
297.9991597
297.9991603
297.9991609
297.9991615
297.9991621
297.9991627
297.9991634
297.999164
297.9991646
297.9991653
297.9991659
297.9991666
297.9991673
297.999168
297.9991687
297.9991694
297.9991701
297.9991708
297.9991715
297.9991722
297.9991729
297.9991736
297.9991743
297.9991751
297.9991758
297.9991765
297.9991773
297.999178
297.9991788
297.9991796
297.9991804
297.9991811
297.9991819
297.9991828
297.9991836
297.9991844
297.9991852
297.9991861
297.9991869
297.9991877
297.9991886
297.9991894
297.9991903
297.9991911
297.999192
297.9991929
297.9991937
297.9991946
297.9991955
297.9991964
297.9991973
297.9991982
297.9991991
297.9992
297.9992009
297.9992019
297.9992028
297.9992037
297.9992047
297.9992057
297.9992066
297.9992076
297.9992086
297.9992096
297.9992106
297.9992116
297.9992126
297.9992136
297.9992146
297.9992156
297.9992167
297.9992177
297.9992187
297.9992197
297.9992207
297.9992218
297.9992228
297.9992238
297.9992249
297.999226
297.999227
297.9992281
297.9992292
297.9992303
297.9992314
297.9992326
297.9992337
297.9992348
297.9992359
297.9992371
297.9992382
297.9992393
297.9992404
297.9992415
297.9992426
297.9992438
297.9992449
297.999246
297.9992472
297.9992483
297.9992495
297.9992507
297.9992519
297.9992531
297.9992543
297.9992555
297.9992568
297.999258
297.9992593
297.9992605
297.9992618
297.999263
297.9992643
297.9992655
297.9992667
297.999268
297.9992692
297.9992705
297.9992717
297.999273
297.9992743
297.9992755
297.9992768
297.9992781
297.9992794
297.9992808
297.9992821
297.9992835
297.9992848
297.9992862
297.9992875
297.9992889
297.9992903
297.9992916
297.999293
297.9992944
297.9992957
297.9992971
297.9992985
297.9992998
297.9993012
297.9993026
297.9993039
297.9993053
297.9993067
297.9993081
297.9993095
297.9993109
297.9993123
297.9993138
297.9993153
297.9993167
297.9993182
297.9993197
297.9993211
297.9993226
297.9993241
297.9993256
297.9993271
297.9993286
297.99933
297.9993315
297.999333
297.9993345
297.999336
297.9993374
297.9993389
297.9993404
297.9993419
297.9993434
297.9993449
297.9993464
297.9993479
297.9993495
297.999351
297.9993525
297.999354
297.9993556
297.9993571
297.9993587
297.9993603
297.9993618
297.9993634
297.999365
297.9993667
297.9993683
297.9993699
297.9993715
297.9993731
297.9993748
297.9993764
297.999378
297.9993796
297.9993812
297.9993828
297.9993844
297.999386
297.9993876
297.9993892
297.9993908
297.9993924
297.9993941
297.9993957
297.9993973
297.9993989
297.9994006
297.9994022
297.9994039
297.9994056
297.9994073
297.999409
297.9994107
297.9994124
297.999414
297.9994157
297.9994174
297.9994191
297.9994208
297.9994225
297.9994243
297.999426
297.9994277
297.9994294
297.9994312
297.9994329
297.9994347
297.9994364
297.9994382
297.99944
297.9994417
297.9994435
297.9994453
297.999447
297.9994488
297.9994506
297.9994523
297.9994541
297.9994559
297.9994576
297.9994594
297.9994611
297.9994629
297.9994646
297.9994663
297.9994681
297.9994698
297.9994716
297.9994733
297.9994751
297.9994768
297.9994786
297.9994804
297.9994823
297.9994841
297.999486
297.9994879
297.9994898
297.9994917
297.9994937
297.9994956
297.9994975
297.9994995
297.9995014
297.9995033
297.9995052
297.9995071
297.9995089
297.9995108
297.9995126
297.9995145
297.9995163
297.9995182
297.9995201
297.9995219
297.9995238
297.9995257
297.9995276
297.9995295
297.9995314
297.9995333
297.9995353
297.9995373
297.9995392
297.9995412
297.9995432
297.9995452
297.9995471
297.9995491
297.9995511
297.9995531
297.999555
297.999557
297.999559
297.999561
297.999563
297.999565
297.999567
297.999569
297.999571
297.9995731
297.9995751
297.9995771
297.9995792
297.9995812
297.9995833
297.9995854
297.9995874
297.9995895
297.9995916
297.9995936
297.9995957
297.9995978
297.9995998
297.9996019
297.999604
297.999606
297.9996081
297.9996102
297.9996122
297.9996143
297.9996163
297.9996184
297.9996205
297.9996226
297.9996247
297.9996268
297.9996289
297.999631
297.9996332
297.9996353
297.9996375
297.9996396
297.9996418
297.9996439
297.999646
297.9996482
297.9996503
297.9996525
297.9996546
297.9996567
297.9996589
297.999661
297.9996631
297.9996653
297.9996674
297.9996696
297.9996717
297.9996739
297.999676
297.9996782
297.9996803
297.9996825
297.9996846
297.9996867
297.9996889
297.999691
297.9996932
297.9996953
297.9996975
297.9996997
297.9997018
297.999704
297.9997062
297.9997085
297.9997107
297.9997129
297.9997152
297.9997174
297.9997196
297.9997219
297.9997241
297.9997263
297.9997285
297.9997308
297.999733
297.9997352
297.9997374
297.9997397
297.9997419
297.9997442
297.9997464
297.9997486
297.9997509
297.9997532
297.9997554
297.9997577
297.99976
297.9997623
297.9997645
297.9997668
297.9997691
297.9997713
297.9997736
297.9997759
297.9997782
297.9997804
297.9997827
297.999785
297.9997874
297.9997897
297.999792
297.9997943
297.9997967
297.999799
297.9998013
297.9998037
297.999806
297.9998084
297.9998107
297.999813
297.9998154
297.9998177
297.99982
297.9998224
297.9998247
297.999827
297.9998294
297.9998317
297.999834
297.9998363
297.9998387
297.999841
297.9998433
297.9998456
297.9998479
297.9998502
297.9998526
297.9998549
297.9998572
297.9998596
297.999862
297.9998644
297.9998668
297.9998692
297.9998717
297.9998742
297.9998767
297.9998792
297.9998817
297.9998842
297.9998867
297.9998891
297.9998916
297.999894
297.9998964
297.9998988
297.9999012
297.9999035
297.9999059
297.9999082
297.9999106
297.9999129
297.9999152
297.9999176
297.9999199
297.9999222
297.9999246
297.9999269
297.9999293
297.9999317
297.9999341
297.9999366
297.999939
297.9999415
297.999944
297.9999465
297.9999489
297.9999514
297.9999538
297.9999562
297.9999587
297.9999611
297.9999635
297.9999659
297.9999682
297.9999706
297.999973
297.9999753
297.9999777
297.99998
297.9999824
297.9999847
297.999987
297.9999893
297.9999917
297.999994
297.9999963
297.9999987
298.000001
298.0000033
298.0000057
298.0000081
298.0000104
298.0000128
298.0000152
298.0000176
298.00002
298.0000224
298.0000248
298.0000271
298.0000295
298.0000319
298.0000343
298.0000366
298.000039
298.0000414
298.0000437
298.0000461
298.0000485
298.0000508
298.0000531
298.0000555
298.0000578
298.0000601
298.0000624
298.0000647
298.000067
298.0000693
298.0000716
298.0000738
298.0000761
298.0000784
298.0000807
298.0000829
298.0000852
298.0000875
298.0000898
298.0000922
298.0000945
298.0000969
298.0000993
298.0001016
298.000104
298.0001064
298.0001087
298.000111
298.0001132
298.0001155
298.0001177
298.00012
298.0001222
298.0001244
298.0001266
298.0001288
298.000131
298.0001332
298.0001354
298.0001377
298.0001399
298.0001422
298.0001444
298.0001467
298.000149
298.0001513
298.0001536
298.0001559
298.0001582
298.0001605
298.0001627
298.000165
298.0001672
298.0001695
298.0001717
298.000174
298.0001762
298.0001785
298.0001807
298.000183
298.0001853
298.0001876
298.0001899
298.0001922
298.0001946
298.000197
298.0001994
298.0002018
298.0002042
298.0002066
298.0002089
298.0002112
298.0002134
298.0002157
298.0002179
298.0002202
298.0002224
298.0002246
298.0002267
298.0002289
298.0002311
298.0002333
298.0002354
298.0002376
298.0002398
298.000242
298.0002441
298.0002463
298.0002485
298.0002507
298.0002529
298.000255
298.0002572
298.0002593
298.0002614
298.0002634
298.0002655
298.0002675
298.0002695
298.0002716
298.0002736
298.0002756
298.0002775
298.0002795
298.0002815
298.0002834
298.0002854
298.0002873
298.0002893
298.0002912
298.0002931
298.0002951
298.000297
298.0002989
298.0003008
298.0003028
298.0003047
298.0003066
298.0003086
298.0003105
298.0003125
298.0003145
298.0003165
298.0003186
298.0003206
298.0003225
298.0003244
298.0003263
298.0003282
298.00033
298.0003318
298.0003335
298.0003352
298.0003369
298.0003386
298.0003403
298.000342
298.0003437
298.0003454
298.000347
298.0003488
298.0003505
298.0003522
298.000354
298.0003558
298.0003576
298.0003595
298.0003614
298.0003634
298.0003654
298.0003674
298.0003695
298.0003716
298.0003736
298.0003756
298.0003775
298.0003794
298.0003813
298.0003831
298.0003849
298.0003866
298.0003883
298.00039
298.0003917
298.0003933
298.0003949
298.0003966
298.0003982
298.0003998
298.0004013
298.0004029
298.0004045
298.0004061
298.0004077
298.0004094
298.000411
298.0004127
298.0004144
298.0004162
298.0004179
298.0004197
298.0004215
298.0004233
298.000425
298.0004267
298.0004284
298.0004301
298.0004318
298.0004335
298.0004351
298.0004368
298.0004385
298.0004401
298.0004418
298.0004434
298.0004451
298.0004468
298.0004484
298.0004501
298.0004518
298.0004536
298.0004553
298.000457
298.0004587
298.0004604
298.0004621
298.0004638
298.0004655
298.0004672
298.0004689
298.0004705
298.0004722
298.0004738
298.0004755
298.0004771
298.0004788
298.0004804
298.0004821
298.0004838
298.0004854
298.0004871
298.0004888
298.0004905
298.0004922
298.0004939
298.0004955
298.0004971
298.0004986
298.0005001
298.0005016
298.000503
298.0005044
298.0005058
298.0005072
298.0005085
298.0005099
298.0005112
298.0005125
298.0005139
298.0005152
298.0005165
298.0005179
298.0005192
298.0005206
298.000522
298.0005235
298.000525
298.0005265
298.000528
298.0005295
298.000531
298.0005324
298.0005337
298.000535
298.0005363
298.0005376
298.0005388
298.00054
298.0005412
298.0005424
298.0005436
298.0005447
298.0005459
298.0005471
298.0005482
298.0005494
298.0005506
298.0005519
298.0005531
298.0005544
298.0005557
298.000557
298.0005584
298.0005598
298.0005613
298.0005627
298.0005642
298.0005655
298.0005669
298.0005681
298.0005693
298.0005705
298.0005716
298.0005726
298.0005735
298.0005745
298.0005753
298.0005762
298.000577
298.0005778
298.0005785
298.0005793
298.0005801
298.0005808
298.0005816
298.0005824
298.0005832
298.000584
298.0005848
298.0005857
298.0005867
298.0005877
298.0005888
298.00059
298.0005912
298.0005925
298.0005938
298.0005951
298.0005963
298.0005975
298.0005986
298.0005997
298.0006007
298.0006016
298.0006025
298.0006034
298.0006042
298.0006051
298.0006058
298.0006066
298.0006074
298.0006081
298.0006089
298.0006096
298.0006104
298.0006112
298.0006119
298.0006127
298.0006135
298.0006143
298.0006152
298.000616
298.0006169
298.0006177
298.0006185
298.0006193
298.0006201
298.0006209
298.0006217
298.0006225
298.0006233
298.0006241
298.0006249
298.0006257
298.0006265
298.0006274
298.0006282
298.0006291
298.00063
298.0006309
298.0006317
298.0006326
298.0006333
298.0006341
298.0006348
298.0006355
298.0006362
298.0006369
298.0006375
298.0006382
298.0006389
298.0006395
298.0006402
298.0006408
298.0006415
298.0006422
298.000643
298.0006437
298.0006445
298.0006454
298.0006463
298.0006473
298.0006483
298.0006493
298.0006503
298.0006512
298.000652
298.0006527
298.0006534
298.000654
298.0006546
298.0006551
298.0006556
298.000656
298.0006564
298.0006568
298.0006572
298.0006576
298.000658
298.0006584
298.0006588
298.0006592
298.0006596
298.0006601
298.0006607
298.0006612
298.0006618
298.0006625
298.0006632
298.0006639
298.0006645
298.0006651
298.0006656
298.0006661
298.0006665
298.0006669
298.0006673
298.0006676
298.0006679
298.0006682
298.0006685
298.0006688
298.0006691
298.0006694
298.0006697
298.0006699
298.0006702
298.0006705
298.0006709
298.0006712
298.0006715
298.0006719
298.0006722
298.0006726
298.0006729
298.0006732
298.0006735
298.0006737
298.000674
298.0006741
298.0006743
298.0006743
298.0006744
298.0006744
298.0006744
298.0006743
298.0006743
298.0006742
298.0006742
298.0006741
298.0006741
298.000674
298.000674
298.000674
298.0006741
298.0006742
298.0006743
298.0006746
298.0006749
298.0006753
298.0006758
298.0006765
298.0006772
298.0006779
298.0006786
298.0006791
298.0006795
298.0006798
298.00068
298.0006802
298.0006804
298.0006805
298.0006806
298.0006807
298.0006809
298.000681
298.0006813
298.0006817
298.0006824
298.0006833
298.0006846
298.0006863
298.0006887
298.0006921
298.0006968
298.0007029
298.000711
298.0007212
298.0007334
298.0007486
298.0007685
298.0007936
298.0008246
298.0008637
298.0009133
298.0009753
298.0010528
298.0011495
298.0012693
298.0014169
298.0015979
298.0018186
298.0020864
298.0024103
298.0027995
298.0032644
298.0038232
298.004503
298.0053388
298.0063766
298.0076766
298.0093191
298.0114102
298.0140912
298.0175513
298.022045
298.0279149
298.0356234
298.0457938
298.0592629
298.0771425
298.1008782
298.132291
298.1736044
298.2273879
298.2964498
298.3838043
298.4919126
298.6240261
298.7817037
298.967513
299.1832116
299.4310507
299.7128786
300.0304835
300.3856487
300.7801833
301.2159687
301.6950464
302.2198371
302.7934223
303.4198912
304.1048346
304.8563325
305.6874336
306.6184527
307.5132254
307.842391
307.470205
306.876713
306.2146675
305.4940334
304.7332302
303.9546436
303.182304
302.4390284
301.7440576
301.1116144
300.5503929
300.0636292
299.6498445
299.3041918
299.0198052
298.7888826
298.6034516
298.4559344
298.3394904
298.2481632
298.1768988
298.1214929
298.0785125
298.0451893
298.0194439
297.9997092
297.9846879
297.9733217
297.9647534
297.9582914
297.9533914
297.9496422
297.9467427
297.9444756
297.9426793
297.9412364
297.9400592
297.9390772
297.9382412
297.9374576
297.9365705
297.9355351
297.9344361
297.9333584
297.9323414
297.9313808
297.9304558
297.9295481
297.9286335
297.9276827
297.9266714
297.9255885
297.9244365
297.9232731
297.9222068
297.921274
297.920488
297.9198482
297.9193428
297.9189517
297.9186502
297.9184127
297.9182154
297.9180388
297.9178699
297.9177015
297.9175244
297.9173263
297.9170961
297.9168257
297.9165101
297.916148
297.915741
297.9152923
297.914806
297.9142853
297.9137324
297.913148
297.9125321
297.9118849
297.9112065
297.9105113
297.909849
297.9092537
297.9087406
297.9083181
297.907988
297.9077454
297.9075799
297.9074759
297.9074145
297.9073773
297.907364
297.9073818
297.907434
297.9075053
297.9075598
297.9075842
297.9075804
297.9075509
297.9075057
297.9074438
297.9073546
297.9072311
297.9070698
297.9068696
297.9066312
297.9063574
297.9060527
297.9057254
297.9054068
297.9051305
297.9049071
297.904742
297.9046339
297.9045735
297.904543
297.9045358
297.9045675
297.9046546
297.9048007
297.9050056
297.9052665
297.9055774
297.9059288
297.906309
297.906688
297.9070336
297.9073407
297.9076067
297.9078312
297.9080161
297.908165
297.9082832
297.908377
297.9084534
297.9085192
297.9085805
297.908641
297.9087032
297.9087718
297.9088529
297.9089533
297.9090806
297.909242
297.9094445
297.9096941
297.9099957
297.9103525
297.9107659
297.911235
297.9117569
297.9123263
297.9129356
297.9135764
297.914233
297.9148731
297.9154801
297.9160507
297.9165833
297.9170783
297.9175384
297.9179676
297.9183716
297.9187566
297.9191293
297.9194958
297.9198604
297.9202256
297.920595
297.9209737
297.921368
297.9217847
297.9222306
297.9227123
297.9232355
297.9238052
297.9244247
297.9250958
297.9258184
297.9265908
297.9274088
297.9282667
297.929157
297.9300711
297.9309891
297.9318838
297.9327486
297.9335815
297.9343821
297.9351517
297.9358934
297.9366115
297.9373111
297.9379978
297.938677
297.9393533
297.9400292
297.940707
297.9413906
297.942085
297.9427956
297.9435282
297.9442884
297.9450814
297.9459115
297.9467822
297.9476953
297.9486517
297.9496504
297.9506888
297.9517629
297.9528668
297.9539942
297.9551343
297.9562642
297.9573707
297.9584517
297.9595062
297.9605351
297.9615403
297.9625251
297.9634936
297.9644503
297.9653998
297.9663459
297.9672914
297.9682378
297.9691879
297.9701457
297.9711154
297.9721017
297.973109
297.9741417
297.9752033
297.9762966
297.9774234
297.9785845
297.9797791
297.9810056
297.9822606
297.9835401
297.9848386
297.9861495
297.9874573
297.9887488
297.9900226
297.9912782
297.9925165
297.9937393
297.9949493
297.9961498
297.997344
297.9985351
297.9997253
298.0009158
298.0021086
298.0033063
298.0045122
298.00573
298.0069629
298.0082145
298.0094877
298.0107847
298.0121072
298.013456
298.0148306
298.0162299
298.0176514
298.0190918
298.0205471
298.0220098
298.0234646
298.0249033
298.0263242
298.0277266
298.029111
298.0304787
298.0318319
298.0331734
298.0345062
298.0358337
298.0371586
298.0384828
298.0398075
298.0411344
298.0424662
298.0438057
298.0451562
298.0465207
298.0479018
298.049302
298.050723
298.0521659
298.0536307
298.0551167
298.0566222
298.0581446
298.0596807
298.0612243
298.062761
298.0642822
298.0657855
298.0672694
298.0687333
298.0701777
298.0716038
298.0730134
298.0744089
298.0757931
298.0771688
298.0785388
298.0799056
298.0812711
298.0826365
298.0840027
298.0853714
298.0867442
298.0881233
298.0895103
298.0909066
298.0923132
298.0937305
298.0951582
298.0965952
298.0980402
298.0994875
298.1009264
298.1023521
298.1037621
298.1051545
298.1065282
298.1078828
298.1092185
298.1105365
298.111838
298.1131248
298.114399
298.1156626
298.116918
298.118167
298.1194116
298.1206534
298.1218936
298.1231331
298.1243726
298.1256123
298.1268529
298.1280948
298.129337
298.1305749
298.1318048
298.133023
298.134226
298.1354104
298.1365734
298.1377124
298.1388256
298.1399117
298.1409701
298.1420009
298.1430047
298.1439826
298.1449362
298.1458674
298.1467783
298.1476711
298.1485478
298.1494101
298.1502598
298.1510978
298.1519247
298.1527407
298.1535454
298.1543377
298.1551164
298.1558796
298.1566256
298.157352
298.1580567
298.1587378
298.1593931
298.1600211
298.1606204
298.1611899
298.161729
298.1622374
298.162715
298.163162
298.1635788
298.1639658
298.1643237
298.1646528
298.1649536
298.1652264
298.1654712
298.165688
298.1658766
298.1660366
298.1661678
298.1662701
298.1663438
298.1663905
298.1664137
298.1664198
298.1664162
298.1663995
298.1663635
298.1663038
298.1662171
298.1661009
298.1659531
298.1657723
298.165557
298.1653064
298.1650197
298.1646963
298.1643361
298.163939
298.1635054
298.1630356
298.1625305
298.1619908
298.1614178
298.1608125
298.1601762
298.1595103
298.1588159
298.1580943
298.1573465
298.1565732
298.1557752
298.1549528
298.1541062
298.1532351
298.1523393
298.1514181
298.1504709
298.1494967
298.1484945
298.1474636
298.1464031
298.1453121
298.1441902
298.1430371
298.1418527
298.1406373
298.1393914
298.1381159
298.1368119
298.1354807
298.1341238
298.1327428
298.1313394
298.1299153
298.128472
298.1270111
298.1255336
298.1240407
298.1225331
298.1210111
298.1194751
298.1179248
298.1163598
298.1147797
298.1131835
298.1115705
298.1099398
298.1082903
298.1066214
298.1049322
298.1032224
298.1014914
298.0997393
298.0979663
298.0961726
298.0943591
298.0925265
298.090676
298.0888087
298.0869259
298.0850289
298.083119
298.0811976
298.0792658
298.0773245
298.0753746
298.0734169
298.0714516
298.0694792
298.0674995
298.0655126
298.0635181
298.0615157
298.059505
298.0574855
298.0554566
298.0534181
298.0513697
298.049311
298.0472421
298.0451631
298.0430742
298.0409758
298.0388685
298.0367529
298.0346298
298.0325002
298.0303647
298.0282244
298.0260801
298.0239326
298.0217826
298.0196307
298.0174773
298.0153229
298.0131677
298.0110117
298.0088551
298.0066978
298.0045397
298.0023806
298.0002205
297.9980592
297.9958967
297.993733
297.9915682
297.9894025
297.9872373
297.985074
297.9829133
297.9807559
297.9786024
297.9764534
297.9743094
297.9721709
297.9700381
297.9679114
297.9657911
297.9636774
297.9615705
297.9594707
297.9573782
297.9552934
297.9532166
297.9511482
297.9490888
297.947039
297.9449992
297.9429703
297.9409529
297.9389478
297.9369556
297.9349771
297.933013
297.9310638
297.92913
297.9272122
297.9253105
297.9234252
297.9215564
297.919704
297.9178679
297.9160478
297.9142435
297.9124545
297.9106804
297.9089209
297.9071753
297.9054435
297.903725
297.9020196
297.9003271
297.8986475
297.8969808
297.8953271
297.8936867
297.89206
297.8904474
297.8888494
297.8872665
297.8856993
297.8841483
297.8826142
297.8810975
297.8795985
297.8781177
297.8766554
297.8752117
297.8737868
297.8723807
297.8709933
297.8696244
297.8682737
297.8669411
297.865626
297.8643283
297.8630474
297.861783
297.8605347
297.8593022
297.8580853
297.8568837
297.8556973
297.8545259
297.8533694
297.8522279
297.8511015
297.8499901
297.8488939
297.847813
297.8467476
297.8456977
297.8446636
297.8436453
297.842643
297.8416567
297.8406866
297.8397328
297.8387953
297.8378743
297.8369698
297.8360821
297.8352113
297.8343576
297.8335213
297.8327026
297.8319021
297.83112
297.8303568
297.8296132
297.8288896
297.8281866
297.827505
297.8268452
297.826208
297.825594
297.8250039
297.8244381
297.8238973
297.8233821
297.8228927
297.8224296
297.8219932
297.8215837
297.8212012
297.8208461
297.8205185
297.8202184
297.8199458
297.8197009
297.8194836
297.8192938
297.8191313
297.818996
297.8188875
297.8188051
297.8187477
297.8187131
297.8186972
297.8186924
297.818696
297.8187132
297.818749
297.8188056
297.8188851
297.818989
297.8191186
297.8192746
297.8194576
297.8196683
297.8199068
297.8201737
297.8204691
297.8207933
297.8211465
297.8215289
297.8219407
297.8223821
297.8228531
297.8233538
297.8238843
297.8244445
297.8250345
297.8256541
297.8263032
297.8269817
297.8276893
297.828426
297.8291915
297.8299856
297.8308081
297.8316587
297.8325374
297.8334439
297.8343782
297.8353402
297.8363298
297.8373471
297.8383922
297.839465
297.8405659
297.8416948
297.8428522
297.8440381
297.8452528
297.8464964
297.8477693
297.8490716
297.8504034
297.8517648
297.8531559
297.8545766
297.8560269
297.8575066
297.8590155
297.8605534
297.86212
297.8637149
297.8653376
297.866988
297.8686654
297.8703694
297.8720998
297.873856
297.8756377
297.8774446
297.8792764
297.8811329
297.8830139
297.8849193
297.8868491
297.8888032
297.8907818
297.8927849
297.8948126
297.8968651
297.8989426
297.9010453
297.9031732
297.9053265
297.9075055
297.90971
297.9119403
297.9141962
297.9164778
297.9187849
297.9211174
297.9234751
297.9258578
297.9282651
297.9306968
297.9331526
297.9356321
297.938135
297.9406607
297.9432091
297.9457797
297.9483721
297.9509859
297.9536209
297.9562766
297.9589528
297.9616491
297.9643654
297.9671014
297.9698569
297.9726318
297.975426
297.9782394
297.9810718
297.9839234
297.9867941
297.9896839
297.9925928
297.9955209
297.9984683
298.0014351
298.0044214
298.0074273
298.0104529
298.0134983
298.0165636
298.019649
298.0227544
298.0258799
298.0290255
298.0321911
298.0353767
298.0385822
298.0418072
298.0450514
298.0483146
298.0515963
298.0548958
298.0582127
298.0615462
298.0648955
298.0682599
298.0716383
298.0750298
298.0784334
298.081848
298.0852725
298.0887059
298.0921469
298.0955945
298.0990475
298.1025048
298.1059654
298.1094284
298.1128922
298.1163544
298.1198141
298.1232709
298.1267245
298.1301747
298.1336212
298.1370638
298.1405024
298.1439369
298.1473671
298.150793
298.1542144
298.1576313
298.1610434
298.1644506
298.1678528
298.1712497
298.174641
298.1780265
298.1814058
298.1847783
298.1881437
298.1915014
298.1948506
298.1981907
298.2015209
298.2048403
298.2081479
298.2114427
298.2147237
298.2179897
298.2212394
298.2244716
298.227685
298.2308782
298.2340497
298.2371982
298.2403221
298.2434199
298.2464902
298.2495313
298.2525417
298.2555199
298.2584642
298.2613731
298.2642451
298.2670786
298.2698721
298.272624
298.2753328
298.277997
298.2806151
298.2831855
298.2857069
298.2881775
298.290596
298.2929607
298.29527
298.2975224
298.2997163
298.3018499
298.3039217
298.3059298
298.3078726
298.3097483
298.311555
298.313291
298.3149544
298.3165434
298.318056
298.3194904
298.3208448
298.3221172
298.323306
298.3244092
298.3254252
298.3263522
298.3271887
298.3279331
298.328584
298.3291404
298.3296016
298.3299677
298.3302406
298.3304247
298.3305298
298.3305723
298.3305801
298.3305556
298.3304758
298.3303261
298.3300971
298.3297814
298.3293735
298.3288694
298.328266
298.327561
298.3267526
298.3258393
298.3248198
298.3236931
298.3224584
298.321115
298.3196624
298.3181003
298.3164288
298.3146479
298.3127583
298.3107604
298.308655
298.3064425
298.3041233
298.3016971
298.2991629
298.2965191
298.2937635
298.2908932
298.2879053
298.2847971
298.2815665
298.2782128
298.2747365
298.2711398
298.2674265
298.2636017
298.2596715
298.2556422
298.2515204
298.247312
298.2430217
298.2386529
298.2342071
298.2296841
298.2250814
298.2203952
298.2156203
298.2107515
298.2057835
298.2007123
298.1955356
298.1902534
298.1848685
298.1793873
298.1738206
298.168184
298.1624972
298.1567804
298.1510476
298.1453013
298.1395329
298.1337287
298.127875
298.1219599
298.1159725
298.1099015
298.103737
298.0974714
298.0911014
298.0846292
298.0780635
298.0714202
298.0647217
298.0579947
298.0512624
298.0445313
298.0377967
298.0310552
298.0243051
298.0175452
298.0107744
298.0039915
297.9971962
297.9903891
297.9835774
297.9767719
297.9699768
297.9631957
297.9564326
297.9496909
297.942974
297.936285
297.9296267
297.9230017
297.9164127
297.9098622
297.9033526
297.8968862
297.890465
297.8840908
297.8777655
297.8714907
297.8652683
297.8591
297.8529883
297.8469357
297.840945
297.8350194
297.8291619
297.8233755
297.8176625
297.812025
297.8064642
297.8009807
297.7955744
297.7902447
297.7849906
297.779811
297.7747045
297.7696701
297.7647067
297.7598136
297.7549903
297.7502362
297.7455509
297.740934
297.7363851
297.7319036
297.7274888
297.7231399
297.7188561
297.7146364
297.71048
297.7063857
297.7023528
297.6983803
297.6944673
297.6906129
297.6868163
297.6830768
297.6793935
297.6757658
297.6721931
297.6686748
297.6652106
297.6618003
297.6584436
297.6551406
297.6518915
297.6486966
297.6455564
297.6424715
297.6394429
297.6364715
297.6335586
297.6307055
297.6279139
297.6251854
297.6225221
297.6199261
297.6173996
297.6149452
297.6125654
297.610263
297.6080411
297.6059027
297.603851
297.6018894
297.6000211
297.5982497
297.5965789
297.5950121
297.5935531
297.5922057
297.5909734
297.58986
297.5888691
297.5880038
297.587267
297.586661
297.5861864
297.5858412
297.5856183
297.5855016
297.5854634
297.5854683
297.5855298
297.5856799
297.5859365
297.5863105
297.5868166
297.5874739
297.5882578
297.5891894
297.5902757
297.5915196
297.5929235
297.5944903
297.5962222
297.5981211
297.6001888
297.6024271
297.6048374
297.6074209
297.6101786
297.6131112
297.6162192
297.619503
297.6229627
297.6265983
297.6304097
297.6343963
297.6385576
297.6428928
297.6474011
297.6520814
297.6569323
297.6619527
297.6671409
297.6724954
297.6780144
297.6836961
297.6895386
297.6955397
297.7016975
297.7080098
297.7144742
297.7210885
297.7278504
297.7347573
297.7418068
297.7489963
297.7563234
297.7637852
297.7713792
297.7791026
297.7869526
297.7949265
297.8030212
297.8112339
297.8195617
297.8280013
297.8365498
297.845204
297.8539606
297.8628164
297.8717681
297.8808123
297.8899456
297.8991645
297.9084657
297.9178454
297.9273003
297.9368267
297.9464211
297.9560799
297.9657995
297.9755764
297.9854072
297.9952883
298.0052164
298.0151881
298.0252003
298.0352497
298.0453332
298.0554479
298.065591
298.0757598
298.0859518
298.0961645
298.1063957
298.1166432
298.1269052
298.1371797
298.1474652
298.1577601
298.1680631
298.178373
298.1886887
298.1990093
298.2093339
298.2196616
298.2299918
298.2403234
298.2506553
298.2609857
298.2713136
298.2816378
298.2919573
298.3022708
298.312577
298.3228744
298.3331615
298.3434366
298.3536981
298.363944
298.3741726
298.3843818
298.3945699
298.4047348
298.4148745
298.4249871
298.4350705
298.445123
298.4551425
298.4651272
298.4750752
298.4849847
298.4948539
298.504681
298.5144643
298.5242019
298.5338919
298.5435322
298.5531207
298.5626551
298.5721326
298.5815505
298.5909053
298.6001931
298.6094096
298.6185497
298.6276074
298.6365761
298.6454478
298.6542138
298.6628639
298.6713867
298.6797696
298.6879983
298.6960572
298.7039291
298.7115953
298.7190358
298.7262287
298.7331513
298.7397791
298.7460866
298.7520476
298.7576348
298.7628205
298.7675772
298.7718782
298.775698
298.7790132
298.7818052
298.7840622
298.7857814
298.7869726
298.7876695
298.7879545
298.7879057
298.7873809
298.7862114
298.7843063
298.7815925
298.7780039
298.7734767
298.7679456
298.7613427
298.7535966
298.7446321
298.7343694
298.7227243
298.709608
298.6949268
298.6785827
298.6604726
298.6404895
298.6185218
298.5944544
298.5681687
298.5395435
298.5084559
298.4747822
298.438399
298.3991855
298.357025
298.3118075
298.2634325
298.2118129
298.156879
298.0985843
298.0369114
297.9718803
297.9035576
297.8320694
297.7576171
297.6804969
297.6011244
297.5200668
297.4381429
297.3563657
297.2754579
297.1959643
297.1184092
297.0432851
296.971044
296.9020892
296.8367713
296.7753828
296.7181583
296.6652724
296.6168436
296.5729355
296.5335614
296.4986876
296.4682399
296.4421077
296.4201463
296.4021853
296.3880275
296.377455
296.3702191
296.3660411
296.3645025
296.3655354
296.3697252
296.377255
296.3880182
296.4018493
296.4185638
296.4379756
296.4599031
296.4841721
296.5106167
296.5390793
296.5694107
296.6014695
296.6351214
296.6702391
296.7067012
296.7443921
296.7832012
296.8230224
296.8637536
296.9052959
296.9475532
296.9904314
297.0338374
297.0776778
297.1218572
297.1662754
297.2108184
297.2553539
297.2997741
297.3440059
297.3879773
297.431617
297.4748541
297.5176181
297.5598389
297.6014466
297.6423719
297.6825462
297.7219013
297.76037
297.7978857
297.8343833
297.869799
297.9040706
297.9371379
297.9689432
297.9994312
298.02855
298.056251
298.0824898
298.1072265
298.1304257
298.1520577
298.172099
298.1905324
298.2073475
298.2225412
298.2361194
298.2480967
298.2584965
298.2673523
298.2747102
298.2806283
298.2851796
298.2884528
298.2905646
298.2916618
298.2919838
298.291538
298.2900149
298.2872823
298.2833375
298.2782267
298.2720246
298.264823
298.2567248
298.2478405
298.2382863
298.2281832
298.2176568
298.2068386
298.1958803
298.1849477
298.1741418
298.1635218
298.1531399
298.1430417
298.1332662
298.1238455
298.1148058
298.1061671
298.0979438
298.0901456
298.0827769
298.0758384
298.0693267
298.0632354
298.0575551
298.0522741
298.0473787
298.0428536
298.0386824
298.0348476
298.0313314
298.0281155
298.0251816
298.0225113
298.0200868
298.0178905
298.0159054
298.0141153
298.0125044
298.011058
298.0097619
298.0086029
298.0075686
298.0066475
298.0058287
298.0051023
298.0044591
298.0038907
298.0033892
298.0029477
298.0025595
298.002219
298.0019208
298.0016601
298.0014325
298.0012342
298.0010618
298.0009121
298.0007822
298.0006699
298.0005729
298.0004891
298.0004171
298.0003551
298.0003019
298.0002563
298.0002172
298.0001839
298.0001555
298.0001312
298.0001106
298.0000932
298.0000783
298.0000658
298.0000552
298.0000462
298.0000387
298.0000323
298.000027
298.0000225
298.0000188
298.0000156
298.000013
298.0000108
298.0000089
298.0000074
298.0000061
298.000005
298.0000041
298.0000034
298.0000028
298.0000023
298.0000019
298.0000015
298.0000012
298.000001
298.0000008
298.0000007
298.0000005
298.0000004
298.0000004
298.0000003
298.0000002
298.0000002
298.0000002
298.0000001
298.0000001
298.0000001
298.0000001
298
298
298
298
298
298
298
298
298
298
298
298
298
298
298
298
298
298
298
298
298
298
298
298
298
298
298
298
298
298
298
298
298
298
298
298
298
298
298
298
298
298
298
298
298
298
298
298
298
298
298
298
298
298
298
298
298
298
298
298
298
298
298
298
298
298
298
298
298
298
298
298
298
298
298
298
298
298
298
298
298
298
298
298
298
298
298
298
298
298
298
298
298
298
298
298
298
298
298
298
298
298
298
298
298
298
298
298
298
298
298
298
298
298
298
298
298
298
298
298
298
298
298
298
298
298
298
298
298
298
298
298
298
298
298
298
298
298
298
298
298
298
298
298
298
298
298
298
298
298
298
298
298
298
298
298
298
298
298
298
298
298
298
298
298
298
298
298
298
298
298
298
298
298
298
298
298
298
298
298
298
298
298
298
298
298
298
298
298
298
298
298
298
298
298
298
298
298
298
298
298
298
298
298
298
298
298
298
298
298
298
298
298
298
298
298
298
298
298
298
298
298
298
298
298
298
298
298
298
298
298
298
298
298
298
298
298
298
298
298
298
298
298
298
298
298
298
298
298
298
298
298
298
298
298
298
298
298
298
298
298
298
298
298
298
298
298
298
298
298
298
298
298
298
298
298
298
298
298
298
298
298
298
298
298
298
298
298
298
298
298
298
298
298
298
298
298
298
298
298
298
298
298
298
298
298
298
298
298
298
298
298
298
298
298
298
298
298
298
298
298
298
298
298
298
298
298
298
298
298
298
298
298
298
298
298
298
298
298
298
298
298
298
298
298
298
298
298
298
298
298
298
298
298
298
298
298
298
298
298
298
298
298
298
298
298
298
298
298
298
298
298
298
298
298
298
298
298
298
298
298
298
298
298
298
298
298
298
298
298
298
298
298
298
298
298
298
298
298
298
298
298
298
298
298
298
298
298
298
298
298
298
298
298
298
298
298
298
298
298
298
298
298
298
298
298
298
298
298
298
298
298
298
298
298
298
298
298
298
298
298
298
298
298
298
298
298
298
298
298
298
298
298
298
298
298
298
298
298
298
298
298
298
298
298
298
298
298
298
298
298
298
298
298
298
298
298
298
298
298
298
298
298
298
298
298
298
298
298
298
298
298
298
298
298
298
298
298
298
298
298
298
298
298
298
298
298
298
298
298
298
298
298
298
298
298
298
298
298
298
298
298
298
298
298
298
298
298
298
298
298
298
298
298
298
298
298
298
298
298
298
298
298
298
298
298
298
298
298
298
298
298
298
298
298
298
298
298
298
298
298
298
298
298
298
298
298
298
298
298
298
298
298
298
298
298
298
298
298
298
298
298
298
298
298
298
298
298
298
298
298
298
298
298
298
298
298
298
298
298
298
298
298
298
298
298
298
298
298
298
298
298
298
298
298
298
298
298
298
298
298
298
298
298
298
298
298
298
298
298
298
298
298
298
298
298
298
298
298
298
298
298
298
298
298
298
298
298
298
298
298
298
298
298
298
298
298
298
298
298
298
298
298
298
298
298
298
298
298
298
298
298
298
298
298
298
298
298
298
298
298
298
298
298
298
298
298
298
298
298
298
298
298
298
298
298
298
298
298
298
298
298
298
298
298
298
298
298
298
298
298
298
298
298
298
298
298
298
298
298
298
298
298
298
298
298
298
298
298
298
298
298
298
298
298
298
298
298
298
298
298
298
298
298
298
298
298
298
298
298
298
298
298
298
298
298
298
298
298
298
298
298
298
298
298
298
298
298
298
298
298
298
298
298
298
298
298
298
298
298
298
298
298
298
298
298
298
298
298
298
298
298
298
298
298
298
298
298
298
298
298
298
298
298
298
298
298
298
298
298
298
298
298
298
298
298
298
298
298
298
298
298
298
298
298
298
298
298
298
298
298
298
298
298
298
298
298
298
298
298
298
298
298
298
298
298
298
298
298
298
298
298
298
298
298
298
298
298
298
298
298
298
298
298
298
298
298
298
298
298
298
298
298
298
298
298
298
298
298
298
298
298
298
298
298
298
298
298
298
298
298
298
298
298
298
298
298
298
298
298
298
298
298
298
298
298
298
298
298
298
298
298
298
298
298
298
298
298
298
298
298
298
298
298
298
298
298
298
298
298
298
298
298
298
298
298
298
298
298
298
298
298
298
298
298
298
298
298
298
298
298
298
298
298
298
298
298
298
298
298
298
298
298
298
298
298
298
298
298
298
298
298
298
298
298
298
298
298
298
298
298
298
298
298
298
298
298
298
298
298
298
298
298
298
298
298
298
298
298
298
298
298
298
298
298
298
298
298
298
298
298
298
298
298
298
298
298
298
298
298
298
298
298
298
298
298
298
298
298
298
298
298
298
298
298
298
298
298
298
298
298
298
298
298
298
298
298
298
298
298
298
298
298
298
298
298
298
298
298
298
298
298
298
298
298
298
298
298
298
298
298
298
298
298
298
298
298
298
298
298
298
298
298
298
298
298
298
298
298
298
298
298
298
298
298
298
298
298
298
298
298
298
298
298
298
298
298
298
298
298
298
298
298
298
298
298
298
298
298
298
298
298
298
298
298
298
298
298
298
298
298
298
298
298
298
298
298
298
298
298
298
298
298
298
298
298
298
298
298
298
298
298
298
298
298
298
298
298
298
298
298
298
298
298
298
298
298
298
298
298
298
298
298
298
298
298
298
298
298
298
298
298
298
298
298
298
298
298
298
298
298
298
298
298
298
298
298
298
298
298
298
298
298
298
298
298
298
298
298
298
298
298
298
298
298
298
298
298
298
298
298
298
298
298
298
298
298
298
298
298
298
298
298
298
298
298
298
298
298
298
298
298
298
298
298
298
298
298
298
298
298
298
298
298
298
298
298
298
298
298
298
298
298
298
298
298
298
298
298
298
298
298
298
298
298
298
298
298
298
298
298
298
298
298
298
298
298
298
298
298
298
298
298
298
298
298
298
298
298
298
298
298
298
298
298
298
298
298
298
298
298
298
298
298
298
298
298
298
298
298
298
298
298
298
298
298
298
298
298
298
298
298
298
298
298
298
298
298
298
298
298
298
298
298
298
298
298
298
298
298
298
298
298
298
298
298
298
298
298
298
298
298
298
298
298
298
298
298
298
298
298
298
298
298
298
298
298
298
298
298
298
298
298
298
298
298
298
298
298
298
298
298
298
298
298
298
298
298
298
298
298
298
298
298
298
298
298
298
298
298
298
298
298
298
298
298
298
298
298
298
298
298
298
298
298
298
298
298
298
298
298
298
298
298
298
298
298
298
298
298
298
298
298
298
298
298
298
298
298
298
298
298
298
298
298
298
298
298
298
298
298
298
298
298
298
298
298
298
298
298
298
298
298
298
298
298
298
298
298
298
298
298
298
298
298
298
298
298
298
298
298
298
298
298
298
298
298
298
298
298
298
298
298
298
298
298
298
298
298
298
298
298
298
298
298
298
298
298
298
298
298
298
298
298
298
298
298
298
298
298
298
298
298
298
298
298
298
298
298
298
298
298
298
298
298
298
298
298
298
298
298
298
298
298
298
298
298
298
298
298
298
298
298
298
298
298
298
298
298
298
298
298
298
298
298
298
298
298
298
298
298
298
298
298
298
298
298
298
298
298
298
298
298
298
298
298
298
298
298
298
298
298
298
298
298
298
298
298
298
298
298
298
298
298
298
298
298
298
298
298
298
298
298
298
298
298
298
298
298
298
298
298
298
298
298
298
298
298
298
298
298
298
298
298
298
298
298
298
298
298
298
298
298
298
298
298
298
298
298
298
298
298
298
298
298
298
298
298
298
298
298
298
298
298
298
298
298
298
298
298
298
298
298
298
298
298
298
298
298
298
298
298
298
298
298
298
298
298
298
298
298
298
298
298
298
298
298
298
298
298
298
298
298
298
298
298
298
298
298
298
298
298
298
298
298
298
298
298
298
298
298
298
298
298
298
298
298
298
298
298
298
298
298
298
298
298
298
298
298
298
298
298
298
298
298
298
298
298
298
298
298
298
298
298
298
298
298
298
298
298
298
298
298
298
298
298
298
298
298
298
298
298
298
298
298
298
298
298
298
298
298
298
298
298
298
298
298
298
298
298
298
298
298
298
298
298
298
298
298
298
298
298
298
298
298
298
298
298
298
298
298
298
298
298
298
298
298
298
298
298
298
298
298
298
298
298
298
298
298
298
298
298
298
298
298
298
298
298
298
298
298
298
298
298
298
298
298
298
298
298
298
298
298
298
298
298
298
298
298
298
298
298
298
298
298
298
298
298
298
298
298
298
298
298
298
298
298
298
298
298
298
298
298
298
298
298
298
298
298
298
298
298
298
298
298
298
298
298
298
298
298
298
298
298
298
298
298
298
298
298
298
298
298
298
298
298
298
298
298
298
298
298
298
298
298
298
298
298
298
298
298
298
298
298
298
298
298
298
298
298
298
298
298
298
298
298
298
298
298
298
298
298
298
298
298
298
298
298
298
298
298
298
298
298
298
298
298
298
298
298
298
298
298
298
298
298
298
298
298
298
298
298
298
298
298
298
298
298
298
298
298
298
298
298
298
298
298
298
298
298
298
298
298
298
298
298
298
298
298
298
298
298
298
298
298
298
298
298
298
298
298
298
298
298
298
298
298
298
298
298
298
298
298
298
298
298
298
298
298
298
298
298
298
298
298
298
298
298
298
298
298
298
298
298
298
298
298
298
298
298
298
298
298
298
298
298
298
298
298
298
298
298
298
298
298
298
298
298
298
298
298
298
298
298
298
298
298
298
298
298
298
298
298
298
298
298
298
298
298
298
298
298
298
298
298
298
298
298
298
298
298
298
298
298
298
298
298
298
298
298
298
298
298
298
298
298
298
298
298
298
298
298
298
298
298
298
298
298
298
298
298
298
298
298
298
298
298
298
298
298
298
298
298
298
298
298
298
298
298
298
298
298
298
298
298
298
298
298
298
298
298
298
298
298
298
298
298
298
298
298
298
298
298
298
298
298
298
298
298
298
298
298
298
298
298
298
298
298
298
298
298
298
298
298
298
298
298
298
298
298
298
298
298
298
298
298
298
298
298
298
298
298
298
298
298
298
298
298
298
298
298
298
298
298
298
298
298
298
298
298
298
298
298
298
298
298
298
298
298
298
298
298
298
298
298
298
298
298
298
298
298
298
298
298
298
298
298
298
298
298
298
298
298
298
298
298
298
298
298
298
298
298
298
298
298
298
298
298
298
298
298
298
298
298
298
298
298
298
298
298
298
298
298
298
298
298
298
298
298
298
298
298
298
298
298
298
298
298
298
298
298
298
298
298
298
298
298
298
298
298
298
298
298
298
298
298
298
298
298
298
298
298
298
298
298
298
298
298
298
298
298
298
298
298
298
298
298
298
298
298
298
298
298
298
298
298
298
298
298
298
298
298
298
298
298
298
298
298
298
298
298
298
298
298
298
298
298
298
298
298
298
298
298
298
298
298
298
298
298
298
298
298
298
298
298
298
298
298
298
298
298
298
298
298
298
298
298
298
298
298
298
298
298
298
298
298
298
298
298
)
;

boundaryField
{
    side1
    {
        type            fixedValue;
        value           uniform 298;
    }
    side2
    {
        type            zeroGradient;
    }
    empty1
    {
        type            empty;
    }
    empty2
    {
        type            empty;
    }
}


// ************************************************************************* //
