/*--------------------------------*- C++ -*----------------------------------*\
| =========                 |                                                 |
| \\      /  F ield         | OpenFOAM: The Open Source CFD Toolbox           |
|  \\    /   O peration     | Version:  2312                                  |
|   \\  /    A nd           | Website:  www.openfoam.com                      |
|    \\/     M anipulation  |                                                 |
\*---------------------------------------------------------------------------*/
FoamFile
{
    version     2.0;
    format      ascii;
    arch        "LSB;label=32;scalar=64";
    class       volScalarField;
    location    "0.005";
    object      maxKappa;
}
// * * * * * * * * * * * * * * * * * * * * * * * * * * * * * * * * * * * * * //

dimensions      [0 0 0 0 0 0 0];

internalField   nonuniform List<scalar> 
8000
(
0.00492760929456
0.00492760929456
0.00492760928224
0.00492760929299
0.00492760929299
0.00492760929002
0.00492760930776
0.00492760932025
0.00492760932025
0.00492760931334
0.00492760931662
0.00492760932146
0.00492760932146
0.00492760934462
0.00492760935304
0.00492760935304
0.00492760934161
0.00492760935201
0.00492760935949
0.00492760938184
0.00492760939489
0.00492760939489
0.00492760940359
0.00492760940836
0.00492760940836
0.00492760941287
0.00492760942221
0.00492760942221
0.00492760944046
0.00492760944046
0.00492760944856
0.00492760944856
0.00492760944284
0.00492760945046
0.0049276094591
0.00492760946807
0.00492760946807
0.00492760947203
0.00492760947659
0.00492760948121
0.00492760950009
0.00492760950009
0.00492760952295
0.00492760953185
0.00492760953582
0.00492760953974
0.00492760953974
0.00492760954707
0.00492760955037
0.00492760955037
0.00492760953737
0.00492760954534
0.00492760954534
0.00492760953788
0.00492760954143
0.00492760954143
0.00492760953545
0.00492760952955
0.0049276095276
0.0049276095276
0.00492760952193
0.0049276095199
0.00492760952389
0.00492760952389
0.00492760954138
0.00492760954138
0.00492760954418
0.00492760957717
0.00492760958573
0.00492760958573
0.0049276095883
0.00492760960159
0.00492760960159
0.00492760960915
0.00492760960915
0.00492760963627
0.00492760964504
0.00492760965384
0.00492760966744
0.00492760966744
0.00492760968479
0.00492760968479
0.00492760966913
0.00492760967165
0.00492760968492
0.00492760968492
0.00492760969667
0.00492760969667
0.00492760972315
0.00492760973132
0.00492760973132
0.00492760971998
0.00492760969899
0.00492760968132
0.00492760969469
0.00492760969469
0.00492760968848
0.00492760970079
0.00492760970079
0.0049276097076
0.00492760971086
0.00492760971086
0.00492760970778
0.00492760971604
0.00492760971604
0.00492760971376
0.00492760972238
0.00492760972238
0.00492760973864
0.00492760975629
0.00492760977391
0.00492760977391
0.00492760976729
0.00492760976571
0.00492760976402
0.00492760976081
0.00492760977854
0.00492760977854
0.00492760976543
0.00492760976543
0.00492760977208
0.00492760978019
0.00492760978019
0.00492760979138
0.00492760979138
0.00492760981234
0.00492760982032
0.00492760984287
0.00492760984287
0.0049276098313
0.00492760983236
0.00492760984029
0.00492760984029
0.00492760982881
0.00492760982722
0.00492760982411
0.00492760983709
0.00492760984511
0.00492760986271
0.0049276098802
0.0049276098802
0.00492760986629
0.00492760986917
0.00492760989175
0.00492760989175
0.00492760987895
0.0049276098824
0.0049276098824
0.00492760987601
0.00492760986469
0.00492760987114
0.00492760987114
0.00492760986773
0.00492760988034
0.00492760988782
0.00492760990981
0.00492760991235
0.00492760991235
0.00492760993731
0.00492760993731
0.00492760992571
0.00492760992378
0.00492760992458
0.00492760993217
0.00492760993217
0.00492760990569
0.00492760990615
0.0049276099088
0.0049276099088
0.00492760990919
0.00492760995075
0.00492760996318
0.004927609966
0.00492760996881
0.00492760996881
0.0049276099473
0.00492760993824
0.00492760994108
0.00492760994873
0.00492760995636
0.00492760995636
0.00492760995709
0.00492760995709
0.00492760994521
0.00492760995534
0.00492760996774
0.00492760996774
0.00492760996344
0.00492760997111
0.00492760997111
0.00492760998129
0.00492760998129
0.00492760997155
0.00492760998354
0.00492760998354
0.00492760999281
0.00492760999281
0.00492760998261
0.00492760998971
0.00492760998971
0.00492761000889
0.00492761000889
0.00492760999889
0.00492761001595
0.00492761001595
0.00492761000632
0.00492761001373
0.00492761001629
0.00492761001891
0.00492761001891
0.00492761001421
0.00492761003121
0.00492761003836
0.00492761003836
0.00492761003295
0.00492761004481
0.00492761004692
0.00492761004692
0.00492761007056
0.00492761007737
0.00492761008407
0.00492761008407
0.00492761007122
0.00492761007491
0.00492761007491
0.00492761007425
0.00492761007425
0.00492761005437
0.00492761006147
0.00492761007827
0.00492761007827
0.0049276100707
0.00492761007505
0.00492761007505
0.0049276100697
0.00492761008651
0.00492761010328
0.00492761010328
0.00492761010749
0.00492761011442
0.00492761012128
0.00492761012128
0.00492761012006
0.00492761012006
0.00492761011203
0.0049276100991
0.00492761009592
0.00492761009927
0.00492761009927
0.00492761008632
0.00492761008961
0.00492761009611
0.00492761010255
0.00492761010403
0.00492761010403
0.00492761010186
0.00492761010186
0.00492761010941
0.00492761010941
0.00492761009779
0.0049276101042
0.00492761011539
0.00492761011675
0.00492761011675
0.00492761010829
0.00492761009615
0.00492761010226
0.00492761010226
0.00492761009984
0.00492761012055
0.0049276101315
0.0049276101315
0.00492761010346
0.00492761012546
0.00492761013167
0.00492761013788
0.00492761013788
0.00492761011481
0.0049276101073
0.00492761012776
0.00492761012867
0.00492761016858
0.00492761017923
0.00492761017923
0.00492761016549
0.00492761015754
0.00492761015849
0.00492761015849
0.00492761017032
0.00492761017631
0.00492761017741
0.00492761018824
0.00492761018824
0.00492761018042
0.00492761018613
0.00492761018692
0.00492761018692
0.00492761016402
0.00492761016472
0.00492761016541
0.00492761016541
0.00492761015213
0.00492761016741
0.0049276101729
0.0049276101729
0.00492761015939
0.00492761015994
0.00492761017024
0.00492761017024
0.00492761016161
0.00492761018166
0.00492761018166
0.0049276101681
0.00492761016866
0.00492761016866
0.00492761016009
0.00492761018504
0.00492761019043
0.00492761019577
0.00492761021078
0.0049276102111
0.0049276102114
0.00492761022146
0.00492761022146
0.00492761018764
0.00492761018314
0.00492761017867
0.00492761017946
0.00492761017946
0.00492761018005
0.00492761018028
0.00492761018047
0.00492761018047
0.00492761018081
0.00492761018081
0.00492761017124
0.00492761015192
0.00492761014252
0.00492761014756
0.00492761014772
0.00492761014772
0.00492761015778
0.00492761015778
0.004927610158
0.00492761017758
0.00492761018739
0.00492761018739
0.00492761016307
0.00492761017283
0.00492761017772
0.00492761017772
0.00492761017764
0.00492761016743
0.00492761017205
0.00492761017665
0.00492761017665
0.00492761019573
0.00492761021507
0.00492761021507
0.00492761021003
0.00492761020985
0.00492761019012
0.00492761022372
0.00492761022372
0.0049276102231
0.0049276102231
0.00492761018866
0.00492761018349
0.00492761017345
0.00492761017313
0.00492761017239
0.00492761017239
0.00492761016227
0.0049276101615
0.00492761016595
0.00492761018013
0.00492761018013
0.00492761017912
0.00492761017912
0.00492761017801
0.00492761017801
0.00492761016768
0.00492761016166
0.00492761016166
0.00492761015624
0.00492761016006
0.00492761016006
0.00492761014489
0.00492761015836
0.00492761016259
0.00492761016679
0.00492761016679
0.00492761015631
0.0049276101646
0.0049276101646
0.00492761015341
0.0049276101673
0.00492761017143
0.00492761017143
0.00492761015117
0.0049276101504
0.00492761015359
0.00492761015359
0.0049276101566
0.0049276101566
0.00492761015074
0.00492761014972
0.00492761014872
0.00492761014182
0.00492761015056
0.00492761015056
0.00492761014356
0.00492761014356
0.00492761014247
0.00492761014505
0.00492761014505
0.00492761013414
0.00492761013183
0.00492761013183
0.00492761010626
0.00492761011356
0.00492761013177
0.00492761014018
0.00492761014018
0.00492761012913
0.00492761012783
0.00492761012654
0.00492761011907
0.00492761011907
0.00492761011647
0.00492761012485
0.00492761012485
0.00492761011371
0.00492761010743
0.00492761010459
0.00492761010802
0.00492761011634
0.00492761011634
0.00492761011489
0.00492761011345
0.00492761010227
0.00492761010079
0.00492761009442
0.00492761009291
0.00492761009142
0.0049276100981
0.0049276100981
0.00492761010974
0.00492761010974
0.00492761009854
0.00492761009712
0.0049276100957
0.00492761009427
0.00492761010105
0.00492761010105
0.00492761010268
0.00492761011079
0.00492761011404
0.00492761011404
0.00492761008318
0.00492761008478
0.00492761008478
0.00492761008311
0.00492761006677
0.00492761006329
0.0049276100664
0.00492761007428
0.00492761007428
0.00492761006258
0.00492761006068
0.00492761006164
0.00492761006164
0.00492761005976
0.00492761004812
0.00492761004136
0.00492761003449
0.00492761004528
0.00492761004528
0.0049276100365
0.00492761004911
0.00492761005197
0.00492761005197
0.00492761003537
0.00492761002662
0.00492761003446
0.00492761003446
0.0049276100179
0.00492761001587
0.00492761001386
0.0049276100069
0.00492761000798
0.00492761002074
0.00492761005297
0.00492761006079
0.00492761006079
0.00492761005695
0.00492761005695
0.00492761000621
0.00492760999708
0.00492760999708
0.00492760998832
0.00492760998832
0.00492760998645
0.00492760998767
0.00492761000049
0.00492761000049
0.00492760999376
0.00492760999185
0.00492760998018
0.0049276099959
0.0049276099959
0.00492760997941
0.00492760998037
0.00492760999787
0.0049276100005
0.0049276100005
0.00492760997211
0.00492760997503
0.00492760998281
0.00492760998575
0.00492760999848
0.00492761000638
0.00492761000638
0.00492760998303
0.00492760998303
0.00492760998106
0.00492760998204
0.00492760998496
0.00492760998496
0.00492760997318
0.00492760997118
0.00492760996914
0.00492760997001
0.00492760997001
0.00492760995121
0.00492760996372
0.00492760996372
0.00492760996455
0.00492760996455
0.00492760996991
0.00492760996991
0.0049276099413
0.0049276099413
0.0049276099123
0.0049276099123
0.00492760991236
0.00492760991236
0.00492760991257
0.00492760991257
0.00492760992274
0.00492760992523
0.00492760995217
0.00492760995482
0.00492760995482
0.00492760995965
0.00492760995965
0.00492760995248
0.00492760995005
0.00492760996978
0.00492760996978
0.00492760996277
0.00492760996068
0.00492760991963
0.00492760990276
0.00492760990327
0.00492760990327
0.00492760990118
0.0049276098649
0.00492760985778
0.00492760986291
0.00492760986291
0.00492760986353
0.00492760986621
0.00492760986893
0.00492760988132
0.00492760988132
0.00492760987875
0.0049276098764
0.00492760986433
0.00492760985929
0.00492760985929
0.00492760984976
0.00492760984976
0.00492760982817
0.00492760982119
0.00492760982592
0.00492760982592
0.00492760981376
0.00492760981117
0.00492760980836
0.00492760980779
0.00492760980779
0.00492760980511
0.00492760977603
0.00492760977603
0.00492760978055
0.00492760978286
0.00492760978286
0.0049276097828
0.0049276097828
0.00492760978309
0.00492760982441
0.00492760984623
0.00492760985367
0.00492760985367
0.00492760985157
0.00492760983976
0.00492760983275
0.00492760982765
0.00492760982765
0.00492760982747
0.00492760982747
0.00492760982022
0.00492760982921
0.00492760983101
0.00492760983101
0.00492760981378
0.00492760981389
0.00492760981389
0.00492760979705
0.00492760976078
0.00492760974856
0.00492760975358
0.00492760975358
0.00492760975879
0.00492760975879
0.00492760975409
0.00492760975409
0.00492760974412
0.00492760974627
0.00492760974627
0.00492760970959
0.00492760969939
0.00492760969939
0.00492760969496
0.00492760969496
0.00492760970975
0.0049276097218
0.00492760974866
0.00492760975619
0.0049276097588
0.0049276097588
0.0049276097466
0.00492760974707
0.00492760974707
0.00492760974519
0.00492760970935
0.00492760970502
0.00492760970502
0.00492760969779
0.00492760969529
0.00492760968962
0.00492760968962
0.00492760967958
0.00492760967958
0.00492760965288
0.00492760964077
0.00492760964072
0.00492760964072
0.00492760964014
0.00492760964014
0.00492760963731
0.00492760963463
0.00492760963483
0.00492760963483
0.00492760962293
0.00492760963258
0.00492760966395
0.00492760966625
0.00492760967837
0.00492760967837
0.00492760967601
0.00492760966878
0.004927609669
0.004927609669
0.00492760963759
0.00492760962569
0.00492760961162
0.00492760961413
0.00492760961658
0.00492760961903
0.00492760961903
0.00492760961424
0.00492760961678
0.00492760961678
0.00492760959326
0.00492760959326
0.0049276095815
0.00492760957451
0.00492760956757
0.00492760956046
0.00492760956058
0.00492760956298
0.00492760956298
0.00492760956315
0.00492760956315
0.00492760955115
0.00492760954893
0.00492760954949
0.00492760957651
0.00492760957651
0.00492760957765
0.00492760958555
0.00492760958555
0.00492760956925
0.0049276095576
0.00492760952174
0.00492760951498
0.00492760951283
0.00492760952336
0.00492760952596
0.00492760952596
0.00492760951671
0.00492760952425
0.00492760952698
0.00492760952698
0.00492760950538
0.00492760950585
0.00492760950834
0.00492760950834
0.0049276095013
0.00492760949921
0.00492760948753
0.00492760948831
0.00492760948831
0.00492760946212
0.00492760947293
0.00492760949057
0.00492760949057
0.00492760949149
0.00492760949149
0.00492760947786
0.00492760947786
0.00492760947078
0.00492760946821
0.00492760946567
0.00492760947087
0.00492760947087
0.00492760947187
0.00492760947187
0.00492760946529
0.00492760946361
0.0049276094652
0.0049276094652
0.0049276094571
0.00492760946976
0.00492760946976
0.00492760945633
0.00492760945633
0.0049276094542
0.00492760944049
0.00492760944049
0.00492760943854
0.00492760942995
0.00492760943302
0.00492760943302
0.00492760943943
0.00492760943943
0.00492760942834
0.00492760943055
0.00492760943055
0.00492760942324
0.00492760942324
0.00492760941068
0.00492760944779
0.00492760945576
0.00492760945576
0.00492760943463
0.00492760942792
0.00492760941173
0.0049276094053
0.00492760940371
0.00492760941993
0.00492760941993
0.00492760941351
0.00492760942962
0.00492760942962
0.00492760943609
0.00492760943609
0.00492760942828
0.00492760942828
0.00492760942661
0.00492760941504
0.00492760940839
0.00492760940679
0.00492760942367
0.00492760942367
0.00492760938401
0.00492760938638
0.00492760938638
0.00492760937554
0.00492760935798
0.00492760935798
0.00492760934158
0.00492760933983
0.00492760935148
0.00492760935148
0.0049276093734
0.0049276093734
0.00492760937243
0.0049276093715
0.00492760936557
0.00492760936808
0.00492760936808
0.00492760937015
0.00492760937339
0.00492760937339
0.00492760935256
0.00492760936433
0.00492760936804
0.00492760936804
0.00492760934278
0.00492760933195
0.00492760934395
0.00492760934781
0.00492760935169
0.00492760935169
0.00492760934891
0.00492760934891
0.00492760932331
0.00492760932189
0.00492760932054
0.00492760931438
0.00492760933091
0.0049276093391
0.0049276093391
0.00492760932799
0.00492760932512
0.00492760932512
0.00492760930929
0.00492760930322
0.00492760928259
0.00492760929454
0.00492760929826
0.00492760929826
0.00492760929701
0.00492760928585
0.00492760928436
0.00492760928318
0.00492760930082
0.0049276093051
0.0049276093051
0.00492760930847
0.00492760930847
0.00492760929768
0.00492760929182
0.00492760929083
0.00492760927554
0.00492760927479
0.00492760927791
0.00492760927791
0.00492760926185
0.0049276092997
0.0049276093037
0.00492760930778
0.00492760930778
0.00492760930711
0.00492760929676
0.00492760927667
0.00492760929471
0.00492760929882
0.00492760929882
0.00492760928849
0.00492760929717
0.00492760929717
0.00492760929115
0.00492760929115
0.00492760929048
0.00492760926569
0.00492760927448
0.00492760928366
0.00492760928366
0.00492760927821
0.00492760928245
0.00492760929636
0.00492760929636
0.00492760928574
0.00492760929029
0.00492760929029
0.00492760925128
0.0049276092557
0.0049276092557
0.00492760925551
0.00492760925996
0.00492760925996
0.00492760924989
0.00492760924989
0.00492760924452
0.00492760924452
0.00492760924872
0.00492760925337
0.00492760925337
0.0049276092436
0.00492760925706
0.00492760927122
0.00492760928055
0.00492760928055
0.00492760929007
0.00492760929007
0.00492760928053
0.00492760928519
0.00492760928519
0.00492760928039
0.00492760928039
0.00492760927086
0.00492760927086
0.00492760927084
0.00492760925156
0.00492760928068
0.00492760928556
0.00492760928556
0.00492760927131
0.00492760927143
0.00492760929106
0.00492760929106
0.00492760928661
0.0049276092869
0.0049276092869
0.00492760926313
0.0049276092592
0.0049276092592
0.00492760926476
0.0049276092796
0.00492760929436
0.00492760929436
0.00492760927045
0.00492760928076
0.00492760929562
0.00492760929562
0.00492760929159
0.00492760929159
0.00492760929736
0.00492760930263
0.00492760930263
0.00492760928418
0.00492760929912
0.00492760929912
0.00492760928608
0.00492760928608
0.00492760927337
0.00492760927427
0.00492760927427
0.00492760928052
0.00492760928137
0.00492760929645
0.00492760930174
0.00492760930174
0.00492760927319
0.00492760926885
0.00492760926977
0.00492760926977
0.00492760927583
0.00492760928129
0.00492760928188
0.00492760930173
0.00492760930707
0.00492760930754
0.00492760931762
0.00492760931762
0.00492760930411
0.00492760930961
0.00492760931033
0.00492760931121
0.00492760931121
0.00492760929852
0.00492760930411
0.00492760930966
0.00492760932496
0.00492760932496
0.00492760931618
0.00492760930742
0.00492760931918
0.00492760932516
0.00492760932516
0.00492760931777
0.00492760932368
0.00492760932368
0.00492760931136
0.00492760931719
0.00492760932302
0.00492760932302
0.00492760930004
0.00492760929743
0.00492760932757
0.00492760933836
0.00492760933836
0.0049276093311
0.00492760933718
0.00492760933718
0.00492760932529
0.00492760935073
0.00492760935073
0.00492760934238
0.00492760933401
0.00492760934141
0.00492760934141
0.00492760935368
0.00492760935368
0.00492760934542
0.00492760933874
0.00492760934523
0.00492760937104
0.00492760937104
0.00492760936482
0.00492760936638
0.00492760936638
0.00492760936934
0.00492760936934
0.00492760935782
0.00492760935782
0.00492760935595
0.00492760936224
0.00492760936369
0.00492760936369
0.00492760936184
0.00492760937789
0.00492760938433
0.00492760938433
0.00492760938295
0.00492760938471
0.00492760938639
0.00492760939768
0.00492760939768
0.00492760939605
0.00492760939767
0.00492760939767
0.00492760938965
0.00492760939321
0.0049276093999
0.0049276093999
0.00492760938459
0.00492760940604
0.00492760940604
0.00492760941511
0.00492760941511
0.00492760940969
0.00492760941665
0.00492760941872
0.00492760941872
0.00492760942758
0.00492760942758
0.00492760941991
0.00492760942887
0.00492760942887
0.00492760942833
0.00492760943058
0.00492760943283
0.00492760946894
0.00492760946894
0.00492760945398
0.00492760947067
0.00492760947067
0.00492760945346
0.00492760946257
0.00492760946257
0.00492760945018
0.00492760944261
0.00492760944679
0.00492760945372
0.00492760946551
0.00492760946551
0.00492760945796
0.00492760945041
0.00492760944288
0.0049276094473
0.0049276094473
0.00492760946644
0.00492760947368
0.00492760948098
0.00492760948351
0.00492760949579
0.00492760950328
0.00492760950328
0.00492760949142
0.00492760950164
0.00492760950912
0.00492760952623
0.00492760952623
0.00492760953128
0.0049276095338
0.00492760954601
0.00492760954601
0.00492760952209
0.00492760952471
0.00492760952471
0.00492760952031
0.00492760953267
0.00492760953267
0.00492760954296
0.00492760955059
0.00492760955827
0.00492760955827
0.00492760953487
0.00492760954734
0.00492760955007
0.00492760955007
0.00492760953342
0.00492760953407
0.00492760955141
0.00492760957363
0.00492760957363
0.00492760956969
0.00492760958227
0.00492760958227
0.00492760958326
0.00492760961532
0.00492760961532
0.00492760960864
0.00492760962933
0.00492760963247
0.00492760963247
0.00492760963397
0.00492760963397
0.00492760961124
0.00492760961927
0.00492760961927
0.00492760962075
0.00492760962075
0.00492760962709
0.00492760963026
0.00492760963026
0.00492760962693
0.00492760963013
0.00492760963013
0.00492760963659
0.00492760965438
0.00492760965438
0.00492760965109
0.00492760965427
0.00492760965427
0.00492760964289
0.00492760966382
0.00492760967674
0.00492760967674
0.00492760967027
0.00492760968651
0.00492760968651
0.00492760970771
0.00492760971108
0.00492760971936
0.00492760971936
0.00492760970698
0.00492760970698
0.00492760969602
0.00492760970821
0.00492760971676
0.00492760972528
0.00492760972528
0.00492760971799
0.00492760973135
0.00492760973135
0.00492760974357
0.00492760975217
0.00492760975217
0.00492760974137
0.00492760975852
0.00492760975852
0.00492760972333
0.00492760973537
0.00492760973537
0.00492760973277
0.00492760975578
0.00492760976913
0.00492760978255
0.00492760979117
0.00492760979117
0.00492760979403
0.00492760979403
0.00492760978338
0.00492760976788
0.00492760979509
0.00492760980375
0.00492760982206
0.00492760983546
0.00492760983546
0.00492760983299
0.0049276098512
0.00492760989374
0.00492760989374
0.00492760989633
0.00492760991471
0.00492760991854
0.00492760991854
0.00492760992625
0.004927609935
0.004927609935
0.00492760990001
0.0049276098796
0.0049276098729
0.00492760989143
0.00492760989143
0.00492760988564
0.00492760988471
0.0049276098877
0.00492760990139
0.00492760990542
0.00492760990542
0.00492760991849
0.00492760992753
0.00492760992753
0.00492760992199
0.00492760992069
0.00492760992975
0.00492760993884
0.00492760993884
0.00492760991874
0.00492760992723
0.00492760993149
0.0049276099844
0.00492760999837
0.00492761000744
0.00492761000744
0.00492760999701
0.00492760998089
0.00492760998089
0.00492760995981
0.0049276099687
0.0049276099873
0.00492761001077
0.00492761001966
0.00492761001966
0.00492761000835
0.0049276100223
0.0049276100223
0.00492761002605
0.00492761002605
0.00492761002509
0.00492761004409
0.00492761004409
0.00492761004787
0.00492761005218
0.00492761005218
0.00492761005592
0.0049276100651
0.0049276100651
0.00492761006409
0.0049276100685
0.00492761007786
0.00492761007786
0.00492761007261
0.0049276100913
0.0049276100913
0.00492761008601
0.00492761010473
0.00492761010473
0.00492761009911
0.00492761009911
0.0049276100983
0.0049276100983
0.0049276100784
0.00492761011177
0.00492761013577
0.00492761015003
0.00492761015003
0.00492761014475
0.00492761014879
0.00492761014879
0.00492761013859
0.00492761013767
0.00492761016648
0.00492761017584
0.00492761018032
0.00492761018486
0.00492761018486
0.00492761017483
0.0049276101599
0.00492761016928
0.00492761016928
0.00492761016421
0.00492761019806
0.00492761020278
0.0049276102172
0.00492761022184
0.00492761027046
0.00492761028003
0.00492761028003
0.00492761030887
0.00492761030887
0.00492761029886
0.00492761027887
0.00492761027887
0.00492761028324
0.00492761028324
0.00492761027324
0.00492761027753
0.00492761028206
0.00492761029147
0.00492761031065
0.00492761032979
0.00492761033913
0.00492761035823
0.00492761036272
0.00492761039166
0.00492761040106
0.00492761042033
0.00492761042033
0.00492761041518
0.00492761041498
0.00492761040501
0.00492761039013
0.0049276103655
0.00492761035059
0.00492761037448
0.00492761038387
0.00492761038387
0.00492761037331
0.00492761039261
0.0049276104022
0.00492761041183
0.00492761041183
0.00492761038745
0.00492761039719
0.00492761039719
0.00492761039222
0.00492761041643
0.00492761041643
0.00492761042098
0.00492761044528
0.00492761044528
0.00492761043534
0.00492761043037
0.00492761043024
0.00492761042028
0.00492761044916
0.00492761044916
0.00492761045335
0.00492761045801
0.00492761047737
0.00492761048686
0.00492761049625
0.00492761050551
0.00492761050982
0.00492761050982
0.00492761051836
0.00492761051836
0.00492761052711
0.0049276105316
0.00492761054117
0.00492761054117
0.00492761053595
0.00492761051639
0.00492761051135
0.00492761052591
0.00492761052591
0.00492761055005
0.00492761055954
0.00492761056896
0.0049276105785
0.00492761059285
0.00492761059285
0.00492761059208
0.00492761060644
0.00492761061594
0.00492761062053
0.00492761062053
0.00492761062487
0.0049276106393
0.0049276106393
0.00492761064355
0.0049276106481
0.0049276106481
0.00492761063797
0.00492761064715
0.00492761064715
0.00492761065638
0.00492761065638
0.00492761065606
0.00492761065606
0.00492761063628
0.00492761064569
0.00492761065539
0.00492761065539
0.00492761067447
0.00492761067447
0.00492761066895
0.00492761067353
0.00492761068298
0.00492761070714
0.00492761071658
0.0049276107212
0.0049276107212
0.0049276107453
0.0049276107453
0.00492761075472
0.00492761075472
0.00492761074927
0.00492761076856
0.00492761076856
0.00492761076772
0.00492761078693
0.00492761078693
0.00492761078608
0.00492761079052
0.00492761079999
0.00492761079999
0.00492761079466
0.00492761079868
0.00492761083739
0.00492761084677
0.00492761085115
0.00492761085549
0.00492761086483
0.00492761087407
0.00492761088343
0.00492761088343
0.0049276108874
0.00492761089706
0.00492761089706
0.00492761088696
0.00492761088606
0.00492761088606
0.00492761087562
0.00492761087993
0.00492761088449
0.00492761089445
0.00492761089973
0.00492761090482
0.00492761091468
0.00492761091468
0.00492761090477
0.00492761089976
0.00492761089942
0.00492761090388
0.00492761090388
0.00492761089369
0.00492761090268
0.00492761091203
0.00492761091203
0.00492761092602
0.00492761093557
0.00492761094497
0.00492761095458
0.00492761095888
0.00492761095888
0.00492761095318
0.00492761094736
0.00492761097119
0.00492761099076
0.0049276110001
0.00492761100934
0.00492761100934
0.00492761100849
0.00492761100849
0.00492761099328
0.0049276109974
0.00492761100687
0.00492761103591
0.00492761104528
0.00492761104528
0.00492761103489
0.00492761102456
0.00492761101964
0.00492761101879
0.00492761102313
0.00492761103726
0.00492761103726
0.00492761104126
0.00492761104126
0.00492761107443
0.00492761107443
0.00492761107814
0.00492761107814
0.00492761107253
0.00492761108574
0.00492761110943
0.00492761111335
0.00492761111335
0.00492761113191
0.00492761114109
0.00492761114109
0.0049276111544
0.0049276111544
0.00492761117209
0.00492761117209
0.00492761114152
0.00492761114012
0.00492761115393
0.00492761115393
0.00492761115204
0.004927611166
0.00492761117027
0.00492761117481
0.00492761118398
0.00492761119335
0.00492761120254
0.00492761121165
0.00492761122081
0.00492761122081
0.00492761120047
0.00492761120961
0.00492761122878
0.00492761123793
0.00492761123793
0.00492761124138
0.00492761124578
0.00492761125493
0.00492761125493
0.0049276112584
0.00492761127732
0.00492761127732
0.00492761127094
0.00492761127548
0.00492761127548
0.00492761125504
0.00492761125391
0.00492761125391
0.00492761124358
0.00492761124698
0.00492761126611
0.00492761127042
0.00492761127042
0.00492761127372
0.00492761128284
0.00492761129175
0.00492761129175
0.00492761129423
0.00492761134247
0.00492761134644
0.00492761136507
0.00492761138861
0.00492761138861
0.0049276113922
0.00492761141118
0.00492761141118
0.00492761140457
0.00492761141337
0.00492761141743
0.00492761141743
0.00492761140674
0.0049276113909
0.00492761138843
0.00492761139735
0.00492761140132
0.00492761141007
0.00492761141379
0.00492761141745
0.00492761141745
0.0049276114009
0.00492761140973
0.00492761140973
0.00492761142207
0.00492761142609
0.0049276114398
0.0049276114398
0.00492761144226
0.00492761145568
0.00492761145568
0.00492761145326
0.00492761146209
0.0049276114659
0.00492761146967
0.00492761146967
0.00492761147696
0.00492761147696
0.0049276114706
0.00492761146913
0.00492761148624
0.00492761149484
0.00492761149875
0.00492761149875
0.00492761149595
0.00492761149595
0.00492761148324
0.00492761149672
0.00492761149672
0.00492761148583
0.00492761146988
0.00492761147732
0.00492761148577
0.00492761149415
0.00492761149753
0.0049276115059
0.00492761151425
0.00492761154752
0.00492761155616
0.00492761155986
0.00492761157389
0.00492761157389
0.00492761156668
0.00492761158073
0.00492761158073
0.00492761158833
0.00492761158833
0.00492761159036
0.00492761159036
0.00492761158735
0.00492761159073
0.00492761160389
0.00492761160389
0.00492761159712
0.00492761159029
0.00492761160127
0.00492761160127
0.00492761158945
0.00492761161573
0.00492761162384
0.00492761162384
0.0049276116255
0.00492761163898
0.00492761163898
0.00492761164581
0.00492761164581
0.00492761163919
0.00492761165129
0.00492761166958
0.00492761167787
0.00492761167787
0.00492761167454
0.00492761167454
0.00492761167612
0.00492761167612
0.0049276116875
0.00492761169069
0.00492761169069
0.004927611682
0.004927611685
0.00492761169778
0.00492761169778
0.00492761170332
0.00492761170332
0.00492761171431
0.00492761171431
0.00492761170228
0.00492761169299
0.00492761170066
0.00492761170066
0.00492761169125
0.00492761171399
0.00492761171709
0.00492761172008
0.00492761172008
0.00492761171311
0.00492761170928
0.00492761170928
0.00492761173986
0.00492761174753
0.00492761175025
0.00492761175025
0.00492761174334
0.0049276117366
0.00492761173008
0.00492761173119
0.00492761173411
0.00492761175185
0.00492761176949
0.004927611787
0.004927611787
0.00492761175979
0.0049276117599
0.00492761176255
0.00492761176255
0.00492761177816
0.00492761179094
0.00492761182871
0.0049276118367
0.00492761184463
0.00492761184463
0.00492761185559
0.00492761185559
0.00492761184645
0.00492761186421
0.00492761186697
0.00492761187963
0.00492761187963
0.00492761190027
0.00492761190027
0.00492761188821
0.00492761188109
0.00492761187874
0.00492761187388
0.00492761188135
0.00492761188878
0.00492761189129
0.00492761189378
0.00492761189378
0.00492761187155
0.00492761186429
0.00492761186203
0.00492761185988
0.00492761185765
0.00492761185043
0.00492761186078
0.00492761187834
0.00492761189091
0.00492761189091
0.00492761186359
0.00492761186335
0.00492761186582
0.0049276118733
0.0049276118733
0.00492761187804
0.0049276118952
0.0049276119024
0.00492761191964
0.00492761193686
0.00492761194413
0.00492761195144
0.00492761198348
0.00492761198561
0.00492761198561
0.00492761195294
0.00492761195228
0.00492761195436
0.00492761195436
0.00492761192342
0.00492761192342
0.00492761192212
0.00492761193409
0.00492761193409
0.00492761192618
0.00492761191828
0.00492761191056
0.00492761191016
0.00492761193725
0.00492761194441
0.00492761195149
0.00492761195149
0.00492761195047
0.00492761195047
0.00492761195434
0.00492761195434
0.0049276119633
0.00492761198014
0.00492761198704
0.00492761198704
0.00492761198119
0.00492761198316
0.00492761198316
0.00492761199196
0.00492761199196
0.00492761199044
0.00492761199044
0.00492761198393
0.00492761199058
0.00492761199715
0.00492761199867
0.00492761199867
0.00492761200179
0.00492761201338
0.00492761203489
0.0049276120515
0.00492761208812
0.0049276120899
0.00492761209159
0.00492761209321
0.00492761209975
0.00492761209975
0.00492761208637
0.00492761208476
0.00492761208476
0.00492761205172
0.00492761204353
0.00492761201205
0.00492761201365
0.00492761202019
0.00492761202664
0.00492761202664
0.00492761201808
0.00492761201583
0.00492761203213
0.00492761203845
0.00492761203845
0.00492761203115
0.00492761203115
0.00492761202395
0.00492761203528
0.00492761204158
0.00492761204285
0.00492761204411
0.00492761204411
0.00492761204156
0.0049276120477
0.0049276120477
0.00492761206002
0.00492761206002
0.00492761202773
0.00492761204389
0.00492761204389
0.00492761205628
0.00492761206242
0.00492761206242
0.0049276120697
0.00492761208087
0.00492761208704
0.00492761209825
0.00492761209961
0.00492761209961
0.00492761210737
0.00492761210737
0.00492761210006
0.00492761210639
0.00492761210639
0.00492761207779
0.00492761206901
0.00492761207605
0.00492761207703
0.00492761208797
0.00492761208898
0.00492761208898
0.00492761209617
0.00492761209617
0.00492761207355
0.00492761207462
0.00492761207563
0.00492761208648
0.0049276120873
0.00492761208812
0.00492761208812
0.00492761208507
0.00492761208601
0.00492761208601
0.00492761208256
0.00492761208329
0.00492761208407
0.00492761209487
0.00492761209487
0.00492761208583
0.0049276120768
0.00492761206881
0.00492761208964
0.00492761209547
0.00492761209629
0.00492761209706
0.00492761209777
0.00492761209777
0.00492761208425
0.00492761208498
0.00492761209061
0.00492761210112
0.00492761210654
0.00492761210689
0.00492761210689
0.00492761210766
0.00492761210766
0.00492761209363
0.00492761209909
0.0049276121047
0.0049276121047
0.00492761211615
0.00492761211615
0.00492761211264
0.00492761211264
0.00492761210408
0.00492761211479
0.00492761211479
0.0049276121111
0.00492761212661
0.00492761213205
0.00492761213205
0.00492761210749
0.00492761210814
0.0049276121085
0.00492761212382
0.00492761212382
0.00492761211448
0.00492761211471
0.00492761211488
0.00492761212004
0.00492761212004
0.00492761210547
0.00492761212059
0.00492761212059
0.00492761210607
0.00492761212126
0.00492761213644
0.00492761213644
0.00492761211222
0.00492761211756
0.00492761211756
0.00492761211333
0.00492761211333
0.00492761209915
0.00492761211433
0.00492761211446
0.00492761211452
0.00492761211953
0.0049276121295
0.0049276121295
0.00492761211965
0.00492761212968
0.00492761212973
0.00492761214971
0.00492761214972
0.00492761216465
0.00492761217461
0.00492761217461
0.00492761217459
0.00492761214952
0.00492761214952
0.0049276121344
0.0049276121344
0.0049276121193
0.00492761213391
0.00492761213391
0.00492761212878
0.00492761213376
0.00492761213376
0.00492761213873
0.00492761217358
0.00492761217358
0.00492761214862
0.00492761214352
0.00492761213348
0.00492761216329
0.00492761216329
0.00492761215326
0.00492761215322
0.0049276121532
0.00492761215316
0.00492761215296
0.00492761215296
0.00492761214284
0.00492761215239
0.00492761215239
0.00492761215174
0.00492761215174
0.00492761214636
0.00492761216042
0.00492761216042
0.00492761215503
0.00492761215463
0.00492761212933
0.00492761211889
0.00492761211787
0.00492761212231
0.00492761212231
0.00492761213116
0.00492761213116
0.00492761211568
0.00492761211018
0.0049276121097
0.00492761209884
0.00492761210342
0.00492761211802
0.00492761211802
0.00492761212238
0.00492761212238
0.00492761211208
0.00492761211128
0.00492761214068
0.00492761215007
0.00492761215007
0.00492761214944
0.00492761214814
0.00492761215742
0.00492761215742
0.00492761214177
0.00492761213605
0.0049276121303
0.00492761210457
0.00492761210371
0.00492761210287
0.00492761208707
0.00492761206137
0.00492761205559
0.00492761206891
0.00492761208301
0.00492761209709
0.00492761210121
0.00492761210528
0.00492761210528
0.0049276121044
0.00492761210354
0.00492761209682
0.00492761212084
0.00492761212084
0.00492761211996
0.00492761212312
0.00492761212312
0.00492761210233
0.00492761210556
0.00492761210556
0.00492761208973
0.00492761208885
0.00492761208795
0.0049276120821
0.00492761208123
0.00492761208038
0.00492761207378
0.00492761207378
0.00492761205308
0.00492761207137
0.00492761207557
0.00492761207557
0.00492761207479
0.00492761207399
0.00492761207316
0.0049276120764
0.0049276120764
0.00492761206957
0.00492761206957
0.00492761208273
0.00492761209181
0.00492761209588
0.00492761209588
0.00492761209495
0.00492761205411
0.00492761203686
0.00492761206042
0.00492761206042
0.00492761206241
0.00492761206579
0.00492761206579
0.00492761206418
0.00492761204771
0.00492761204619
0.00492761205325
0.00492761205325
0.0049276120805
0.0049276120805
0.00492761209299
0.00492761209299
0.00492761206193
0.00492761205077
0.00492761204457
0.00492761202711
0.00492761204071
0.00492761204431
0.00492761204431
0.00492761203292
0.00492761203485
0.00492761204322
0.00492761205157
0.00492761205157
0.00492761204344
0.00492761204344
0.00492761205033
0.00492761205879
0.00492761205879
0.00492761201749
0.00492761202441
0.00492761202788
0.00492761204629
0.00492761205971
0.00492761205971
0.00492761203828
0.00492761203178
0.00492761201033
0.00492761200724
0.00492761203558
0.00492761203906
0.00492761203906
0.00492761203259
0.00492761203108
0.00492761202957
0.00492761202805
0.00492761201159
0.00492761201004
0.00492761199198
0.00492761199198
0.00492761198548
0.00492761199756
0.0049276120062
0.0049276120062
0.00492761198374
0.00492761198374
0.00492761198108
0.00492761199453
0.00492761199453
0.00492761196808
0.00492761199941
0.00492761200253
0.00492761200253
0.00492761201362
0.00492761201362
0.00492761201167
0.00492761199478
0.00492761195798
0.00492761194603
0.00492761194204
0.00492761194204
0.00492761195312
0.00492761195312
0.00492761194438
0.00492761194438
0.00492761192757
0.00492761196352
0.00492761196352
0.00492761197452
0.00492761197452
0.0049276119427
0.00492761192887
0.00492761193195
0.00492761195
0.00492761195317
0.00492761195317
0.00492761194146
0.00492761195291
0.00492761195616
0.00492761195616
0.00492761194764
0.00492761194764
0.00492761193896
0.00492761194696
0.00492761194696
0.00492761194294
0.00492761194294
0.00492761194086
0.00492761190397
0.00492761190184
0.0049276118997
0.00492761189043
0.00492761189043
0.00492761188608
0.00492761188887
0.00492761188887
0.00492761188174
0.00492761187957
0.00492761188021
0.00492761188021
0.00492761187306
0.00492761187085
0.00492761186143
0.00492761186412
0.00492761186412
0.00492761186182
0.00492761185948
0.00492761185477
0.00492761185477
0.00492761185244
0.00492761185016
0.00492761184571
0.00492761184571
0.00492761185628
0.00492761185628
0.0049276118719
0.00492761187474
0.00492761187474
0.00492761186765
0.00492761186829
0.00492761186829
0.00492761185386
0.00492761185386
0.00492761181942
0.00492761183691
0.00492761183691
0.00492761180972
0.0049276118249
0.00492761183747
0.00492761184013
0.00492761184013
0.00492761183784
0.00492761182562
0.00492761180349
0.00492761180121
0.00492761179893
0.0049276117867
0.00492761178699
0.00492761178956
0.00492761180204
0.00492761181946
0.00492761181946
0.00492761181702
0.00492761180464
0.00492761177988
0.00492761177988
0.00492761176255
0.00492761177261
0.00492761177261
0.00492761176032
0.0049276117607
0.0049276117607
0.00492761177597
0.00492761177597
0.00492761177617
0.00492761177863
0.00492761177863
0.00492761174627
0.00492761175099
0.00492761175841
0.00492761175841
0.00492761178341
0.00492761178341
0.00492761176628
0.00492761175909
0.00492761175689
0.00492761175735
0.00492761175735
0.00492761174768
0.00492761174768
0.00492761172294
0.00492761172294
0.00492761170059
0.00492761169806
0.00492761168799
0.00492761168799
0.0049276116854
0.00492761169499
0.00492761169499
0.00492761168238
0.00492761167968
0.00492761167923
0.0049276116964
0.00492761172351
0.00492761174072
0.00492761174803
0.00492761175035
0.00492761175035
0.00492761174274
0.00492761174002
0.00492761171745
0.00492761169482
0.00492761169198
0.00492761166931
0.00492761166151
0.00492761164606
0.00492761164606
0.00492761164337
0.00492761163815
0.00492761163815
0.00492761164299
0.00492761166526
0.00492761167761
0.00492761167761
0.00492761165031
0.00492761166496
0.00492761166496
0.00492761164742
0.00492761164471
0.00492761165397
0.00492761165397
0.0049276116483
0.0049276116483
0.00492761164264
0.00492761164264
0.00492761162003
0.00492761161231
0.00492761160954
0.00492761161393
0.00492761161393
0.00492761158146
0.00492761157593
0.00492761157593
0.00492761157042
0.00492761157042
0.00492761155776
0.00492761155502
0.00492761155948
0.00492761155948
0.00492761155414
0.00492761155414
0.00492761153399
0.00492761155109
0.00492761155109
0.00492761154838
0.00492761153073
0.00492761153489
0.00492761156659
0.00492761156659
0.00492761156365
0.00492761154579
0.00492761152491
0.00492761153671
0.00492761153671
0.00492761153556
0.00492761153556
0.00492761152264
0.00492761151466
0.0049276114988
0.00492761151067
0.0049276115176
0.0049276115196
0.0049276115196
0.0049276115038
0.00492761150581
0.00492761150581
0.00492761150498
0.00492761151699
0.00492761151699
0.00492761149933
0.00492761148877
0.00492761148877
0.00492761149302
0.00492761149302
0.00492761149015
0.00492761148727
0.00492761147939
0.00492761147645
0.00492761147347
0.00492761147047
0.00492761146444
0.0049276114762
0.0049276114762
0.0049276114533
0.00492761144516
0.00492761142894
0.00492761142894
0.00492761141594
0.00492761140794
0.00492761141192
0.00492761141192
0.00492761140901
0.00492761138632
0.00492761138536
0.00492761138727
0.00492761138727
0.00492761137931
0.00492761138307
0.00492761138307
0.00492761137012
0.00492761136215
0.00492761135419
0.00492761135306
0.00492761136485
0.00492761136485
0.00492761135686
0.00492761135384
0.00492761135076
0.00492761137433
0.00492761137433
0.00492761136332
0.00492761136332
0.00492761137203
0.00492761137888
0.00492761137888
0.00492761137572
0.00492761134792
0.00492761132011
0.00492761130713
0.00492761130405
0.00492761129106
0.00492761129487
0.00492761129674
0.0049276113036
0.0049276113036
0.0049276113006
0.00492761128973
0.00492761130648
0.00492761130847
0.00492761130847
0.00492761129072
0.00492761127976
0.00492761127976
0.00492761126681
0.00492761128054
0.0049276112824
0.0049276112824
0.0049276112695
0.00492761124664
0.00492761122375
0.00492761120747
0.00492761123874
0.00492761124043
0.00492761124043
0.00492761123892
0.00492761123892
0.00492761123572
0.00492761122269
0.00492761121956
0.00492761121639
0.00492761120339
0.00492761119697
0.00492761119876
0.00492761120044
0.00492761120044
0.00492761119901
0.00492761120086
0.00492761120086
0.00492761121463
0.00492761121463
0.00492761120188
0.00492761118917
0.00492761120315
0.00492761121011
0.00492761121199
0.00492761121199
0.004927611209
0.00492761120095
0.00492761119785
0.00492761119482
0.00492761117679
0.00492761115394
0.00492761115082
0.00492761113947
0.00492761113947
0.00492761113783
0.00492761113783
0.00492761113466
0.00492761113141
0.00492761114482
0.00492761114482
0.00492761114177
0.0049276111209
0.0049276111209
0.0049276111149
0.0049276111149
0.00492761112379
0.00492761113553
0.00492761113553
0.00492761111986
0.00492761112169
0.00492761112858
0.00492761112858
0.0049276111155
0.00492761111907
0.00492761111907
0.00492761109103
0.00492761108458
0.00492761108458
0.00492761107338
0.00492761107338
0.00492761106032
0.00492761105727
0.00492761105427
0.00492761103647
0.00492761104516
0.00492761104516
0.00492761104398
0.00492761104398
0.00492761103082
0.00492761102918
0.00492761102918
0.00492761103743
0.00492761103743
0.00492761101434
0.00492761101262
0.00492761101262
0.00492761099947
0.00492761099772
0.00492761099772
0.00492761100091
0.00492761100091
0.0049276109992
0.0049276109992
0.00492761098611
0.00492761098293
0.00492761096981
0.0049276109665
0.00492761093531
0.00492761093531
0.00492761092229
0.00492761092592
0.00492761092784
0.00492761094944
0.00492761094944
0.00492761095843
0.00492761095843
0.00492761093115
0.00492761091562
0.00492761091562
0.00492761090453
0.00492761090453
0.00492761091288
0.0049276109147
0.0049276109147
0.00492761091169
0.0049276109037
0.00492761091182
0.00492761092337
0.00492761092337
0.00492761090052
0.00492761090384
0.00492761090384
0.00492761088604
0.00492761088935
0.00492761088935
0.00492761088271
0.00492761088271
0.00492761089593
0.00492761092709
0.00492761092709
0.00492761092377
0.00492761091248
0.00492761091248
0.00492761090588
0.00492761090588
0.00492761087324
0.00492761086492
0.00492761086165
0.00492761084366
0.00492761084051
0.00492761083249
0.00492761082937
0.00492761083811
0.00492761083811
0.00492761082531
0.00492761082436
0.00492761083138
0.00492761083138
0.00492761081368
0.00492761080724
0.00492761080724
0.00492761079426
0.00492761079114
0.00492761078777
0.00492761079071
0.00492761079071
0.0049276107874
0.00492761078414
0.0049276107871
0.0049276107871
0.00492761077392
0.00492761077071
0.0049276107646
0.0049276107646
0.00492761076814
0.00492761078972
0.00492761078972
0.00492761075917
0.00492761075917
0.00492761074618
0.00492761073806
0.00492761074186
0.00492761074371
0.00492761074371
0.00492761072596
0.00492761072291
0.00492761072194
0.00492761072194
0.00492761071376
0.00492761071708
0.00492761071708
0.00492761070409
0.00492761070253
0.00492761070253
0.00492761069937
0.00492761068645
0.00492761068498
0.00492761068688
0.00492761068688
0.00492761068361
0.00492761068212
0.00492761068212
0.00492761070016
0.00492761070196
0.00492761070196
0.00492761069566
0.00492761069566
0.00492761067774
0.0049276106598
0.00492761065669
0.00492761063895
0.00492761061774
0.00492761061774
0.00492761062609
0.00492761062609
0.00492761062963
0.00492761062963
0.00492761059706
0.00492761059605
0.0049276106079
0.0049276106079
0.00492761060254
0.0049276106148
0.0049276106148
0.00492761061225
0.00492761060437
0.00492761060165
0.00492761059595
0.00492761059778
0.00492761059778
0.00492761056013
0.00492761055203
0.00492761054396
0.00492761054039
0.00492761053679
0.0049276105586
0.00492761055985
0.00492761055985
0.00492761055111
0.00492761055846
0.00492761055846
0.00492761054526
0.00492761054194
0.00492761054985
0.00492761055636
0.00492761055808
0.00492761055808
0.00492761056639
0.00492761056639
0.00492761055325
0.00492761054504
0.00492761052226
0.00492761051583
0.00492761051583
0.00492761050767
0.00492761050453
0.00492761049169
0.0049276104887
0.00492761048062
0.00492761047952
0.004927610491
0.00492761049272
0.00492761049272
0.00492761047473
0.00492761048805
0.00492761049452
0.00492761050582
0.00492761050582
0.00492761049433
0.00492761049433
0.00492761049265
0.00492761049265
0.00492761048433
0.00492761048095
0.00492761048915
0.00492761049065
0.00492761049065
0.00492761044812
0.00492761042708
0.00492761044357
0.00492761045012
0.00492761045195
0.00492761045386
0.00492761045386
0.00492761044088
0.00492761045391
0.00492761045391
0.00492761043609
0.00492761041342
0.00492761039065
0.00492761038958
0.00492761039629
0.00492761039629
0.00492761037865
0.00492761037575
0.00492761038494
0.00492761038494
0.00492761036743
0.00492761036688
0.00492761037374
0.00492761037374
0.00492761038705
0.00492761038705
0.00492761038554
0.00492761039703
0.00492761039703
0.00492761039393
0.00492761037601
0.00492761037287
0.00492761036001
0.00492761036376
0.00492761036567
0.00492761036567
0.00492761035293
0.00492761033042
0.00492761031766
0.0049276103098
0.00492761029891
0.00492761031062
0.00492761031062
0.00492761032414
0.004927610326
0.004927610326
0.0049276103245
0.0049276103245
0.00492761032129
0.00492761031809
0.0049276103069
0.00492761031358
0.00492761031358
0.00492761030266
0.00492761030266
0.00492761028994
0.00492761025286
0.00492761025219
0.0049276102641
0.0049276102641
0.00492761025159
0.00492761027526
0.0049276102772
0.0049276102772
0.00492761026639
0.00492761026639
0.00492761028483
0.00492761028483
0.00492761029326
0.00492761029326
0.0049276102903
0.00492761028453
0.00492761028453
0.00492761028177
0.00492761027421
0.00492761027157
0.00492761025432
0.00492761023215
0.00492761019538
0.00492761018291
0.00492761019696
0.0049276102089
0.0049276102089
0.00492761019142
0.00492761017891
0.00492761017618
0.00492761017557
0.00492761017557
0.00492761017287
0.00492761016037
0.00492761016402
0.00492761016402
0.00492761015129
0.00492761014979
0.00492761014979
0.00492761014345
0.00492761017446
0.00492761017626
0.00492761017626
0.00492761017321
0.00492761016033
0.00492761016398
0.00492761016398
0.00492761016095
0.00492761014807
0.00492761013528
0.00492761010792
0.00492761011191
0.00492761011191
0.0049276101114
0.0049276101114
0.00492761013051
0.00492761013051
0.00492761011327
0.00492761010805
0.00492761011999
0.00492761011999
0.00492761011742
0.00492761009038
0.00492761007799
0.00492761007058
0.00492761008027
0.00492761008027
0.00492761006326
0.00492761006339
0.00492761009018
0.00492761009262
0.00492761009509
0.00492761009738
0.00492761009738
0.00492761009486
0.00492761006304
0.00492761005549
0.0049276100553
0.00492761006732
0.0049276100696
0.0049276100696
0.00492761007404
0.00492761007404
0.00492761007839
0.00492761007839
0.00492761004143
0.00492761002387
0.00492761001124
0.00492761001042
0.00492761002715
0.00492761002715
0.00492761003627
0.00492761003627
0.00492761003354
0.00492761003288
0.00492761003288
0.00492761000587
0.00492761001487
0.00492761002187
0.00492761002407
0.00492761002407
0.00492761002146
0.00492760998973
0.00492760998243
0.00492760997999
0.00492760996779
0.00492760998721
0.00492760998962
0.00492760998962
0.00492760999437
0.00492761001142
0.00492761001142
0.00492761000137
0.00492761000137
0.00492760999883
0.00492760997689
0.00492760996935
0.00492760996671
0.00492760996413
0.00492760993719
0.00492760993709
0.00492760993709
0.00492760991756
0.00492760991996
0.00492760992223
0.00492760992949
0.00492760992949
0.00492760993878
0.00492760994106
0.00492760994106
0.00492760993849
0.00492760993831
0.00492760994057
0.00492760994057
0.00492760993532
0.00492760993532
0.00492760993005
0.00492760993005
0.00492760990784
0.00492760989542
0.00492760988305
0.00492760987557
0.00492760987305
0.00492760987787
0.00492760988022
0.00492760988022
0.00492760986804
0.00492760986316
0.00492760987535
0.00492760987535
0.00492760985838
0.00492760985599
0.00492760985352
0.00492760984621
0.00492760984372
0.00492760982654
0.00492760984088
0.0049276098724
0.00492760987479
0.00492760987479
0.00492760985775
0.00492760985773
0.00492760986481
0.00492760986481
0.00492760986227
0.00492760984512
0.00492760981809
0.00492760982723
0.00492760982723
0.00492760981477
0.00492760980245
0.00492760979734
0.00492760979734
0.00492760979485
0.0049276097632
0.00492760975813
0.0049276097847
0.0049276097847
0.00492760978194
0.0049276097813
0.00492760981253
0.00492760981253
0.00492760979512
0.00492760978263
0.0049276097724
0.00492760977467
0.00492760977467
0.00492760976237
0.00492760975505
0.00492760975515
0.00492760976255
0.00492760976255
0.00492760975311
0.00492760975311
0.00492760975074
0.0049276097412
0.0049276097412
0.00492760973144
0.00492760973144
0.00492760972662
0.0049276097388
0.0049276097388
0.00492760974857
0.00492760975109
0.00492760975109
0.00492760975607
0.00492760975607
0.004927609761
0.004927609761
0.00492760975873
0.00492760974191
0.00492760973963
0.00492760973739
0.00492760970602
0.00492760970374
0.00492760969649
0.00492760969671
0.00492760969671
0.00492760969443
0.00492760969474
0.00492760969474
0.00492760968287
0.00492760970766
0.0049276097153
0.0049276097153
0.0049276097209
0.0049276097209
0.00492760971893
0.00492760970243
0.00492760969564
0.00492760969165
0.00492760969165
0.00492760965573
0.00492760965364
0.0049276096591
0.0049276096591
0.00492760964228
0.00492760965238
0.00492760967435
0.00492760969155
0.00492760969155
0.00492760968931
0.00492760967255
0.00492760967037
0.00492760968545
0.00492760968545
0.00492760964936
0.0049276096327
0.00492760962081
0.00492760961153
0.0049276096142
0.00492760962175
0.00492760962175
0.00492760960508
0.0049276096106
0.00492760961344
0.00492760961344
0.00492760960952
0.00492760960952
0.00492760960557
0.00492760960557
0.00492760960354
0.00492760960137
0.00492760960204
0.00492760960204
0.00492760961217
0.00492760961217
0.00492760961002
0.00492760958139
0.00492760958139
0.0049276095696
0.0049276095433
0.00492760953154
0.00492760954214
0.00492760956447
0.00492760956735
0.00492760956735
0.00492760956345
0.00492760956637
0.00492760956637
0.0049276095625
0.0049276095625
0.00492760956832
0.00492760956832
0.00492760955181
0.004927609545
0.00492760954619
0.00492760954619
0.00492760954446
0.00492760954577
0.00492760955362
0.00492760955362
0.00492760953727
0.00492760952582
0.00492760952685
0.00492760952685
0.00492760952483
0.00492760952285
0.00492760950423
0.00492760951669
0.00492760951669
0.00492760951224
0.00492760951489
0.00492760955127
0.00492760955127
0.00492760953924
0.00492760955415
0.00492760955415
0.00492760953081
0.00492760954837
0.00492760954837
0.00492760952727
0.00492760950137
0.00492760952216
0.00492760953003
0.00492760953003
0.00492760952818
0.0049276095097
0.00492760951739
0.00492760952026
0.00492760952026
0.00492760949413
0.00492760947761
0.00492760946592
0.00492760945915
0.00492760946502
0.00492760946502
0.00492760947119
0.00492760947437
0.00492760948245
0.00492760948571
0.00492760948571
0.00492760946965
0.00492760945835
0.00492760945023
0.00492760946297
0.00492760946605
0.00492760948357
0.00492760948357
0.00492760947518
0.00492760947518
0.00492760947649
0.00492760948921
0.00492760948921
0.00492760947283
0.0049276094613
0.00492760944001
0.00492760943806
0.0049276094361
0.00492760941967
0.00492760942563
0.00492760942563
0.00492760941901
0.00492760941724
0.00492760941549
0.00492760940417
0.00492760939773
0.0049276094237
0.00492760943195
0.00492760943542
0.00492760943542
0.00492760941473
0.00492760942187
0.00492760942187
0.00492760944348
0.00492760944348
0.0049276094373
0.00492760943574
0.00492760943423
0.00492760943263
0.00492760942122
0.00492760941944
0.00492760941765
0.0049276094014
0.00492760938514
0.00492760937372
0.00492760936237
0.00492760937844
0.00492760937844
0.00492760937978
0.0049276094022
0.00492760941487
0.00492760941487
0.00492760942055
0.00492760942055
0.00492760940678
0.00492760942408
0.00492760942408
0.00492760938329
0.00492760935713
0.00492760935833
0.00492760935833
0.00492760935506
0.00492760935506
0.00492760934869
0.00492760935068
0.00492760935068
0.00492760934941
0.00492760935676
0.00492760935676
0.00492760934116
0.00492760934854
0.00492760934854
0.00492760937046
0.00492760937897
0.00492760937897
0.00492760936187
0.00492760937491
0.00492760937491
0.00492760932982
0.0049276093217
0.00492760932961
0.00492760932961
0.0049276093279
0.00492760933907
0.00492760933907
0.00492760935036
0.00492760935036
0.00492760933427
0.00492760934573
0.00492760934573
0.00492760934761
0.00492760934761
0.00492760934958
0.00492760935784
0.00492760935784
0.00492760934069
0.00492760934069
0.00492760932978
0.00492760931413
0.00492760931195
0.00492760931195
0.00492760929157
0.00492760929053
0.00492760929327
0.00492760929703
0.00492760930568
0.00492760930947
0.00492760932292
0.00492760934119
0.00492760934119
0.00492760932076
0.00492760929552
0.0049276092934
0.0049276092934
0.00492760928754
0.00492760928654
0.00492760928556
0.00492760927489
0.00492760927264
0.00492760927264
0.00492760928942
0.00492760928942
0.00492760927826
0.00492760927668
0.00492760927511
0.00492760927176
0.00492760927176
0.0049276092508
0.00492760926208
0.00492760929435
0.00492760931218
0.00492760931218
0.00492760931077
0.00492760929497
0.00492760929379
0.00492760929275
0.00492760928701
0.00492760928623
0.00492760928555
0.00492760926078
0.00492760925053
0.00492760924511
0.00492760923481
0.00492760922864
0.00492760922864
0.00492760921339
0.00492760921263
0.00492760922542
0.00492760922542
0.00492760921006
0.00492760919944
0.00492760920225
0.00492760923019
0.00492760923019
0.00492760922916
0.00492760923195
0.0049276092744
0.00492760928785
0.00492760928785
0.00492760927717
0.00492760927608
0.00492760928836
0.00492760929209
0.00492760929209
0.00492760929962
0.00492760930826
0.00492760931209
0.00492760931209
0.00492760929184
0.00492760929092
0.00492760926592
0.00492760926029
0.0049276092588
0.0049276092588
0.00492760923398
0.00492760925204
0.00492760925204
0.00492760928466
0.00492760929375
0.00492760929804
0.00492760929804
0.00492760929269
0.00492760925356
0.0049276092434
0.00492760925199
0.00492760925199
0.00492760924168
0.00492760922171
0.00492760921608
0.00492760921525
0.00492760921432
0.00492760921328
0.00492760917363
0.00492760916764
0.00492760916993
0.00492760918301
0.00492760918301
0.00492760917513
0.00492760917513
0.004927609159
0.00492760917488
0.00492760919255
0.00492760919255
0.00492760918962
0.00492760918962
0.0049276091922
0.0049276091922
0.00492760919545
0.00492760919545
0.00492760918525
0.00492760918936
0.00492760918936
0.00492760919375
0.00492760919375
0.00492760918392
0.00492760918827
0.00492760918827
0.00492760918756
0.00492760918756
0.00492760917743
0.00492760917693
0.00492760918543
0.00492760918959
0.00492760918959
0.00492760917925
0.00492760917851
0.00492760918177
0.00492760918177
0.00492760918504
0.00492760918916
0.00492760918916
0.00492760917403
0.0049276091686
0.00492760916319
0.00492760917175
0.00492760917601
0.00492760918507
0.00492760918507
0.00492760917886
0.00492760917886
0.00492760917805
0.00492760917721
0.00492760917153
0.00492760917061
0.00492760916492
0.00492760916817
0.00492760916817
0.00492760917177
0.0049276091761
0.0049276091761
0.00492760916122
0.0049276091512
0.00492760914126
0.00492760916021
0.004927609165
0.004927609165
0.00492760916506
0.00492760916506
0.00492760916038
0.00492760917004
0.00492760917004
0.00492760916517
0.00492760918897
0.00492760919355
0.00492760919355
0.00492760919326
0.00492760919292
0.00492760917812
0.0049276091585
0.0049276091625
0.00492760916685
0.00492760916685
0.00492760917542
0.00492760918444
0.00492760919348
0.00492760919773
0.00492760922617
0.00492760923054
0.00492760923054
0.0049276091771
0.00492760915753
0.00492760915252
0.00492760915241
0.00492760918603
0.0049276091956
0.0049276091956
0.00492760918582
0.00492760918582
0.00492760917608
0.00492760918064
0.00492760918064
0.00492760915154
0.00492760913203
0.00492760913628
0.00492760915039
0.00492760916443
0.00492760917841
0.00492760918268
0.00492760918268
0.00492760919101
0.00492760919101
0.00492760918068
0.00492760918414
0.00492760920763
0.00492760920763
0.00492760919736
0.00492760918658
0.00492760918658
0.00492760917157
0.00492760918514
0.00492760918514
0.00492760917511
0.00492760914583
0.00492760915498
0.00492760915498
0.00492760915481
0.00492760914502
0.00492760913522
0.0049276091639
0.00492760917341
0.00492760917813
0.00492760917813
0.00492760917804
0.00492760917804
0.0049276091636
0.00492760914941
0.00492760915444
0.00492760915947
0.00492760915963
0.00492760917421
0.00492760917428
0.00492760917911
0.00492760917911
0.00492760919351
0.00492760919824
0.00492760919824
0.00492760917401
0.00492760915939
0.00492760914958
0.00492760913007
0.00492760911984
0.00492760913397
0.00492760913844
0.00492760913844
0.00492760913302
0.00492760914246
0.00492760914246
0.00492760914231
0.00492760914223
0.00492760914216
0.0049276091469
0.00492760917096
0.00492760917572
0.00492760917572
0.00492760916118
0.00492760914176
0.00492760915134
0.00492760915134
0.00492760915127
0.00492760913672
0.00492760914138
0.00492760914138
0.004927609146
0.004927609146
0.00492760913625
0.004927609165
0.004927609165
0.00492760917444
0.00492760917444
0.00492760917912
0.00492760918871
0.00492760918871
0.00492760917419
0.0049276091693
0.00492760916922
0.00492760917376
0.00492760918804
0.00492760918804
0.00492760917335
0.00492760914901
0.00492760914387
0.00492760914387
0.00492760914378
0.00492760914375
0.00492760914375
0.00492760913911
0.0049276091393
0.00492760913959
0.00492760914472
0.00492760914508
0.00492760914508
0.0049276091411
0.00492760914637
0.00492760914687
0.0049276091763
0.00492760920096
0.00492760920096
0.00492760919669
0.00492760916346
0.00492760917894
0.00492760917938
0.00492760917938
0.00492760917014
0.00492760915605
0.00492760916158
0.00492760916158
0.0049276091574
0.0049276091574
0.00492760914832
0.00492760916301
0.00492760916301
0.0049276091536
0.00492760915363
0.00492760915363
0.00492760915358
0.00492760913898
0.00492760914828
0.00492760914828
0.00492760914817
0.00492760915297
0.00492760915297
0.00492760915321
0.00492760916794
0.00492760919721
0.00492760919721
0.00492760917882
0.00492760917933
0.00492760917933
0.00492760917555
0.00492760919049
0.00492760919049
0.00492760917642
0.00492760918671
0.00492760918671
0.00492760916283
0.00492760914859
0.00492760914906
0.00492760916383
0.00492760916383
0.00492760915448
0.0049276091502
0.00492760915525
0.00492760915541
0.00492760915552
0.00492760915561
0.00492760915561
0.00492760916528
0.00492760917977
0.00492760918467
0.00492760918966
0.00492760918988
0.00492760920465
0.00492760920465
0.00492760919049
0.00492760918143
0.0049276091865
0.00492760919632
0.0049276092061
0.0049276092061
0.00492760919171
0.00492760918694
0.00492760916283
0.00492760915319
0.00492760915795
0.00492760915795
0.0049276091579
0.00492760915769
0.00492760916718
0.00492760916718
0.00492760915735
0.00492760915685
0.00492760915685
0.00492760914213
0.00492760915156
0.00492760915161
0.00492760915182
0.00492760917144
0.00492760917144
0.00492760917704
0.00492760917704
0.00492760918269
0.00492760919272
0.00492760919272
0.00492760918342
0.00492760918897
0.00492760919414
0.00492760919414
0.00492760917556
0.00492760917556
0.00492760916179
0.00492760916179
0.00492760915776
0.00492760915776
0.00492760915372
0.00492760915411
0.00492760916408
0.00492760916437
0.00492760916437
0.00492760917923
0.00492760917923
0.0049276092035
0.00492760921316
0.00492760921316
0.00492760921795
0.00492760921799
0.00492760921799
0.00492760921367
0.00492760921367
0.00492760920023
0.00492760920089
0.00492760920646
0.00492760920646
0.00492760919834
0.00492760920872
0.00492760920872
0.00492760919973
0.00492760920571
0.0049276092062
0.0049276092062
0.00492760919214
0.00492760918801
0.00492760918801
0.00492760916941
0.00492760916984
0.00492760917997
0.00492760917997
0.00492760917088
0.00492760917693
0.00492760917693
0.00492760917337
0.00492760919327
0.00492760921315
0.00492760921315
0.00492760920932
0.0049276092146
0.00492760922953
0.00492760922953
0.0049276091817
0.0049276091778
0.00492760918791
0.00492760918791
0.00492760917915
0.00492760918441
0.0049276091945
0.0049276091945
0.00492760919058
0.00492760919107
0.00492760919107
0.0049276091825
0.00492760918305
0.00492760918854
0.0049276091941
0.00492760919489
0.00492760919489
0.00492760918619
0.00492760919309
0.00492760919309
0.00492760919534
0.00492760919534
0.00492760918782
0.00492760919848
0.00492760919848
0.00492760919072
0.00492760920124
0.00492760920124
0.00492760919799
0.00492760919866
0.00492760919927
0.00492760920467
0.00492760921968
0.00492760922502
0.00492760922502
0.00492760923092
0.00492760923149
0.00492760923149
0.00492760920846
0.00492760921387
0.00492760921925
0.00492760921925
0.0049276092102
0.00492760920667
0.00492760920737
0.00492760920737
0.00492760920877
0.00492760921431
0.00492760923433
0.00492760923994
0.00492760923994
0.00492760922142
0.00492760921259
0.00492760921438
0.00492760924432
0.00492760924432
0.00492760922216
0.00492760922216
0.00492760923392
0.00492760925435
0.00492760925435
0.00492760926143
0.00492760926143
0.00492760925291
0.00492760923105
0.004927609237
0.004927609237
0.00492760922963
0.00492760924042
0.00492760924042
0.00492760923289
0.00492760923871
0.00492760923962
0.00492760923962
0.00492760920667
0.00492760920824
0.00492760922348
0.00492760922348
0.00492760921545
0.00492760921545
0.00492760922691
0.00492760924226
0.0049276092479
0.00492760924863
0.0049276092493
0.0049276092493
0.0049276092553
0.00492760926068
0.00492760926068
0.00492760926196
0.00492760928207
0.00492760928778
0.00492760928778
0.00492760928502
0.00492760929581
0.00492760929581
0.00492760926806
0.0049276092754
0.00492760929112
0.00492760929713
0.00492760929825
0.00492760931382
0.00492760931382
0.00492760927619
0.00492760927812
0.00492760927812
0.00492760926554
0.00492760926659
0.00492760927246
0.00492760927246
0.00492760926494
0.0049276092756
0.0049276092756
0.00492760927744
0.00492760928309
0.00492760928385
0.00492760928385
0.00492760927562
0.00492760928123
0.00492760928687
0.00492760928687
0.00492760928397
0.00492760928987
0.00492760931995
0.00492760932101
0.00492760932101
0.00492760931837
0.00492760931837
0.00492760930011
0.00492760931198
0.00492760931198
0.00492760929983
0.00492760929983
0.00492760929745
0.00492760929745
0.0049276092952
0.0049276093014
0.0049276093014
0.00492760929933
0.00492760929933
0.00492760931666
0.00492760931666
0.00492760930362
0.00492760929535
0.00492760929331
0.00492760929466
0.00492760929466
0.00492760929729
0.0049276093179
0.00492760931917
0.00492760932044
0.0049276093217
0.00492760933262
0.00492760933393
0.00492760933393
0.00492760932552
0.00492760934745
0.00492760934873
0.0049276093693
0.0049276093693
0.00492760936086
0.00492760933791
0.00492760931975
0.00492760933176
0.00492760933176
0.00492760934365
0.00492760934365
0.00492760933016
0.00492760932716
0.00492760934728
0.00492760934728
0.00492760933835
0.00492760933965
0.00492760934521
0.00492760934521
0.0049276093469
0.00492760935278
0.00492760935278
0.00492760935513
0.00492760938062
0.00492760938195
0.00492760938332
0.00492760938953
0.00492760939088
0.00492760939224
0.00492760939224
0.00492760936596
0.00492760936742
0.00492760936894
0.00492760937535
0.00492760939165
0.00492760939827
0.00492760940025
0.00492760940232
0.00492760942377
0.00492760942377
0.00492760940874
0.00492760941565
0.00492760942249
0.00492760943412
0.00492760943412
0.00492760941836
0.0049276094297
0.00492760943131
0.00492760943131
0.00492760942471
0.00492760942621
0.0049276094277
0.00492760942915
0.00492760943542
0.00492760943542
0.00492760941267
0.00492760940578
0.00492760944101
0.00492760945686
0.00492760945686
0.00492760945001
0.00492760946109
0.00492760948201
0.00492760948838
0.00492760948838
0.00492760948703
0.00492760948884
0.00492760949562
0.00492760949562
0.00492760949988
0.00492760950229
0.00492760950229
0.00492760949766
0.00492760949766
0.00492760949556
0.00492760949347
0.00492760947978
0.00492760948254
0.00492760948254
0.00492760946102
0.00492760945396
0.00492760944933
0.00492760946628
0.00492760946867
0.00492760947102
0.00492760948303
0.00492760948303
0.00492760947799
0.00492760949488
0.00492760949488
0.00492760948034
0.00492760948281
0.00492760948281
0.00492760946842
0.00492760947099
0.00492760947099
0.00492760948098
0.0049276094836
0.00492760949591
0.00492760950348
0.00492760950348
0.00492760950904
0.00492760951679
0.00492760951679
0.0049276095423
0.00492760955026
0.0049276095536
0.0049276095536
0.00492760955075
0.00492760955918
0.00492760960148
0.00492760960994
0.00492760961356
0.00492760962681
0.00492760962681
0.00492760962556
0.00492760960842
0.00492760960842
0.00492760958772
0.00492760957184
0.0049276095693
0.0049276095693
0.00492760958632
0.00492760958632
0.00492760958901
0.00492760958901
0.00492760959201
0.00492760961063
0.00492760962444
0.00492760963353
0.00492760964764
0.00492760964764
0.00492760964712
0.004927609652
0.00492760965217
0.00492760968648
0.0049276096966
0.00492760970213
0.00492760973198
0.00492760973198
0.0049276096941
0.00492760970593
0.0049276097168
0.0049276097168
0.00492760968529
0.00492760970087
0.00492760970087
0.0049276097075
0.00492760970826
0.00492760972353
0.00492760972428
0.00492760972996
0.00492760975013
0.00492760977535
0.00492760979582
0.00492760980183
0.00492760980183
0.00492760979982
0.00492760981108
0.00492760981281
0.00492760982415
0.00492760982415
0.00492760980369
0.00492760981526
0.00492760981736
0.00492760982446
0.00492760982446
0.00492760982956
0.00492760983728
0.00492760984049
0.00492760986818
0.00492760989603
0.00492760991462
0.00492760991462
0.00492760991816
0.00492760994203
0.00492760994203
0.00492760992674
0.00492760995073
0.0049276099699
0.00492760997965
0.00492761001845
0.00492761003321
0.00492761003837
0.00492761004345
0.00492761006804
0.00492761007807
0.00492761009296
0.00492761009296
0.00492761009865
0.00492761011865
0.00492761012904
0.00492761014437
0.00492761014437
0.00492761014057
0.00492761012848
0.00492761013991
0.00492761013991
0.00492761014413
0.0049276101468
0.00492761015935
0.00492761018191
0.00492761019016
0.00492761020335
0.00492761021184
0.00492761022527
0.00492761023372
0.00492761026155
0.00492761027017
0.00492761028847
0.00492761029721
0.00492761031073
0.00492761032449
0.00492761033827
0.00492761034727
0.00492761036631
0.00492761039021
0.00492761039021
0.00492761038561
0.00492761040054
0.00492761044507
0.00492761046547
0.00492761047139
0.00492761050172
0.00492761055621
0.00492761058161
0.00492761059732
0.00492761063753
0.00492761063875
0.00492761064944
0.00492761066482
0.0049276106656
0.0049276106656
0.00492761067265
0.00492761071804
0.0049276107444
0.00492761076126
0.00492761076126
0.00492761078162
0.00492761078162
0.00492761078869
0.00492761080196
0.00492761082048
0.00492761084353
0.00492761086118
0.00492761089266
0.00492761089899
0.00492761091408
0.00492761092813
0.00492761094568
0.00492761095734
0.00492761095734
0.00492761096434
0.00492761097868
0.00492761097868
0.00492761098088
0.00492761098088
0.0049276109841
0.0049276109894
0.00492761101309
0.00492761103091
0.00492761103091
0.00492761106751
0.00492761107542
0.00492761107542
0.0049276110677
0.00492761106002
0.00492761105699
0.00492761105172
0.00492761103884
0.00492761102948
0.00492761102182
0.00492761103321
0.00492761103773
0.00492761103773
0.00492761103006
0.0049276110096
0.00492761098189
0.00492761093223
0.00492761088874
0.00492761083686
0.00492761078735
0.00492761072488
0.0049276106685
0.00492761061839
0.00492761056715
0.0049276105086
0.0049276104689
0.00492761037371
0.00492761028127
0.00492761020801
0.00492761011504
0.00492761004077
0.00492760995652
0.00492760984229
0.00492760974036
0.00492760962067
0.0049276094872
0.0049276093609
0.0049276092023
0.00492760902408
0.00492760886619
0.00492760869157
0.00492760851104
0.00492760831525
0.00492760812509
0.00492760791329
0.00492760768966
0.00492760744505
0.00492760719803
0.00492760694146
0.00492760666256
0.0049276063767
0.0049276060705
0.00492760575195
0.00492760542835
0.00492760506033
0.00492760468585
0.00492760431659
0.00492760387625
0.00492760340916
0.00492760294292
0.00492760244061
0.00492760188898
0.00492760131979
0.00492760069654
0.00492760003695
0.00492759932346
0.00492759858266
0.00492759775757
0.00492759690224
0.00492759598204
0.0049275951717
0.00492759815691
0.00492761710027
0.00492770305943
0.00492805159293
0.00492935279694
0.00493387268977
0.0049485429116
0.00499307664981
0.00511900674095
0.00544637379947
0.00620923110292
0.00776087169761
0.0105085727273
0.0148668366872
0.0212853922892
0.0302836781285
0.0424464367964
0.0583817856873
0.0786439281735
0.103614137601
0.133339159403
0.167347233045
0.429588739308
0.547613052202
0.669033668682
0.780578889671
0.870396078854
0.928863580921
0.94299028817
0.94299028817
0.920894611918
0.859664370615
0.776956903682
0.679527544889
0.577563201333
0.478476585906
0.387896765447
0.16023144303
0.134588230722
0.112005011383
0.0925560862626
0.0761246867523
0.0624662067063
0.051280916405
0.0422635663952
0.0351308319961
0.0296449550445
0.0257847537823
0.02342408351
0
0
0
0
0
0
0
0
0
0
0
0
0
0
0
0
0
0
0
0
0
0
0
0
0
0
0
0
0
0
0
0
0
0
0
0
0
0
0
0
0
0
0
0
0
0
0
0
0
0
0
0
0
0
0
0
0
0
0
0
0
0
0
0
0
0
0
0
0
0
0
0
0
0
0
0
0
0
0
0
0
0
0
0
0
0
0
0
0
0
0
0
0
0
0
0
0
0
0
0
0
0
0
0
0
0
0
0
0
0
0
0
0
0
0
0
0
0
0
0
0
0
0
0
0
0
0
0
0
0
0
0
0
0
0
0
0
0
0
0
0
0
0
0
0
0
0
0
0
0
0
0
0
0
0
0
0
0
0
0
0
0
0
0
0
0
0
0
0
0
0
0
0
0
0
0
0
0
0
0
0
0
0
0
0
0
0
0
0
0
0
0
0
0
0
0
0
0
0
0
0
0
0
0
0
0
0
0
0
0
0
0
0
0
0
0
0
0
0
0
0
0
0
0
0
0
0
0
0
0
0
0
0
0
0
0
0
0
0
0
0
0
0
0
0
0
0
0
0
0
0
0
0
0
0
0
0
0
0
0
0
0
0
0
0
0
0
0
0
0
0
0
0
0
0
0
0
0
0
0
0
0
0
0
0
0
0
0
0
0
0
0
0
0
0
0
0
0
0
0
0
0
0
0
0
0
0
0
0
0
0
0
0
0
0
0
0
0
0
0
0
0
0
0
0
0
0
0
0
0
0
0
0
0
0
0
0
0
0
0
0
0
0
0
0
0
0
0
0
0
0
0
0
0
0
0
0
0
0
0
0
0
0
0
0
0
0
0
0
0
0
0
0
0
0
0
0
0
0
0
0
0
0
0
0
0
0
0
0
0
0
0
0
0
0
0
0
0
0
0
0
0
0
0
0
0
0
0
0
0
0
0
0
0
0
0
0
0
0
0
0
0
0
0
0
0
0
0
0
0
0
0
0
0
0
0
0
0
0
0
0
0
0
0
0
0
0
0
0
0
0
0
0
0
0
0
0
0
0
0
0
0
0
0
0
0
0
0
0
0
0
0
0
0
0
0
0
0
0
0
0
0
0
0
0
0
0
0
0
0
0
0
0
0
0
0
0
0
0
0
0
0
0
0
0
0
0
0
0
0
0
0
0
0
0
0
0
0
0
0
0
0
0
0
0
0
0
0
0
0
0
0
0
0
0
0
0
0
0
0
0
0
0
0
0
0
0
0
0
0
0
0
0
0
0
0
0
0
0
0
0
0
0
0
0
0
0
0
0
0
0
0
0
0
0
0
0
0
0
0
0
0
0
0
0
0
0
0
0
0
0
0
0
0
0
0
0
0
0
0
0
0
0
0
0
0
0
0
0
0
0
0
0
0
0
0
0
0
0
0
0
0
0
0
0
0
0
0
0
0
0
0
0
0
0
0
0
0
0
0
0
0
0
0
0
0
0
0
0
0
0
0
0
0
0
0
0
0
0
0
0
0
0
0
0
0
0
0
0
0
0
0
0
0
0
0
0
0
0
0
0
0
0
0
0
0
0
0
0
0
0
0
0
0
0
0
0
0
0
0
0
0
0
0
0
0
0
0
0
0
0
0
0
0
0
0
0
0
0
0
0
0
0
0
0
0
0
0
0
0
0
0
0
0
0
0
0
0
0
0
0
0
0
0
0
0
0
0
0
0
0
0
0
0
0
0
0
0
0
0
0
0
0
0
0
0
0
0
0
0
0
0
0
0
0
0
0
0
0
0
0
0
0
0
0
0
0
0
0
0
0
0
0
0
0
0
0
0
0
0
0
0
0
0
0
0
0
0
0
0
0
0
0
0
0
0
0
0
0
0
0
0
0
0
0
0
0
0
0
0
0
0
0
0
0
0
0
0
0
0
0
0
0
0
0
0
0
0
0
0
0
0
0
0
0
0
0
0
0
0
0
0
0
0
0
0
0
0
0
0
0
0
0
0
0
0
0
0
0
0
0
0
0
0
0
0
0
0
0
0
0
0
0
0
0
0
0
0
0
0
0
0
0
0
0
0
0
0
0
0
0
0
0
0
0
0
0
0
0
0
0
0
0
0
0
0
0
0
0
0
0
0
0
0
0
0
0
0
0
0
0
0
0
0
0
0
0
0
0
0
0
0
0
0
0
0
0
0
0
0
0
0
0
0
0
0
0
0
0
0
0
0
0
0
0
0
0
0
0
0
0
0
0
0
0
0
0
0
0
0
0
0
0
0
0
0
0
0
0
0
0
0
0
0
0
0
0
0
0
0
0
0
0
0
0
0
0
0
0
0
0
0
0
0
0
0
0
0
0
0
0
0
0
0
0
0
0
0
0
0
0
0
0
0
0
0
0
0
0
0
0
0
0
0
0
0
0
0
0
0
0
0
0
0
0
0
0
0
0
0
0
0
0
0
0
0
0
0
0
0
0
0
0
0
0
0
0
0
0
0
0
0
0
0
0
0
0
0
0
0
0
0
0
0
0
0
0
0
0
0
0
0
0
0
0
0
0
0
0
0
0
0
0
0
0
0
0
0
0
0
0
0
0
0
0
0
0
0
0
0
0
0
0
0
0
0
0
0
0
0
0
0
0
0
0
0
0
0
0
0
0
0
0
0
0
0
0
0
0
0
0
0
0
0
0
0
0
0
0
0
0
0
0
0
0
0
0
0
0
0
0
0
0
0
0
0
0
0
0
0
0
0
0
0
0
0
0
0
0
0
0
0
0
0
0
0
0
0
0
0
0
0
0
0
0
0
0
0
0
0
0
0
0
0
0
0
0
0
0
0
0
0
0
0
0
0
0
0
0
0
0
0
0
0
0
0
0
0
0
0
0
0
0
0
0
0
0
0
0
0
0
0
0
0
0
0
0
0
0
0
0
0
0
0
0
0
0
0
0
0
0
0
0
0
0
0
0
0
0
0
0
0
0
0
0
0
0
0
0
0
0
0
0
0
0
0
0
0
0
0
0
0
0
0
0
0
0
0
0
0
0
0
0
0
0
0
0
0
0
0
0
0
0
0
0
0
0
0
0
0
0
0
0
0
0
0
0
0
0
0
0
0
0
0
0
0
0
0
0
0
0
0
0
0
0
0
0
0
0
0
0
0
0
0
0
0
0
0
0
0
0
0
0
0
0
0
0
0
0
0
0
0
0
0
0
0
0
0
0
0
0
0
0
0
0
0
0
0
0
0
0
0
0
0
0
0
0
0
0
0
0
0
0
0
0
0
0
0
0
0
0
0
0
0
0
0
0
0
0
0
0
0
0
0
0
0
0
0
0
0
0
0
0
0
0
0
0
0
0
0
0
0
0
0
0
0
0
0
0
0
0
0
0
0
0
0
0
0
0
0
0
0
0
0
0
0
0
0
0
0
0
0
0
0
0
0
0
0
0
0
0
0
0
0
0
0
0
0
0
0
0
0
0
0
0
0
0
0
0
0
0
0
0
0
0
0
0
0
0
0
0
0
0
0
0
0
0
0
0
0
0
0
0
0
0
0
0
0
0
0
0
0
0
0
0
0
0
0
0
0
0
0
0
0
0
0
0
0
0
0
0
0
0
0
0
0
0
0
0
0
0
0
0
0
0
0
0
0
0
0
0
0
0
0
0
0
0
0
0
0
0
0
0
0
0
0
0
0
0
0
0
0
0
0
0
0
0
0
0
0
0
0
0
0
0
0
0
0
0
0
0
0
0
0
0
0
0
0
0
0
0
0
0
0
0
0
0
0
0
0
0
0
0
0
0
0
0
0
0
0
0
0
0
0
0
0
0
0
0
0
0
0
0
0
0
0
0
0
0
0
0
0
0
0
0
0
0
0
0
0
0
0
0
0
0
0
0
0
0
0
0
0
0
0
0
0
0
0
0
0
0
0
0
0
0
0
0
0
0
0
0
0
0
0
0
0
0
0
0
0
0
0
0
0
0
0
0
0
0
0
0
0
0
0
0
0
0
0
0
0
0
0
0
0
0
0
0
0
0
0
0
0
0
0
0
0
0
0
0
0
0
0
0
0
0
0
0
0
0
0
0
0
0
0
0
0
0
0
0
0
0
0
0
0
0
0
0
0
0
0
0
0
0
0
0
0
0
0
0
0
0
0
0
0
0
0
0
0
0
0
0
0
0
0
0
0
0
0
0
0
0
0
0
0
0
0
0
0
0
0
0
0
0
0
0
0
0
0
0
0
0
0
0
0
0
0
0
0
0
0
0
0
0
0
0
0
0
0
0
0
0
0
0
0
0
0
0
0
0
0
0
0
0
0
0
0
0
0
0
0
0
0
0
0
0
0
0
0
0
0
0
0
0
0
0
0
0
0
0
0
0
0
0
0
0
0
0
0
0
0
0
0
0
0
0
0
0
0
0
0
0
0
0
0
0
0
0
0
0
0
0
0
0
0
0
0
0
0
0
0
0
0
0
0
0
0
0
0
0
0
0
0
0
0
0
0
0
0
0
0
0
0
0
0
0
0
0
0
0
0
0
0
0
0
0
0
0
0
0
0
0
0
0
0
0
0
0
0
0
0
0
0
0
0
0
0
0
0
0
0
0
0
0
0
0
0
0
0
0
0
0
0
0
0
0
0
0
0
0
0
0
0
0
0
0
0
0
0
0
0
0
0
0
0
0
0
0
0
0
0
0
0
0
0
0
0
0
0
0
0
0
0
0
0
0
0
0
0
0
0
0
0
0
0
0
0
0
0
0
0
0
0
0
0
0
0
0
0
0
0
0
0
0
0
0
0
0
0
0
0
0
0
0
0
0
0
0
0
0
0
0
0
0
0
0
0
0
0
0
0
0
0
0
0
0
0
0
0
0
0
0
0
0
0
0
0
0
0
0
0
0
0
0
0
0
0
0
0
0
0
0
0
0
0
0
0
0
0
0
0
0
0
0
0
0
0
0
0
0
0
0
0
0
0
0
0
0
0
0
0
0
0
0
0
0
0
0
0
0
0
0
0
0
0
0
0
0
0
0
0
0
0
0
0
0
0
0
0
0
0
0
0
0
0
0
0
0
0
0
0
0
0
0
0
0
0
0
0
0
0
0
0
0
0
0
0
0
0
0
0
0
0
0
0
0
0
0
0
0
0
0
0
0
0
0
0
0
0
0
0
0
0
0
0
0
0
0
0
0
0
0
0
0
0
0
0
0
0
0
0
0
0
0
0
0
0
0
0
0
0
0
0
0
0
0
0
0
0
0
0
0
0
0
0
0
0
0
0
0
0
0
0
0
0
0
0
0
0
0
0
0
0
0
0
0
0
0
0
0
0
0
0
0
0
0
0
0
0
0
0
0
0
0
0
0
0
0
0
0
0
0
0
0
0
0
0
0
0
0
0
0
0
0
0
0
0
0
0
0
0
0
0
0
0
0
0
0
0
0
0
0
0
0
0
0
0
0
0
0
0
0
0
0
0
0
0
0
0
0
0
0
0
0
0
0
0
0
0
0
0
0
0
0
0
0
0
0
0
0
0
0
0
0
0
0
0
0
0
0
0
0
0
0
0
0
0
0
0
0
0
0
0
0
0
0
0
0
0
0
0
0
0
0
0
0
0
0
0
0
0
0
0
0
0
0
0
0
0
0
0
0
0
0
0
0
0
0
0
0
0
0
0
0
0
0
0
0
0
0
0
0
0
0
0
0
0
0
0
0
0
0
0
0
0
0
0
0
0
0
0
0
0
0
0
0
0
0
0
0
0
0
0
0
0
0
0
0
0
0
0
0
0
0
0
0
0
0
0
0
0
0
0
0
0
0
0
0
0
0
0
0
0
0
0
0
0
0
0
0
0
0
0
0
0
0
0
0
0
0
0
0
0
0
0
0
0
0
0
0
0
0
0
0
0
0
0
0
0
0
0
0
0
0
0
0
0
0
0
0
0
0
0
0
0
0
0
0
0
0
0
0
0
0
0
0
0
0
0
0
0
0
0
0
0
0
0
0
0
0
0
0
0
0
0
0
0
0
0
0
0
0
0
0
0
0
0
0
0
0
0
0
0
0
0
0
0
0
0
0
0
0
0
0
0
0
0
0
0
0
0
0
0
0
0
0
0
0
0
0
0
0
0
0
0
0
0
0
0
0
0
0
0
0
0
0
0
0
0
0
0
0
0
0
0
0
0
0
0
0
0
0
0
0
0
0
0
0
0
0
0
0
0
0
0
0
0
0
0
0
0
0
0
0
0
0
0
0
0
0
0
0
0
0
0
0
0
0
0
0
0
0
0
0
0
0
0
0
0
0
0
0
0
0
0
0
0
0
0
0
0
0
0
0
0
0
0
0
0
0
0
0
0
0
0
0
0
0
0
0
0
0
0
0
0
0
0
0
0
0
0
0
0
0
0
0
0
0
0
0
0
0
0
0
0
0
0
0
0
0
0
0
0
0
0
0
0
0
0
0
0
0
0
0
0
0
0
0
0
0
0
0
0
0
0
0
0
0
0
0
0
0
0
0
0
0
0
0
0
0
0
0
0
0
0
0
0
0
0
0
0
0
0
0
0
0
0
0
0
0
0
0
0
0
0
0
0
0
0
0
0
0
0
0
0
0
0
0
0
0
0
0
0
0
0
0
0
0
0
0
0
0
0
0
0
0
0
0
0
0
0
0
0
0
0
0
0
0
0
0
0
0
0
0
0
0
0
0
0
0
0
0
0
0
0
0
0
0
0
0
0
0
0
0
0
0
0
0
0
0
0
0
0
0
0
0
0
0
0
0
0
0
0
0
0
0
0
0
0
0
0
0
0
0
0
0
0
0
0
0
0
0
0
0
0
0
0
0
0
0
0
0
0
0
0
0
0
0
0
0
0
0
0
0
0
0
0
0
0
0
0
0
0
0
0
0
0
0
0
0
0
0
0
0
0
0
0
0
0
0
0
0
0
0
0
0
0
0
0
0
0
0
0
0
0
0
0
0
0
0
0
0
0
0
0
0
0
0
0
0
0
0
0
0
0
0
0
0
0
0
0
0
0
0
0
0
0
0
0
0
0
0
0
0
0
0
0
0
0
0
0
0
0
0
0
0
0
0
0
0
0
0
0
0
0
0
0
0
0
0
0
0
0
0
0
0
0
0
0
0
0
0
0
0
0
0
0
0
0
0
0
0
0
0
0
0
0
0
0
0
0
0
0
0
0
0
0
0
0
0
0
0
0
0
0
0
0
0
0
0
0
0
0
0
0
0
0
0
0
0
0
0
0
0
0
0
0
0
0
0
0
0
0
0
0
0
0
0
0
0
0
0
0
0
0
0
0
0
0
0
0
0
0
0
0
0
0
0
0
0
0
0
0
0
0
0
0
0
0
0
0
0
0
0
0
0
0
0
0
0
0
0
0
0
0
0
0
0
0
0
0
0
0
0
0
0
0
0
0
0
0
0
0
0
0
0
0
0
0
0
0
0
0
0
0
0
0
0
0
0
0
0
0
0
0
0
0
0
0
0
0
0
0
0
0
0
0
0
0
0
0
0
0
0
0
0
0
0
0
0
0
0
0
0
0
0
0
0
0
0
0
0
0
0
0
0
0
0
0
0
0
0
0
0
0
0
0
0
0
0
0
0
0
0
0
0
0
0
0
0
0
0
0
0
0
0
0
0
0
0
0
0
0
0
0
0
0
0
0
0
0
0
0
0
0
0
0
0
0
0
0
0
0
0
0
0
0
0
0
0
0
0
0
0
0
0
0
0
0
0
0
0
0
0
0
0
0
0
0
0
0
0
0
0
0
0
0
0
0
0
0
0
0
0
0
0
0
0
0
0
0
0
0
0
0
0
0
0
0
0
0
0
0
0
0
0
0
0
0
0
0
0
0
0
0
0
0
0
0
0
0
0
0
0
0
0
0
0
0
0
0
0
0
0
0
0
0
0
0
0
0
0
0
0
0
0
0
0
0
0
0
0
0
0
0
0
0
0
0
0
0
0
0
0
0
0
0
0
0
0
0
0
0
0
0
0
0
0
0
0
0
0
0
0
0
0
0
0
0
0
0
0
0
0
0
0
0
0
0
0
0
0
0
0
0
0
0
0
0
0
0
0
0
0
0
0
0
0
0
0
0
0
0
0
0
0
0
0
0
0
0
0
0
0
0
0
0
0
0
0
0
0
0
0
0
0
0
0
0
0
0
0
0
0
0
0
0
0
0
0
0
0
0
0
0
0
0
0
0
0
0
0
0
0
0
0
0
0
0
0
0
0
0
0
0
0
0
0
0
0
0
0
0
0
0
0
0
0
0
0
0
0
0
0
0
0
0
0
0
0
0
0
0
0
0
0
0
0
0
0
0
0
0
0
0
0
0
0
0
0
0
0
0
0
0
0
0
0
0
0
0
0
0
0
0
0
0
0
0
0
0
0
0
0
0
0
0
0
0
0
0
0
0
0
0
0
0
0
0
0
0
0
0
0
0
0
0
0
0
0
0
0
0
0
0
0
0
0
0
0
0
0
0
0
0
0
0
0
0
0
0
0
0
0
0
0
0
0
0
0
0
0
0
0
0
0
0
0
0
0
0
0
0
0
0
0
0
0
0
0
0
0
0
0
0
0
0
0
0
0
0
0
0
0
0
0
0
0
0
0
0
0
0
0
0
0
0
0
0
0
0
0
0
0
0
0
0
0
0
0
0
0
0
0
0
0
0
0
0
0
0
0
0
0
0
0
0
0
0
0
0
0
0
0
0
0
0
0
0
0
0
0
0
0
0
0
0
0
0
0
0
0
0
0
0
0
0
0
0
0
0
0
0
0
0
0
0
0
0
0
0
0
0
0
0
0
0
0
0
0
0
0
0
0
0
0
0
0
0
0
0
0
0
0
0
0
0
0
0
0
0
0
0
0
0
0
0
0
0
0
0
0
0
0
0
0
0
0
0
0
0
0
0
0
0
0
0
0
0
0
0
)
;

boundaryField
{
    side1
    {
        type            calculated;
        value           uniform 0;
    }
    side2
    {
        type            calculated;
        value           uniform 0;
    }
    empty1
    {
        type            empty;
    }
    empty2
    {
        type            empty;
    }
}


// ************************************************************************* //
