/*--------------------------------*- C++ -*----------------------------------*\
| =========                 |                                                 |
| \\      /  F ield         | OpenFOAM: The Open Source CFD Toolbox           |
|  \\    /   O peration     | Version:  2312                                  |
|   \\  /    A nd           | Website:  www.openfoam.com                      |
|    \\/     M anipulation  |                                                 |
\*---------------------------------------------------------------------------*/
FoamFile
{
    version     2.0;
    format      ascii;
    arch        "LSB;label=32;scalar=64";
    class       volScalarField;
    location    "0.005";
    object      minKappa;
}
// * * * * * * * * * * * * * * * * * * * * * * * * * * * * * * * * * * * * * //

dimensions      [0 0 0 0 0 0 0];

internalField   nonuniform List<scalar> 
8000
(
0.00492760929456
0.00492760928224
0.00492760927913
0.00492760927913
0.00492760928664
0.00492760928664
0.00492760929002
0.00492760930776
0.00492760931334
0.00492760930757
0.00492760930757
0.00492760931662
0.00492760932122
0.00492760932122
0.00492760934462
0.00492760934161
0.00492760933961
0.00492760933961
0.00492760935201
0.00492760935949
0.00492760938184
0.00492760939417
0.00492760939417
0.00492760940359
0.00492760940827
0.00492760940827
0.00492760941287
0.00492760942174
0.00492760942174
0.00492760943001
0.00492760943001
0.00492760944284
0.00492760944183
0.00492760944183
0.00492760945046
0.0049276094591
0.00492760945801
0.00492760945801
0.00492760947203
0.00492760947659
0.00492760948121
0.00492760949946
0.00492760949946
0.00492760952295
0.00492760953185
0.00492760953582
0.00492760953384
0.00492760953384
0.00492760954707
0.00492760952936
0.00492760952936
0.00492760953737
0.00492760953426
0.00492760953426
0.00492760953788
0.00492760953545
0.00492760952955
0.00492760951874
0.00492760951874
0.00492760952193
0.00492760951608
0.00492760951608
0.0049276095199
0.00492760951809
0.00492760951809
0.00492760953552
0.00492760953552
0.00492760954418
0.00492760957717
0.00492760957975
0.00492760957975
0.0049276095883
0.0049276096004
0.0049276096004
0.00492760960816
0.00492760960816
0.00492760963627
0.00492760964504
0.00492760965384
0.00492760966644
0.00492760966644
0.00492760966913
0.00492760966798
0.00492760966798
0.00492760967165
0.00492760967867
0.00492760967867
0.00492760969057
0.00492760969057
0.00492760972315
0.00492760971998
0.00492760969899
0.00492760967797
0.00492760967797
0.00492760968132
0.00492760968848
0.0049276096874
0.0049276096874
0.00492760969454
0.00492760969454
0.0049276097076
0.0049276097044
0.0049276097044
0.00492760970778
0.00492760971012
0.00492760971012
0.00492760971376
0.00492760972091
0.00492760972091
0.00492760973864
0.00492760975629
0.00492760976729
0.00492760976571
0.00492760976402
0.00492760975763
0.00492760975763
0.00492760976081
0.00492760975258
0.00492760975258
0.00492760975418
0.00492760975418
0.00492760977208
0.00492760977367
0.00492760977367
0.00492760978483
0.00492760978483
0.00492760981234
0.00492760982032
0.0049276098313
0.00492760982452
0.00492760982452
0.00492760983236
0.00492760982881
0.00492760982722
0.00492760982084
0.00492760982084
0.00492760982411
0.00492760983709
0.00492760984511
0.00492760986271
0.00492760986355
0.00492760986355
0.00492760986629
0.00492760986917
0.00492760987546
0.00492760987546
0.00492760987895
0.00492760987601
0.00492760986469
0.00492760986305
0.00492760986305
0.00492760986462
0.00492760986462
0.00492760986773
0.00492760988034
0.00492760988782
0.00492760990981
0.00492760991021
0.00492760991021
0.00492760992571
0.00492760992378
0.0049276099072
0.0049276099072
0.00492760992458
0.00492760990569
0.0049276099035
0.0049276099035
0.00492760990615
0.00492760990656
0.00492760990656
0.00492760990919
0.00492760995075
0.00492760996318
0.004927609966
0.0049276099473
0.00492760993549
0.00492760993549
0.00492760993824
0.00492760994108
0.00492760994873
0.00492760995432
0.00492760995432
0.00492760994521
0.00492760993812
0.00492760993812
0.00492760995534
0.00492760996074
0.00492760996074
0.00492760996344
0.00492760996895
0.00492760996895
0.00492760996919
0.00492760996919
0.00492760997155
0.00492760998088
0.00492760998088
0.00492760998039
0.00492760998039
0.00492760998261
0.0049276099871
0.0049276099871
0.00492760999655
0.00492760999655
0.00492760999889
0.00492761000378
0.00492761000378
0.00492761000632
0.00492761001373
0.00492761001629
0.00492761001172
0.00492761001172
0.00492761001421
0.00492761003121
0.00492761003081
0.00492761003081
0.00492761003295
0.00492761004481
0.00492761004416
0.00492761004416
0.00492761007056
0.00492761007737
0.00492761007122
0.00492761006814
0.00492761006814
0.00492761007207
0.00492761007207
0.00492761005214
0.00492761005214
0.00492761005437
0.00492761006147
0.0049276100707
0.004927610068
0.004927610068
0.00492761006749
0.00492761006749
0.0049276100697
0.00492761008651
0.00492761010052
0.00492761010052
0.00492761010749
0.00492761011442
0.00492761011828
0.00492761011828
0.00492761011203
0.0049276100991
0.00492761009592
0.00492761008298
0.00492761008298
0.00492761008632
0.0049276100831
0.0049276100831
0.00492761008961
0.00492761009611
0.00492761010255
0.00492761010054
0.00492761010054
0.00492761009343
0.00492761009343
0.00492761009624
0.00492761009624
0.00492761009779
0.0049276101042
0.00492761011539
0.00492761010829
0.00492761009491
0.00492761009491
0.00492761009615
0.00492761009863
0.00492761009863
0.00492761009984
0.00492761012055
0.00492761010346
0.00492761009493
0.00492761009493
0.00492761012546
0.00492761013167
0.00492761011481
0.00492761010625
0.00492761010625
0.0049276101073
0.00492761012776
0.00492761012867
0.00492761016858
0.00492761016549
0.00492761015662
0.00492761015662
0.00492761015754
0.00492761014974
0.00492761014974
0.00492761017032
0.00492761017631
0.00492761017741
0.0049276101795
0.0049276101795
0.00492761018042
0.00492761018613
0.00492761016329
0.00492761016329
0.00492761016402
0.00492761016472
0.00492761015146
0.00492761015146
0.00492761015213
0.00492761016741
0.00492761015884
0.00492761015884
0.00492761015939
0.00492761015994
0.00492761016104
0.00492761016104
0.00492761016161
0.00492761016269
0.00492761016269
0.0049276101681
0.0049276101595
0.0049276101595
0.00492761016009
0.00492761018504
0.00492761019043
0.00492761019577
0.00492761021078
0.0049276102111
0.0049276102114
0.00492761018764
0.00492761018314
0.00492761017867
0.00492761015958
0.00492761015958
0.00492761017001
0.00492761017001
0.00492761018005
0.00492761018028
0.00492761017576
0.00492761017576
0.00492761017124
0.00492761015192
0.00492761014235
0.00492761014235
0.00492761014252
0.00492761014756
0.00492761013812
0.00492761013812
0.00492761015303
0.00492761015303
0.004927610158
0.00492761017758
0.00492761016304
0.00492761016304
0.00492761016307
0.00492761017283
0.00492761017764
0.00492761015794
0.00492761015794
0.00492761016743
0.00492761017205
0.00492761017642
0.00492761017642
0.00492761019573
0.00492761021003
0.00492761020985
0.00492761019012
0.00492761018988
0.00492761018988
0.00492761020391
0.00492761020391
0.00492761018866
0.00492761018349
0.00492761017345
0.00492761017313
0.00492761016789
0.00492761016789
0.00492761016227
0.00492761015214
0.00492761015214
0.0049276101615
0.00492761016595
0.00492761017477
0.00492761017477
0.00492761016882
0.00492761016882
0.00492761016768
0.00492761015734
0.00492761015734
0.00492761015624
0.00492761015571
0.00492761015571
0.00492761014489
0.00492761014433
0.00492761014433
0.00492761015836
0.00492761016259
0.00492761015631
0.00492761015558
0.00492761015558
0.00492761014925
0.00492761014925
0.00492761015341
0.0049276101673
0.00492761015117
0.0049276101504
0.00492761014959
0.00492761014959
0.00492761015267
0.00492761015267
0.00492761015074
0.00492761014972
0.00492761014872
0.00492761013796
0.00492761013796
0.00492761014182
0.00492761013975
0.00492761013975
0.00492761014247
0.00492761013157
0.00492761013157
0.00492761013414
0.00492761012811
0.00492761012811
0.00492761010626
0.00492761010019
0.00492761010019
0.00492761011356
0.00492761013177
0.00492761012913
0.00492761012783
0.00492761012654
0.0049276101155
0.0049276101155
0.00492761011289
0.00492761011289
0.00492761011647
0.00492761011371
0.00492761010743
0.00492761010113
0.00492761010113
0.00492761010459
0.00492761010802
0.00492761011489
0.00492761011345
0.00492761010227
0.00492761010079
0.00492761009442
0.00492761009291
0.00492761009142
0.00492761008499
0.00492761008499
0.00492761008685
0.00492761008685
0.00492761009854
0.00492761009712
0.0049276100957
0.00492761009427
0.00492761008792
0.00492761008792
0.00492761007996
0.00492761007996
0.00492761010268
0.00492761011079
0.00492761008318
0.00492761008153
0.00492761008153
0.00492761008311
0.00492761006677
0.00492761006018
0.00492761006018
0.00492761006329
0.0049276100664
0.00492761006258
0.00492761006068
0.00492761004894
0.00492761004894
0.00492761005976
0.00492761004812
0.00492761004136
0.00492761003449
0.00492761003256
0.00492761003256
0.00492761003359
0.00492761003359
0.0049276100365
0.00492761004911
0.00492761003537
0.00492761002367
0.00492761002367
0.00492761002662
0.0049276100179
0.00492761001587
0.00492761001386
0.0049276100069
0.00492761000497
0.00492761000497
0.00492761000798
0.00492761002074
0.00492761005297
0.00492761003942
0.00492761003942
0.00492761000621
0.00492760998949
0.00492760998949
0.00492760998535
0.00492760998535
0.00492760998645
0.00492760998461
0.00492760998461
0.00492760998767
0.00492760999376
0.00492760999185
0.00492760998018
0.00492760997828
0.00492760997828
0.00492760997941
0.00492760997747
0.00492760997747
0.00492760998037
0.00492760999787
0.00492760996919
0.00492760996919
0.00492760997211
0.00492760997503
0.00492760998281
0.00492760998575
0.00492760999848
0.00492760998014
0.00492760998014
0.00492760998106
0.00492760997421
0.00492760997421
0.00492760998204
0.00492760997318
0.00492760997118
0.00492760996914
0.0049276099623
0.0049276099623
0.00492760994842
0.00492760994842
0.00492760995121
0.00492760995689
0.00492760995689
0.00492760995747
0.00492760995747
0.00492760993857
0.00492760993857
0.00492760990984
0.00492760990984
0.00492760990986
0.00492760990986
0.00492760990031
0.00492760990031
0.00492760990062
0.00492760990062
0.00492760992274
0.00492760992523
0.00492760995217
0.00492760995228
0.00492760995228
0.00492760995248
0.00492760995005
0.00492760993799
0.00492760993799
0.00492760996277
0.00492760996068
0.00492760991963
0.00492760990276
0.00492760990055
0.00492760990055
0.00492760990118
0.0049276098649
0.00492760985778
0.00492760985546
0.00492760985546
0.00492760984618
0.00492760984618
0.00492760986353
0.00492760986621
0.00492760986893
0.00492760987875
0.0049276098764
0.00492760986433
0.00492760985699
0.00492760985699
0.0049276098423
0.0049276098423
0.00492760982817
0.00492760982119
0.00492760981864
0.00492760981864
0.00492760981376
0.00492760981117
0.00492760980836
0.00492760980561
0.00492760980561
0.00492760980511
0.00492760976867
0.00492760976867
0.00492760977354
0.00492760977354
0.00492760978055
0.00492760978034
0.00492760978034
0.00492760978051
0.00492760978051
0.00492760978309
0.00492760982441
0.00492760984623
0.00492760985157
0.00492760983976
0.00492760983275
0.00492760982051
0.00492760982051
0.00492760982502
0.00492760982502
0.00492760982022
0.00492760980787
0.00492760980787
0.00492760982921
0.00492760981378
0.00492760981133
0.00492760981133
0.00492760979705
0.00492760976078
0.00492760974856
0.00492760974611
0.00492760974611
0.00492760974648
0.00492760974648
0.00492760975156
0.00492760975156
0.00492760974191
0.00492760974191
0.00492760974412
0.00492760970959
0.00492760969712
0.00492760969712
0.00492760969226
0.00492760969226
0.00492760969282
0.00492760969282
0.00492760970975
0.0049276097218
0.00492760974866
0.00492760975619
0.0049276097466
0.00492760973943
0.00492760973943
0.00492760974519
0.00492760970935
0.0049276097024
0.0049276097024
0.00492760969779
0.00492760969529
0.00492760968758
0.00492760968758
0.00492760967723
0.00492760967723
0.00492760965288
0.00492760964077
0.0049276096384
0.0049276096384
0.00492760962832
0.00492760962832
0.00492760963731
0.00492760963463
0.00492760962736
0.00492760962736
0.00492760962293
0.0049276096158
0.0049276096158
0.00492760963258
0.00492760966395
0.00492760966625
0.00492760967601
0.00492760966878
0.00492760966161
0.00492760966161
0.00492760963759
0.00492760962569
0.00492760960901
0.00492760960901
0.00492760961162
0.00492760961413
0.00492760961658
0.00492760960692
0.00492760960692
0.00492760961424
0.00492760957588
0.00492760957588
0.0049276095815
0.00492760957451
0.00492760956757
0.00492760956046
0.00492760955814
0.00492760955814
0.00492760956058
0.00492760955093
0.00492760955093
0.00492760955115
0.00492760954893
0.00492760954679
0.00492760954679
0.00492760954949
0.00492760957462
0.00492760957462
0.00492760957765
0.00492760956925
0.0049276095576
0.00492760952174
0.00492760951498
0.00492760951283
0.00492760951083
0.00492760951083
0.00492760952336
0.00492760949951
0.00492760949951
0.00492760951671
0.00492760952425
0.00492760950538
0.0049276095032
0.0049276095032
0.00492760950585
0.0049276095013
0.00492760949921
0.00492760948753
0.00492760948557
0.00492760948557
0.00492760946212
0.00492760945537
0.00492760945537
0.00492760947293
0.0049276094887
0.0049276094887
0.00492760947504
0.00492760947504
0.00492760947078
0.00492760946821
0.00492760946567
0.00492760946331
0.00492760946331
0.00492760946891
0.00492760946891
0.00492760946529
0.00492760946361
0.00492760945712
0.00492760945712
0.00492760945393
0.00492760945393
0.0049276094571
0.00492760944854
0.00492760944854
0.0049276094542
0.00492760943767
0.00492760943767
0.00492760943854
0.00492760942697
0.00492760942697
0.00492760942995
0.00492760943134
0.00492760943134
0.00492760942834
0.00492760941734
0.00492760941734
0.00492760941962
0.00492760941962
0.00492760940739
0.00492760940739
0.00492760941068
0.00492760944779
0.00492760943463
0.00492760942792
0.00492760941173
0.0049276094053
0.00492760940371
0.00492760940213
0.00492760940213
0.00492760941351
0.00492760941187
0.00492760941187
0.00492760942799
0.00492760942799
0.00492760942494
0.00492760942494
0.00492760942661
0.00492760941504
0.00492760940839
0.00492760940679
0.00492760940541
0.00492760940541
0.00492760938401
0.00492760938288
0.00492760938288
0.00492760937554
0.00492760935482
0.00492760935482
0.00492760934158
0.00492760933983
0.00492760933826
0.00492760933826
0.0049276093503
0.0049276093503
0.00492760937243
0.0049276093715
0.00492760936557
0.00492760936432
0.00492760936432
0.00492760936199
0.00492760936199
0.00492760937015
0.00492760935256
0.00492760935112
0.00492760935112
0.00492760936433
0.00492760934278
0.00492760933195
0.00492760933059
0.00492760933059
0.00492760934395
0.00492760934781
0.00492760933591
0.00492760933591
0.00492760932331
0.00492760932189
0.00492760932054
0.00492760931438
0.004927609313
0.004927609313
0.00492760933091
0.00492760932799
0.00492760932173
0.00492760932173
0.00492760930929
0.00492760930322
0.00492760928259
0.00492760928124
0.00492760928124
0.00492760929454
0.00492760929701
0.00492760928585
0.00492760928436
0.00492760928318
0.00492760927739
0.00492760927739
0.00492760930082
0.00492760929975
0.00492760929975
0.00492760929768
0.00492760929182
0.00492760929083
0.00492760927554
0.00492760927479
0.00492760927397
0.00492760927397
0.0049276092578
0.0049276092578
0.00492760926185
0.0049276092997
0.0049276093037
0.00492760930711
0.00492760929676
0.00492760927667
0.00492760927605
0.00492760927605
0.00492760929471
0.00492760928849
0.00492760927834
0.00492760927834
0.00492760928692
0.00492760928692
0.00492760929048
0.00492760926569
0.00492760926042
0.00492760926042
0.00492760927448
0.00492760927366
0.00492760927366
0.00492760927821
0.00492760928245
0.00492760928131
0.00492760928131
0.00492760928574
0.00492760925128
0.00492760924619
0.00492760924619
0.00492760925551
0.00492760924073
0.00492760924073
0.00492760924545
0.00492760924545
0.00492760923988
0.00492760923988
0.00492760924427
0.00492760924427
0.00492760924872
0.0049276092436
0.00492760924304
0.00492760924304
0.00492760925706
0.00492760927122
0.00492760927556
0.00492760927556
0.00492760928053
0.00492760928044
0.00492760928044
0.0049276092756
0.0049276092756
0.00492760927073
0.00492760927073
0.00492760927084
0.00492760925144
0.00492760925144
0.00492760925156
0.00492760928068
0.0049276092712
0.0049276092712
0.00492760927131
0.00492760927143
0.00492760928644
0.00492760928644
0.00492760928661
0.00492760926313
0.00492760925865
0.00492760925865
0.00492760924994
0.00492760924994
0.00492760926476
0.0049276092796
0.00492760927045
0.00492760926594
0.00492760926594
0.00492760928076
0.00492760928635
0.00492760928635
0.00492760928235
0.00492760928235
0.00492760929736
0.00492760928372
0.00492760928372
0.00492760928418
0.00492760928523
0.00492760928523
0.00492760926754
0.00492760926754
0.00492760927337
0.00492760927015
0.00492760927015
0.00492760928052
0.00492760928137
0.00492760929645
0.00492760927319
0.00492760926885
0.00492760926446
0.00492760926446
0.00492760925589
0.00492760925589
0.00492760927583
0.00492760928129
0.00492760928188
0.00492760930173
0.00492760930707
0.00492760930754
0.00492760930352
0.00492760930352
0.00492760930411
0.00492760930961
0.00492760931033
0.00492760928795
0.00492760928795
0.00492760929852
0.00492760930411
0.00492760930966
0.00492760931618
0.00492760930742
0.00492760930358
0.00492760930358
0.00492760931918
0.00492760931667
0.00492760931667
0.00492760931777
0.00492760930547
0.00492760930547
0.00492760931136
0.00492760931719
0.00492760930004
0.00492760929632
0.00492760929632
0.00492760929743
0.00492760932757
0.00492760932986
0.00492760932986
0.0049276093311
0.00492760932401
0.00492760932401
0.00492760932529
0.00492760934238
0.00492760933401
0.00492760931597
0.00492760931597
0.004927609333
0.004927609333
0.00492760934542
0.00492760933233
0.00492760933233
0.00492760933874
0.00492760934523
0.00492760936316
0.00492760936316
0.00492760936482
0.00492760936303
0.00492760936303
0.00492760935146
0.00492760935146
0.00492760933513
0.00492760933513
0.00492760935595
0.00492760936224
0.00492760934581
0.00492760934581
0.00492760936184
0.00492760937789
0.00492760938121
0.00492760938121
0.00492760938295
0.00492760938471
0.00492760938639
0.00492760938961
0.00492760938961
0.00492760939605
0.00492760938965
0.00492760938171
0.00492760938171
0.00492760939321
0.00492760938252
0.00492760938252
0.00492760938459
0.0049276094033
0.0049276094033
0.00492760940756
0.00492760940756
0.00492760940969
0.00492760941665
0.00492760941589
0.00492760941589
0.00492760941991
0.00492760941713
0.00492760941713
0.00492760942129
0.00492760942129
0.00492760942833
0.00492760943058
0.00492760943283
0.00492760945179
0.00492760945179
0.00492760945398
0.00492760945346
0.00492760945076
0.00492760945076
0.00492760945018
0.00492760944261
0.00492760943502
0.00492760943502
0.00492760944679
0.00492760945372
0.00492760945796
0.00492760945041
0.00492760944288
0.00492760942571
0.00492760942571
0.00492760944473
0.00492760944473
0.00492760946644
0.00492760947368
0.00492760948098
0.00492760948351
0.00492760949579
0.00492760949142
0.00492760947958
0.00492760947958
0.00492760950164
0.00492760950912
0.00492760951908
0.00492760951908
0.00492760953128
0.0049276095338
0.0049276095195
0.0049276095195
0.00492760952209
0.00492760951766
0.00492760951766
0.00492760952031
0.00492760953052
0.00492760953052
0.00492760954296
0.00492760955059
0.00492760953205
0.00492760953205
0.00492760953487
0.00492760954734
0.00492760953342
0.00492760953131
0.00492760953131
0.00492760953407
0.00492760955141
0.00492760956196
0.00492760956196
0.00492760956969
0.00492760957548
0.00492760957548
0.00492760958326
0.00492760960864
0.00492760960684
0.00492760960684
0.00492760962933
0.00492760963079
0.00492760963079
0.00492760960807
0.00492760960807
0.00492760961124
0.00492760961759
0.00492760961759
0.00492760961907
0.00492760961907
0.00492760962709
0.00492760962374
0.00492760962374
0.00492760962693
0.00492760962851
0.00492760962851
0.00492760963659
0.00492760962364
0.00492760962364
0.00492760965109
0.00492760964289
0.00492760963152
0.00492760963152
0.00492760966382
0.00492760967027
0.00492760966867
0.00492760966867
0.00492760968496
0.00492760968496
0.00492760970771
0.00492760971108
0.00492760970343
0.00492760970343
0.00492760969602
0.00492760969482
0.00492760969482
0.00492760970821
0.00492760971676
0.00492760971436
0.00492760971436
0.00492760971799
0.00492760972044
0.00492760972044
0.00492760974357
0.00492760974137
0.0049276097354
0.0049276097354
0.00492760972333
0.00492760972208
0.00492760972208
0.00492760972921
0.00492760972921
0.00492760973277
0.00492760975578
0.00492760976913
0.00492760978255
0.00492760978042
0.00492760978042
0.00492760978338
0.00492760976788
0.00492760976693
0.00492760976693
0.00492760979509
0.00492760980375
0.00492760982206
0.00492760982937
0.00492760982937
0.00492760983299
0.0049276098512
0.00492760989258
0.00492760989258
0.00492760989633
0.00492760991471
0.00492760990781
0.00492760990781
0.00492760992625
0.00492760990001
0.0049276098796
0.00492760986896
0.00492760986896
0.0049276098729
0.00492760988564
0.00492760988471
0.00492760988377
0.00492760988377
0.0049276098877
0.00492760990139
0.00492760989489
0.00492760989489
0.00492760991849
0.00492760992199
0.00492760991648
0.00492760991648
0.00492760992069
0.00492760992975
0.00492760991874
0.00492760991812
0.00492760991812
0.00492760992723
0.00492760993149
0.0049276099844
0.00492760999837
0.00492760999701
0.0049276099768
0.0049276099768
0.00492760995576
0.00492760995576
0.00492760995981
0.0049276099687
0.0049276099873
0.00492761001077
0.00492760999938
0.00492760999938
0.00492761000835
0.00492761001685
0.00492761001685
0.00492761002069
0.00492761002069
0.00492761002509
0.00492761003381
0.00492761003381
0.00492761004787
0.00492761004187
0.00492761004187
0.00492761005592
0.00492761005971
0.00492761005971
0.00492761006409
0.0049276100685
0.00492761007261
0.00492761007221
0.00492761007221
0.00492761008601
0.00492761008561
0.00492761008561
0.00492761009461
0.00492761009461
0.00492761008896
0.00492761008896
0.0049276100784
0.00492761007802
0.00492761007802
0.00492761011177
0.00492761013577
0.00492761014475
0.00492761014434
0.00492761014434
0.00492761013859
0.00492761013326
0.00492761013326
0.00492761013767
0.00492761016648
0.00492761017584
0.00492761018032
0.00492761017483
0.0049276101599
0.0049276101597
0.0049276101597
0.00492761016421
0.00492761016408
0.00492761016408
0.00492761019806
0.00492761020278
0.0049276102172
0.00492761022184
0.00492761027046
0.00492761027981
0.00492761027981
0.00492761029886
0.00492761027418
0.00492761027418
0.00492761027863
0.00492761027863
0.00492761027324
0.00492761027296
0.00492761027296
0.00492761027753
0.00492761028206
0.00492761029147
0.00492761031065
0.00492761032979
0.00492761033913
0.00492761035823
0.00492761036272
0.00492761039166
0.00492761040106
0.00492761041518
0.00492761041498
0.00492761040501
0.00492761039013
0.0049276103655
0.00492761035059
0.00492761035033
0.00492761035033
0.00492761037448
0.00492761036391
0.00492761036391
0.00492761037331
0.00492761039261
0.0049276104022
0.0049276103874
0.0049276103874
0.00492761038745
0.00492761039222
0.00492761038722
0.00492761038722
0.00492761040159
0.00492761040159
0.00492761042098
0.00492761043534
0.00492761043037
0.00492761043024
0.00492761042028
0.00492761042008
0.00492761042008
0.00492761044393
0.00492761044393
0.00492761045335
0.00492761045801
0.00492761047737
0.00492761048686
0.00492761049625
0.00492761050551
0.00492761049942
0.00492761049942
0.00492761050803
0.00492761050803
0.00492761052711
0.0049276105316
0.00492761053595
0.00492761051639
0.00492761050658
0.00492761050658
0.00492761051135
0.00492761052086
0.00492761052086
0.00492761055005
0.00492761055954
0.00492761056896
0.0049276105785
0.00492761058755
0.00492761058755
0.00492761059208
0.00492761060644
0.00492761061594
0.00492761061529
0.00492761061529
0.00492761062487
0.00492761063409
0.00492761063409
0.00492761064355
0.00492761063797
0.00492761063275
0.00492761063275
0.00492761064683
0.00492761064683
0.00492761064644
0.00492761064644
0.00492761063628
0.00492761062628
0.00492761062628
0.00492761064569
0.00492761065517
0.00492761065517
0.00492761066433
0.00492761066433
0.00492761066895
0.00492761067353
0.00492761068298
0.00492761070714
0.00492761071658
0.0049276107209
0.0049276107209
0.0049276107402
0.0049276107402
0.00492761074465
0.00492761074465
0.00492761074927
0.00492761076322
0.00492761076322
0.00492761076772
0.00492761078158
0.00492761078158
0.00492761078608
0.00492761079052
0.00492761079466
0.00492761077953
0.00492761077953
0.00492761079868
0.00492761083739
0.00492761084677
0.00492761085115
0.00492761085549
0.00492761086483
0.00492761087407
0.00492761087811
0.00492761087811
0.0049276108874
0.00492761088696
0.00492761088167
0.00492761088167
0.00492761087562
0.00492761087516
0.00492761087516
0.00492761087993
0.00492761088449
0.00492761089445
0.00492761089973
0.00492761090482
0.00492761090477
0.00492761089976
0.00492761089942
0.00492761089899
0.00492761089899
0.00492761089369
0.00492761088339
0.00492761088339
0.00492761090268
0.00492761091154
0.00492761091154
0.00492761092602
0.00492761093557
0.00492761094497
0.00492761095458
0.00492761095318
0.00492761092832
0.00492761092832
0.00492761094736
0.00492761097119
0.00492761099076
0.0049276110001
0.00492761099425
0.00492761099425
0.00492761099328
0.00492761099297
0.00492761099297
0.0049276109974
0.00492761100687
0.00492761103591
0.00492761103489
0.00492761102456
0.00492761101964
0.00492761101436
0.00492761101436
0.00492761101879
0.00492761102313
0.0049276110369
0.0049276110369
0.00492761103566
0.00492761103566
0.00492761106882
0.00492761106882
0.00492761107253
0.00492761106686
0.00492761106686
0.00492761108574
0.00492761110943
0.00492761111269
0.00492761111269
0.00492761113191
0.00492761113544
0.00492761113544
0.00492761115343
0.00492761115343
0.00492761114152
0.00492761113594
0.00492761113594
0.00492761114012
0.00492761114795
0.00492761114795
0.00492761115204
0.004927611166
0.00492761117027
0.00492761117481
0.00492761118398
0.00492761119335
0.00492761120254
0.00492761121165
0.00492761120047
0.00492761120002
0.00492761120002
0.00492761120961
0.00492761122878
0.0049276112273
0.0049276112273
0.00492761124138
0.00492761124578
0.00492761125424
0.00492761125424
0.0049276112584
0.0049276112667
0.0049276112667
0.00492761127094
0.00492761125504
0.00492761124934
0.00492761124934
0.00492761124358
0.00492761124288
0.00492761124288
0.00492761124698
0.00492761126611
0.00492761126962
0.00492761126962
0.00492761127372
0.00492761128284
0.00492761128563
0.00492761128563
0.00492761129423
0.00492761134247
0.00492761134644
0.00492761136507
0.00492761138805
0.00492761138805
0.0049276113922
0.00492761140062
0.00492761140062
0.00492761140457
0.00492761141337
0.00492761140674
0.0049276113909
0.00492761138476
0.00492761138476
0.00492761138843
0.00492761139735
0.00492761140132
0.00492761141007
0.00492761141379
0.0049276113869
0.0049276113869
0.0049276114009
0.00492761139863
0.00492761139863
0.00492761142207
0.00492761142609
0.00492761143861
0.00492761143861
0.00492761144226
0.00492761144927
0.00492761144927
0.00492761145326
0.00492761146209
0.0049276114659
0.0049276114585
0.0049276114585
0.0049276114706
0.00492761146913
0.00492761146779
0.00492761146779
0.00492761148624
0.00492761149484
0.00492761149243
0.00492761149243
0.00492761147969
0.00492761147969
0.00492761148324
0.00492761148583
0.00492761146988
0.00492761146876
0.00492761146876
0.00492761147732
0.00492761148577
0.00492761149415
0.00492761149753
0.0049276115059
0.00492761151425
0.00492761154752
0.00492761155616
0.00492761155986
0.00492761155792
0.00492761155792
0.00492761156668
0.00492761157476
0.00492761157476
0.00492761158194
0.00492761158194
0.00492761158391
0.00492761158391
0.00492761158735
0.00492761159073
0.00492761159712
0.00492761159029
0.00492761158839
0.00492761158839
0.00492761158945
0.00492761158775
0.00492761158775
0.00492761161573
0.00492761162213
0.00492761162213
0.0049276116255
0.00492761163748
0.00492761163748
0.00492761163919
0.0049276116329
0.0049276116329
0.00492761165129
0.00492761166958
0.00492761166629
0.00492761166629
0.00492761167286
0.00492761167286
0.00492761167438
0.00492761167438
0.0049276116875
0.00492761167894
0.00492761167894
0.004927611682
0.004927611685
0.00492761169559
0.00492761169559
0.00492761170148
0.00492761170148
0.00492761170228
0.00492761169019
0.00492761169019
0.00492761169299
0.00492761168847
0.00492761168847
0.00492761169125
0.00492761171399
0.00492761171709
0.00492761171311
0.00492761170626
0.00492761170626
0.00492761170727
0.00492761170727
0.00492761173986
0.00492761174753
0.00492761174334
0.0049276117366
0.00492761173008
0.00492761172821
0.00492761172821
0.00492761173119
0.00492761173411
0.00492761175185
0.00492761176949
0.00492761175979
0.00492761174249
0.00492761174249
0.0049276117599
0.0049276117504
0.0049276117504
0.00492761177816
0.00492761179094
0.00492761182871
0.0049276118367
0.00492761183278
0.00492761183278
0.00492761184357
0.00492761184357
0.00492761184645
0.00492761186421
0.00492761186697
0.00492761187248
0.00492761187248
0.00492761188821
0.00492761188109
0.00492761187874
0.00492761187136
0.00492761187136
0.00492761187388
0.00492761188135
0.00492761188878
0.00492761189129
0.00492761187155
0.00492761186429
0.00492761186203
0.00492761185988
0.00492761185765
0.00492761185043
0.00492761184321
0.00492761184321
0.00492761186078
0.00492761187834
0.00492761186359
0.00492761186099
0.00492761186099
0.00492761186335
0.00492761186582
0.00492761186081
0.00492761186081
0.00492761187804
0.0049276118952
0.0049276119024
0.00492761191964
0.00492761193686
0.00492761194413
0.00492761195144
0.00492761198348
0.00492761195294
0.00492761194512
0.00492761194512
0.00492761195228
0.00492761192153
0.00492761192153
0.00492761191532
0.00492761191532
0.00492761192212
0.00492761192618
0.00492761191828
0.00492761191056
0.00492761190288
0.00492761190288
0.00492761191016
0.00492761193725
0.00492761194441
0.00492761194853
0.00492761194853
0.0049276119474
0.0049276119474
0.00492761194634
0.00492761194634
0.0049276119633
0.00492761198014
0.00492761197914
0.00492761197914
0.00492761198119
0.00492761197518
0.00492761197518
0.00492761198872
0.00492761198872
0.00492761197724
0.00492761197724
0.00492761198393
0.00492761199058
0.00492761199715
0.00492761198528
0.00492761198528
0.00492761200179
0.00492761201338
0.00492761203489
0.0049276120515
0.00492761208812
0.0049276120899
0.00492761209159
0.00492761209321
0.00492761208637
0.00492761208303
0.00492761208303
0.00492761205172
0.00492761204353
0.0049276120104
0.0049276120104
0.00492761201205
0.00492761201365
0.00492761202019
0.00492761201808
0.00492761201447
0.00492761201447
0.00492761201583
0.00492761203213
0.00492761202485
0.00492761202485
0.00492761201759
0.00492761201759
0.00492761202395
0.00492761203528
0.00492761204158
0.00492761204285
0.00492761204037
0.00492761204037
0.00492761204156
0.00492761203889
0.00492761203889
0.00492761202647
0.00492761202647
0.00492761202773
0.00492761203018
0.00492761203018
0.00492761205628
0.00492761204863
0.00492761204863
0.0049276120697
0.00492761208087
0.00492761208704
0.00492761209825
0.00492761209607
0.00492761209607
0.0049276120838
0.0049276120838
0.00492761210006
0.00492761207779
0.00492761206901
0.0049276120651
0.0049276120651
0.00492761207605
0.00492761207703
0.00492761208797
0.00492761208509
0.00492761208509
0.00492761207244
0.00492761207244
0.00492761207355
0.00492761207462
0.00492761207563
0.00492761208648
0.0049276120873
0.0049276120741
0.0049276120741
0.00492761208507
0.00492761207686
0.00492761207686
0.00492761208256
0.00492761208329
0.00492761208407
0.00492761208583
0.0049276120768
0.00492761206784
0.00492761206784
0.00492761206881
0.00492761208964
0.00492761209547
0.00492761209629
0.00492761209706
0.00492761208354
0.00492761208354
0.00492761208425
0.00492761208498
0.00492761209061
0.00492761210112
0.00492761210654
0.00492761210225
0.00492761210225
0.00492761209318
0.00492761209318
0.00492761209363
0.00492761209909
0.00492761209545
0.00492761209545
0.00492761211192
0.00492761211192
0.00492761210338
0.00492761210338
0.00492761210408
0.00492761210551
0.00492761210551
0.0049276121111
0.00492761212661
0.00492761210749
0.00492761210282
0.00492761210282
0.00492761210814
0.0049276121085
0.00492761211419
0.00492761211419
0.00492761211448
0.00492761211471
0.00492761211488
0.00492761210031
0.00492761210031
0.00492761210547
0.00492761210581
0.00492761210581
0.00492761210607
0.00492761212126
0.00492761209689
0.00492761209689
0.00492761211222
0.00492761211293
0.00492761211293
0.00492761209882
0.00492761209882
0.00492761209915
0.00492761211433
0.00492761211446
0.00492761211452
0.00492761211953
0.00492761211456
0.00492761211456
0.00492761211965
0.00492761212968
0.00492761212973
0.00492761214971
0.00492761214972
0.00492761216465
0.00492761217459
0.00492761214461
0.00492761214461
0.00492761212455
0.00492761212455
0.0049276121193
0.00492761211917
0.00492761211917
0.00492761211885
0.00492761211885
0.00492761212878
0.00492761213376
0.00492761213376
0.00492761213873
0.00492761214862
0.00492761214352
0.00492761213348
0.00492761213344
0.00492761213344
0.00492761215326
0.00492761215322
0.0049276121532
0.00492761215316
0.00492761214312
0.00492761214312
0.00492761214284
0.00492761213769
0.00492761213769
0.00492761214711
0.00492761214711
0.00492761214636
0.00492761214593
0.00492761214593
0.00492761215503
0.00492761215463
0.00492761212933
0.00492761211889
0.00492761210841
0.00492761210841
0.00492761211787
0.00492761211677
0.00492761211677
0.00492761211568
0.00492761211018
0.0049276121097
0.00492761209431
0.00492761209431
0.00492761209884
0.00492761210342
0.00492761211771
0.00492761211771
0.00492761211208
0.00492761210672
0.00492761210672
0.00492761211128
0.00492761214068
0.00492761214944
0.00492761213385
0.00492761213385
0.00492761214814
0.00492761214177
0.00492761213605
0.0049276121303
0.00492761210457
0.00492761210371
0.00492761210287
0.00492761208707
0.00492761206137
0.00492761205559
0.00492761205481
0.00492761205481
0.00492761206891
0.00492761208301
0.00492761209709
0.00492761210121
0.0049276121044
0.00492761210354
0.00492761207777
0.00492761207777
0.00492761209682
0.00492761211996
0.00492761211905
0.00492761211905
0.00492761210233
0.00492761209648
0.00492761209648
0.00492761208973
0.00492761208885
0.00492761208795
0.0049276120821
0.00492761208123
0.00492761208038
0.0049276120696
0.0049276120696
0.00492761205308
0.0049276120473
0.0049276120473
0.00492761207137
0.00492761207479
0.00492761207399
0.00492761207316
0.00492761206236
0.00492761206236
0.00492761206055
0.00492761206055
0.00492761206868
0.00492761206868
0.00492761208273
0.00492761209181
0.00492761209495
0.00492761205411
0.0049276120331
0.0049276120331
0.00492761203686
0.00492761204901
0.00492761204901
0.00492761206241
0.00492761206418
0.00492761204771
0.00492761204619
0.0049276120447
0.0049276120447
0.00492761205192
0.00492761205192
0.00492761207926
0.00492761207926
0.00492761206193
0.00492761205077
0.00492761204457
0.00492761201345
0.00492761201345
0.00492761202711
0.00492761204071
0.00492761203292
0.00492761202147
0.00492761202147
0.00492761203485
0.00492761204322
0.00492761203009
0.00492761203009
0.00492761202199
0.00492761202199
0.00492761205033
0.00492761201749
0.00492761201599
0.00492761201599
0.00492761202441
0.00492761202788
0.00492761204629
0.00492761203828
0.00492761203178
0.00492761201033
0.00492761200381
0.00492761200381
0.00492761200724
0.00492761203558
0.00492761203259
0.00492761203108
0.00492761202957
0.00492761202805
0.00492761201159
0.00492761201004
0.00492761197863
0.00492761197863
0.00492761198548
0.00492761198403
0.00492761198403
0.00492761199756
0.00492761197507
0.00492761197507
0.00492761197746
0.00492761197746
0.00492761198108
0.00492761196808
0.0049276119664
0.0049276119664
0.00492761199941
0.00492761199566
0.00492761199566
0.00492761201167
0.00492761199478
0.00492761195798
0.00492761194603
0.00492761193407
0.00492761193407
0.0049276119401
0.0049276119401
0.00492761193135
0.00492761193135
0.00492761192757
0.00492761192567
0.00492761192567
0.00492761196157
0.00492761196157
0.0049276119427
0.00492761192583
0.00492761192583
0.00492761192887
0.00492761193195
0.00492761195
0.00492761194146
0.00492761193973
0.00492761193973
0.00492761195291
0.00492761193948
0.00492761193948
0.00492761191599
0.00492761191599
0.00492761193896
0.00492761193504
0.00492761193504
0.00492761194086
0.00492761190397
0.00492761190184
0.0049276118997
0.00492761188761
0.00492761188761
0.00492761187831
0.00492761187831
0.00492761188608
0.00492761188174
0.00492761187957
0.00492761187244
0.00492761187244
0.00492761187306
0.00492761187085
0.0049276118587
0.0049276118587
0.00492761186143
0.00492761186182
0.00492761185948
0.00492761184719
0.00492761184719
0.00492761185244
0.00492761185016
0.00492761184295
0.00492761184295
0.00492761184354
0.00492761184354
0.00492761184919
0.00492761184919
0.0049276118719
0.00492761186765
0.0049276118655
0.0049276118655
0.00492761185117
0.00492761185117
0.00492761181679
0.00492761181679
0.00492761181942
0.00492761180972
0.00492761180737
0.00492761180737
0.0049276118249
0.00492761183747
0.00492761183784
0.00492761182562
0.00492761180349
0.00492761180121
0.00492761179893
0.0049276117867
0.00492761178438
0.00492761178438
0.00492761178699
0.00492761178956
0.00492761180204
0.00492761181702
0.00492761180464
0.00492761177737
0.00492761177737
0.00492761176255
0.00492761176012
0.00492761176012
0.00492761176032
0.00492761175802
0.00492761175802
0.00492761175346
0.00492761175346
0.00492761176867
0.00492761176867
0.00492761177617
0.00492761174627
0.00492761173869
0.00492761173869
0.00492761175099
0.00492761175599
0.00492761175599
0.00492761176628
0.00492761175909
0.00492761175689
0.0049276117497
0.0049276117497
0.00492761174511
0.00492761174511
0.00492761170557
0.00492761170557
0.00492761170059
0.00492761169806
0.0049276116856
0.0049276116856
0.0049276116854
0.00492761168278
0.00492761168278
0.00492761168238
0.00492761167968
0.00492761167696
0.00492761167696
0.00492761167923
0.0049276116964
0.00492761172351
0.00492761174072
0.00492761174803
0.00492761174274
0.00492761174002
0.00492761171745
0.00492761169482
0.00492761169198
0.00492761166931
0.00492761166151
0.00492761164385
0.00492761164385
0.00492761164337
0.00492761163577
0.00492761163577
0.00492761162569
0.00492761162569
0.00492761164299
0.00492761166526
0.00492761165031
0.00492761164774
0.00492761164774
0.00492761164742
0.00492761164471
0.00492761163202
0.00492761163202
0.00492761164124
0.00492761164124
0.0049276116306
0.0049276116306
0.00492761162003
0.00492761161231
0.00492761160954
0.00492761160678
0.00492761160678
0.00492761158146
0.00492761156881
0.00492761156881
0.00492761156822
0.00492761156822
0.00492761155776
0.00492761155502
0.00492761155229
0.00492761155229
0.00492761155185
0.00492761155185
0.00492761153169
0.00492761153169
0.00492761153399
0.00492761154838
0.00492761153073
0.00492761152294
0.00492761152294
0.00492761153489
0.00492761156365
0.00492761154579
0.004927611523
0.004927611523
0.00492761152491
0.00492761152873
0.00492761152873
0.00492761152264
0.00492761151466
0.00492761149683
0.00492761149683
0.0049276114988
0.00492761151067
0.0049276115176
0.0049276115018
0.0049276115018
0.0049276115038
0.00492761150291
0.00492761150291
0.00492761150498
0.00492761149933
0.00492761148663
0.00492761148663
0.00492761148102
0.00492761148102
0.00492761149015
0.00492761148727
0.00492761147939
0.00492761147645
0.00492761147347
0.00492761147047
0.00492761146255
0.00492761146255
0.00492761146444
0.0049276114533
0.00492761144516
0.00492761142718
0.00492761142718
0.00492761141594
0.00492761140794
0.00492761139508
0.00492761139508
0.00492761140901
0.00492761138632
0.0049276113834
0.0049276113834
0.00492761138536
0.00492761137931
0.00492761137623
0.00492761137623
0.00492761137012
0.00492761136215
0.00492761135419
0.00492761135115
0.00492761135115
0.00492761135306
0.00492761135686
0.00492761135384
0.00492761135076
0.00492761134771
0.00492761134771
0.00492761136141
0.00492761136141
0.00492761136028
0.00492761136028
0.00492761137203
0.00492761137572
0.00492761134792
0.00492761132011
0.00492761130713
0.00492761130405
0.00492761129106
0.00492761128307
0.00492761128307
0.00492761129487
0.00492761129674
0.0049276113006
0.00492761128775
0.00492761128775
0.00492761128973
0.00492761130648
0.00492761129072
0.00492761127288
0.00492761127288
0.00492761126681
0.00492761125886
0.00492761125886
0.00492761128054
0.0049276112695
0.00492761124664
0.00492761122375
0.00492761120583
0.00492761120583
0.00492761120747
0.00492761123874
0.0049276112372
0.0049276112372
0.00492761123572
0.00492761122269
0.00492761121956
0.00492761121639
0.00492761120339
0.00492761119523
0.00492761119523
0.00492761119697
0.00492761119876
0.00492761119726
0.00492761119726
0.00492761119901
0.00492761119784
0.00492761119784
0.00492761120188
0.00492761118917
0.00492761118138
0.00492761118138
0.00492761120315
0.00492761121011
0.004927611209
0.00492761120095
0.00492761119785
0.00492761119482
0.00492761117679
0.00492761115394
0.00492761115082
0.00492761113769
0.00492761113769
0.00492761113612
0.00492761113612
0.00492761113466
0.00492761113141
0.00492761112826
0.00492761112826
0.00492761114177
0.00492761111906
0.00492761111906
0.00492761111297
0.00492761111297
0.00492761110697
0.00492761110697
0.00492761112379
0.00492761111783
0.00492761111783
0.00492761111986
0.00492761112169
0.0049276111155
0.0049276111123
0.0049276111123
0.00492761109103
0.00492761107795
0.00492761107795
0.0049276110666
0.0049276110666
0.00492761106032
0.00492761105727
0.00492761105427
0.00492761103647
0.00492761103355
0.00492761103355
0.00492761104209
0.00492761104209
0.00492761103082
0.00492761102277
0.00492761102277
0.00492761102097
0.00492761102097
0.00492761101434
0.00492761100617
0.00492761100617
0.00492761099947
0.00492761099619
0.00492761099619
0.00492761098947
0.00492761098947
0.00492761099275
0.00492761099275
0.00492761098611
0.00492761098293
0.00492761096981
0.0049276109665
0.00492761093361
0.00492761093361
0.00492761092229
0.0049276109191
0.0049276109191
0.00492761092592
0.00492761092784
0.00492761094647
0.00492761094647
0.00492761093115
0.00492761090876
0.00492761090876
0.00492761089772
0.00492761089772
0.00492761090152
0.00492761090152
0.00492761091288
0.00492761091169
0.0049276109037
0.00492761090039
0.00492761090039
0.00492761091182
0.00492761090052
0.00492761089716
0.00492761089716
0.00492761088604
0.00492761088293
0.00492761088293
0.00492761088103
0.00492761088103
0.00492761087955
0.00492761087955
0.00492761089593
0.00492761092377
0.00492761090583
0.00492761090583
0.00492761089926
0.00492761089926
0.00492761087324
0.00492761086492
0.00492761086165
0.00492761084366
0.00492761084051
0.00492761083249
0.00492761082937
0.00492761082635
0.00492761082635
0.00492761082531
0.00492761082233
0.00492761082233
0.00492761082436
0.00492761081368
0.00492761080565
0.00492761080565
0.00492761079426
0.00492761079114
0.00492761078777
0.00492761077946
0.00492761077946
0.0049276107874
0.00492761078414
0.00492761078069
0.00492761078069
0.00492761077392
0.00492761077071
0.00492761075782
0.00492761075782
0.00492761075156
0.00492761075156
0.00492761076814
0.00492761075247
0.00492761075247
0.00492761074618
0.00492761073806
0.00492761073502
0.00492761073502
0.00492761074186
0.00492761072596
0.00492761072291
0.00492761071995
0.00492761071995
0.00492761071376
0.00492761071053
0.00492761071053
0.00492761070409
0.00492761070084
0.00492761070084
0.00492761069937
0.00492761068645
0.00492761068316
0.00492761068316
0.00492761068498
0.00492761068361
0.00492761066073
0.00492761066073
0.00492761067411
0.00492761067411
0.00492761070016
0.004927610694
0.004927610694
0.00492761067774
0.0049276106598
0.00492761065669
0.00492761063895
0.00492761061119
0.00492761061119
0.0049276106096
0.0049276106096
0.00492761062303
0.00492761062303
0.00492761059706
0.00492761059404
0.00492761059404
0.00492761059605
0.00492761060022
0.00492761060022
0.00492761060254
0.00492761061225
0.00492761060437
0.00492761060165
0.00492761059407
0.00492761059407
0.00492761059595
0.00492761056013
0.00492761055203
0.00492761054396
0.00492761054039
0.00492761053679
0.0049276105329
0.0049276105329
0.0049276105586
0.00492761055111
0.00492761054734
0.00492761054734
0.00492761054526
0.00492761054194
0.00492761053851
0.00492761053851
0.00492761054985
0.00492761055636
0.00492761055497
0.00492761055497
0.00492761055325
0.00492761054504
0.00492761052226
0.00492761051423
0.00492761051423
0.00492761050767
0.00492761050453
0.00492761049169
0.0049276104887
0.00492761048062
0.0049276104776
0.0049276104776
0.00492761047952
0.004927610491
0.00492761047473
0.00492761046668
0.00492761046668
0.00492761048805
0.00492761049452
0.00492761048779
0.00492761048779
0.00492761049114
0.00492761049114
0.00492761048433
0.00492761048095
0.00492761047278
0.00492761047278
0.00492761048915
0.00492761044812
0.00492761042531
0.00492761042531
0.00492761042708
0.00492761044357
0.00492761045012
0.00492761045195
0.00492761044088
0.00492761043762
0.00492761043762
0.00492761043609
0.00492761041342
0.00492761039065
0.00492761038763
0.00492761038763
0.00492761038958
0.00492761037865
0.00492761037575
0.00492761037298
0.00492761037298
0.00492761036743
0.00492761036468
0.00492761036468
0.00492761036688
0.00492761036564
0.00492761036564
0.00492761038404
0.00492761038404
0.00492761038554
0.00492761039393
0.00492761037601
0.00492761037287
0.00492761036001
0.0049276103521
0.0049276103521
0.00492761036376
0.00492761035293
0.00492761033042
0.00492761031766
0.0049276103098
0.004927610297
0.004927610297
0.00492761029891
0.00492761030764
0.00492761030764
0.00492761032414
0.00492761032276
0.00492761032276
0.00492761032129
0.00492761031809
0.0049276103052
0.0049276103052
0.0049276103069
0.0049276102959
0.0049276102959
0.00492761028994
0.00492761025286
0.00492761024029
0.00492761024029
0.00492761025219
0.00492761025159
0.00492761024887
0.00492761024887
0.00492761027526
0.00492761026455
0.00492761026455
0.0049276102634
0.0049276102634
0.00492761028166
0.00492761028166
0.0049276102903
0.00492761027763
0.00492761027763
0.00492761028177
0.00492761027421
0.00492761027157
0.00492761025432
0.00492761023215
0.00492761019538
0.00492761018291
0.00492761018019
0.00492761018019
0.00492761019696
0.00492761019142
0.00492761017891
0.00492761017618
0.00492761017338
0.00492761017338
0.00492761017287
0.00492761016037
0.00492761015725
0.00492761015725
0.00492761015129
0.00492761014808
0.00492761014808
0.00492761014171
0.00492761014171
0.00492761014345
0.00492761017446
0.00492761017321
0.00492761016033
0.00492761015727
0.00492761015727
0.00492761016095
0.00492761014807
0.00492761013528
0.00492761010792
0.00492761010011
0.00492761010011
0.0049276101043
0.0049276101043
0.00492761010876
0.00492761010876
0.00492761011327
0.00492761010578
0.00492761010578
0.00492761010805
0.00492761011742
0.00492761009038
0.00492761007799
0.00492761007058
0.0049276100681
0.0049276100681
0.00492761006326
0.00492761006088
0.00492761006088
0.00492761006339
0.00492761009018
0.00492761009262
0.00492761009509
0.00492761009486
0.00492761006304
0.00492761005549
0.00492761005294
0.00492761005294
0.0049276100553
0.00492761006732
0.00492761006219
0.00492761006219
0.00492761006157
0.00492761006157
0.00492761004143
0.00492761002387
0.00492761001124
0.00492761000836
0.00492761000836
0.00492761001042
0.00492761002439
0.00492761002439
0.00492761003354
0.00492761001614
0.00492761001614
0.00492761000587
0.00492761000304
0.00492761000304
0.00492761001487
0.00492761002187
0.00492761002146
0.00492760998973
0.00492760998243
0.00492760997999
0.00492760996779
0.00492760996053
0.00492760996053
0.00492760998721
0.00492760998229
0.00492760998229
0.00492760999437
0.00492760999422
0.00492760999422
0.00492760999883
0.00492760997689
0.00492760996935
0.00492760996671
0.00492760996413
0.00492760993719
0.00492760993468
0.00492760993468
0.00492760991517
0.00492760991517
0.00492760991756
0.00492760991996
0.00492760992223
0.00492760991708
0.00492760991708
0.00492760993878
0.00492760993849
0.00492760993595
0.00492760993595
0.00492760993831
0.00492760992828
0.00492760992828
0.00492760991806
0.00492760991806
0.00492760990784
0.00492760989542
0.00492760988305
0.00492760987557
0.00492760987305
0.00492760987058
0.00492760987058
0.00492760987787
0.00492760986804
0.00492760986071
0.00492760986071
0.00492760986316
0.00492760985838
0.00492760985599
0.00492760985352
0.00492760984621
0.00492760984372
0.00492760982654
0.004927609824
0.004927609824
0.00492760984088
0.0049276098724
0.00492760985775
0.00492760985533
0.00492760985533
0.00492760985773
0.00492760986227
0.00492760984512
0.00492760981809
0.00492760981535
0.00492760981535
0.00492760981477
0.00492760980245
0.00492760979501
0.00492760979501
0.00492760979485
0.0049276097632
0.00492760975582
0.00492760975582
0.00492760975813
0.00492760978194
0.00492760977927
0.00492760977927
0.0049276097813
0.00492760979512
0.00492760978263
0.00492760977019
0.00492760977019
0.0049276097724
0.00492760976237
0.00492760975505
0.00492760975268
0.00492760975268
0.00492760975515
0.00492760975054
0.00492760975054
0.00492760975074
0.00492760973872
0.00492760973872
0.00492760972429
0.00492760972429
0.00492760972415
0.00492760972415
0.00492760972662
0.0049276097267
0.0049276097267
0.00492760974857
0.00492760974872
0.00492760974872
0.00492760975362
0.00492760975362
0.00492760975873
0.00492760974191
0.00492760973963
0.00492760973739
0.00492760970602
0.00492760970374
0.00492760969649
0.00492760969415
0.00492760969415
0.00492760969443
0.00492760968727
0.00492760968727
0.00492760968287
0.00492760967588
0.00492760967588
0.00492760970766
0.00492760971322
0.00492760971322
0.00492760971893
0.00492760970243
0.00492760969564
0.00492760967422
0.00492760967422
0.00492760965573
0.00492760965364
0.00492760965149
0.00492760965149
0.00492760964228
0.00492760964011
0.00492760964011
0.00492760965238
0.00492760967435
0.00492760968931
0.00492760967255
0.00492760967037
0.00492760966821
0.00492760966821
0.00492760964936
0.0049276096327
0.00492760962081
0.00492760959917
0.00492760959917
0.00492760961153
0.0049276096142
0.00492760960508
0.00492760960296
0.00492760960296
0.0049276096106
0.00492760960177
0.00492760960177
0.00492760959298
0.00492760959298
0.00492760960354
0.00492760960137
0.00492760958957
0.00492760958957
0.00492760959495
0.00492760959495
0.00492760961002
0.00492760957872
0.00492760957872
0.0049276095696
0.0049276095433
0.00492760953154
0.00492760952954
0.00492760952954
0.00492760954214
0.00492760956447
0.00492760956051
0.00492760956051
0.00492760956345
0.00492760955473
0.00492760955473
0.0049276095557
0.0049276095557
0.00492760955181
0.004927609545
0.00492760953828
0.00492760953828
0.00492760954446
0.00492760954266
0.00492760954266
0.00492760954577
0.00492760953727
0.00492760952582
0.0049276095239
0.0049276095239
0.00492760952483
0.00492760952285
0.00492760950152
0.00492760950152
0.00492760950423
0.00492760950969
0.00492760950969
0.00492760951224
0.00492760951489
0.00492760953924
0.00492760953694
0.00492760953694
0.0049276095279
0.0049276095279
0.00492760953081
0.00492760952727
0.00492760950137
0.00492760949
0.00492760949
0.00492760952216
0.00492760952818
0.00492760950679
0.00492760950679
0.0049276095097
0.00492760951739
0.00492760949413
0.00492760947761
0.00492760946592
0.00492760945915
0.00492760945721
0.00492760945721
0.00492760945838
0.00492760945838
0.00492760947119
0.00492760947437
0.00492760948245
0.00492760946965
0.00492760945835
0.00492760944708
0.00492760944708
0.00492760945023
0.00492760946297
0.00492760946605
0.0049276094721
0.0049276094721
0.00492760947342
0.00492760947342
0.00492760947649
0.00492760947283
0.0049276094613
0.00492760944001
0.00492760943806
0.0049276094361
0.00492760941967
0.00492760941295
0.00492760941295
0.00492760941901
0.00492760941724
0.00492760941549
0.00492760940417
0.00492760939773
0.00492760939617
0.00492760939617
0.0049276094237
0.00492760943195
0.00492760941473
0.00492760940861
0.00492760940861
0.00492760942056
0.00492760942056
0.0049276094373
0.00492760943574
0.00492760943423
0.00492760943263
0.00492760942122
0.00492760941944
0.00492760941765
0.0049276094014
0.00492760938514
0.00492760937372
0.00492760936237
0.00492760936073
0.00492760936073
0.00492760936219
0.00492760936219
0.00492760937978
0.0049276094022
0.00492760940805
0.00492760940805
0.00492760940397
0.00492760940397
0.00492760940678
0.00492760938329
0.00492760935713
0.00492760935526
0.00492760935526
0.00492760935183
0.00492760935183
0.00492760934869
0.00492760934721
0.00492760934721
0.00492760934941
0.00492760934338
0.00492760934338
0.00492760934116
0.00492760933999
0.00492760933999
0.00492760934745
0.00492760934745
0.00492760937046
0.00492760935841
0.00492760935841
0.00492760936187
0.00492760932982
0.0049276093185
0.0049276093185
0.0049276093217
0.0049276093279
0.00492760932622
0.00492760932622
0.00492760932778
0.00492760932778
0.00492760933427
0.00492760933274
0.00492760933274
0.00492760934424
0.00492760934424
0.00492760934615
0.00492760934615
0.00492760934958
0.00492760933716
0.00492760933716
0.00492760932978
0.00492760931413
0.00492760930818
0.00492760930818
0.00492760929157
0.00492760929053
0.00492760928954
0.00492760928954
0.00492760929327
0.00492760929703
0.00492760930568
0.00492760930947
0.00492760932292
0.00492760932076
0.00492760929552
0.0049276092896
0.0049276092896
0.00492760928754
0.00492760928654
0.00492760928556
0.00492760927489
0.00492760926895
0.00492760926895
0.00492760926653
0.00492760926653
0.00492760927826
0.00492760927668
0.00492760927511
0.00492760926864
0.00492760926864
0.0049276092508
0.00492760924918
0.00492760924918
0.00492760926208
0.00492760929435
0.00492760931077
0.00492760929497
0.00492760929379
0.00492760929275
0.00492760928701
0.00492760928623
0.00492760928555
0.00492760926078
0.00492760925053
0.00492760924511
0.00492760923481
0.00492760922447
0.00492760922447
0.00492760921339
0.00492760921263
0.00492760921179
0.00492760921179
0.00492760921006
0.00492760919944
0.00492760919845
0.00492760919845
0.00492760920225
0.00492760922916
0.00492760922815
0.00492760922815
0.00492760923195
0.0049276092744
0.00492760927717
0.00492760927608
0.0049276092605
0.0049276092605
0.00492760928836
0.00492760929102
0.00492760929102
0.00492760929962
0.00492760930826
0.00492760929184
0.00492760929092
0.00492760926592
0.00492760926029
0.00492760924987
0.00492760924987
0.00492760923398
0.00492760922369
0.00492760922369
0.00492760925143
0.00492760925143
0.00492760928466
0.00492760929375
0.00492760929269
0.00492760925356
0.0049276092434
0.00492760924292
0.00492760924292
0.00492760924168
0.00492760922171
0.00492760921608
0.00492760921525
0.00492760921432
0.00492760921328
0.00492760917363
0.00492760916764
0.00492760916639
0.00492760916639
0.00492760916993
0.0049276091719
0.0049276091719
0.004927609159
0.0049276091573
0.0049276091573
0.00492760917488
0.00492760918617
0.00492760918617
0.0049276091884
0.0049276091884
0.00492760919133
0.00492760919133
0.00492760918525
0.00492760918484
0.00492760918484
0.00492760918913
0.00492760918913
0.00492760918392
0.00492760918369
0.00492760918369
0.00492760918312
0.00492760918312
0.00492760917743
0.00492760917693
0.00492760917638
0.00492760917638
0.00492760918543
0.00492760917925
0.00492760917851
0.00492760917777
0.00492760917777
0.00492760917132
0.00492760917132
0.00492760918504
0.00492760917403
0.0049276091686
0.00492760916319
0.00492760916264
0.00492760916264
0.00492760917175
0.00492760917601
0.0049276091651
0.0049276091651
0.00492760917805
0.00492760917721
0.00492760917153
0.00492760917061
0.00492760916492
0.00492760916409
0.00492760916409
0.00492760916268
0.00492760916268
0.00492760917177
0.00492760916122
0.0049276091512
0.00492760914126
0.00492760914104
0.00492760914104
0.00492760916021
0.00492760915536
0.00492760915536
0.00492760915548
0.00492760915548
0.00492760916038
0.00492760916517
0.00492760916503
0.00492760916503
0.00492760918897
0.00492760919326
0.00492760919292
0.00492760917812
0.0049276091585
0.0049276091581
0.0049276091581
0.0049276091625
0.00492760915668
0.00492760915668
0.00492760917542
0.00492760918444
0.00492760919348
0.00492760919773
0.00492760922617
0.0049276091771
0.00492760915753
0.00492760915252
0.00492760915241
0.00492760915232
0.00492760915232
0.00492760918603
0.00492760918106
0.00492760918106
0.00492760917608
0.00492760917595
0.00492760917595
0.00492760915154
0.00492760913203
0.00492760913177
0.00492760913177
0.00492760913628
0.00492760915039
0.00492760916443
0.00492760917841
0.00492760918202
0.00492760918202
0.00492760918068
0.00492760917998
0.00492760917998
0.00492760918414
0.00492760919736
0.00492760918231
0.00492760918231
0.00492760917157
0.00492760917111
0.00492760917111
0.00492760917511
0.00492760914583
0.00492760914074
0.00492760914074
0.00492760915481
0.00492760914502
0.00492760913522
0.00492760913509
0.00492760913509
0.0049276091639
0.00492760917341
0.0049276091684
0.0049276091684
0.0049276091636
0.00492760913961
0.00492760913961
0.00492760914941
0.00492760915444
0.00492760915947
0.00492760915963
0.00492760917421
0.00492760917428
0.00492760917426
0.00492760917426
0.00492760919351
0.00492760917401
0.00492760915939
0.00492760914958
0.00492760913007
0.00492760911532
0.00492760911532
0.00492760911984
0.00492760913397
0.00492760912847
0.00492760912847
0.00492760913302
0.00492760914231
0.00492760914223
0.00492760914216
0.00492760914211
0.00492760914211
0.0049276091469
0.00492760917096
0.00492760916118
0.00492760913699
0.00492760913699
0.00492760914176
0.00492760915127
0.00492760913672
0.00492760913663
0.00492760913663
0.00492760913645
0.00492760913645
0.00492760913625
0.00492760913132
0.00492760913132
0.0049276091649
0.0049276091649
0.00492760916954
0.00492760916954
0.00492760917912
0.00492760917419
0.0049276091693
0.00492760916922
0.0049276091691
0.0049276091691
0.00492760917376
0.00492760917335
0.00492760914901
0.00492760913435
0.00492760913435
0.00492760914378
0.0049276091341
0.0049276091341
0.00492760913898
0.00492760913898
0.00492760913911
0.0049276091393
0.00492760913959
0.00492760914472
0.00492760914068
0.00492760914068
0.0049276091411
0.00492760914637
0.00492760914687
0.0049276091763
0.00492760919669
0.00492760916346
0.00492760915915
0.00492760915915
0.00492760917894
0.00492760917014
0.00492760915605
0.00492760915158
0.00492760915158
0.00492760915226
0.00492760915226
0.00492760914805
0.00492760914805
0.00492760914832
0.00492760915351
0.00492760915351
0.0049276091536
0.00492760915358
0.00492760913898
0.00492760913882
0.00492760913882
0.00492760914817
0.00492760914815
0.00492760914815
0.00492760914823
0.00492760914823
0.00492760915321
0.00492760916794
0.00492760917833
0.00492760917833
0.00492760917882
0.00492760917506
0.00492760917506
0.00492760917555
0.00492760917642
0.00492760917194
0.00492760917194
0.00492760916283
0.00492760914859
0.00492760914399
0.00492760914399
0.00492760914906
0.00492760915448
0.00492760913546
0.00492760913546
0.0049276091502
0.00492760915525
0.00492760915541
0.00492760915552
0.00492760914598
0.00492760914598
0.00492760916528
0.00492760917977
0.00492760918467
0.00492760918966
0.00492760918988
0.00492760919049
0.00492760918116
0.00492760918116
0.00492760918143
0.0049276091865
0.00492760919632
0.00492760919171
0.00492760918694
0.00492760916283
0.00492760915319
0.00492760914835
0.00492760914835
0.0049276091579
0.00492760915299
0.00492760915299
0.00492760915769
0.00492760915735
0.0049276091523
0.0049276091523
0.00492760914213
0.00492760914196
0.00492760914196
0.00492760915156
0.00492760915161
0.00492760915182
0.00492760915733
0.00492760915733
0.00492760914851
0.00492760914851
0.00492760918269
0.00492760918342
0.00492760917896
0.00492760917896
0.00492760918897
0.00492760916554
0.00492760916554
0.0049276091566
0.0049276091566
0.00492760915255
0.00492760915255
0.00492760915335
0.00492760915335
0.00492760915372
0.00492760915411
0.00492760916408
0.00492760915976
0.00492760915976
0.00492760917451
0.00492760917451
0.0049276092035
0.00492760920348
0.00492760920348
0.00492760921795
0.00492760921336
0.00492760921336
0.00492760919964
0.00492760919964
0.00492760920023
0.00492760920089
0.00492760919757
0.00492760919757
0.00492760919834
0.00492760919973
0.00492760918587
0.00492760918587
0.00492760920571
0.00492760919214
0.00492760918767
0.00492760918767
0.00492760916902
0.00492760916902
0.00492760916941
0.00492760916984
0.00492760917088
0.00492760916664
0.00492760916664
0.00492760916792
0.00492760916792
0.00492760917337
0.00492760919327
0.00492760920884
0.00492760920884
0.00492760920932
0.0049276092146
0.0049276091817
0.0049276091725
0.0049276091725
0.0049276091778
0.00492760917388
0.00492760917388
0.00492760917915
0.00492760918441
0.00492760918045
0.00492760918045
0.00492760919058
0.00492760918193
0.00492760918193
0.0049276091825
0.00492760918305
0.00492760918854
0.0049276091941
0.00492760918619
0.00492760918233
0.00492760918233
0.00492760918938
0.00492760918938
0.00492760918195
0.00492760918195
0.00492760918782
0.00492760918979
0.00492760918979
0.00492760919072
0.00492760919723
0.00492760919723
0.00492760919799
0.00492760919866
0.00492760919927
0.00492760920467
0.00492760921968
0.00492760922074
0.00492760922074
0.00492760923092
0.00492760920791
0.00492760920791
0.00492760920846
0.00492760921387
0.0049276092102
0.00492760920602
0.00492760920602
0.00492760920667
0.00492760919839
0.00492760919839
0.00492760920877
0.00492760921431
0.00492760923433
0.00492760922142
0.00492760921259
0.00492760920867
0.00492760920867
0.00492760921438
0.00492760922116
0.00492760922116
0.0049276092184
0.0049276092184
0.00492760923392
0.00492760925064
0.00492760925064
0.00492760925291
0.00492760922989
0.00492760922989
0.00492760923105
0.0049276092285
0.0049276092285
0.00492760922963
0.00492760923185
0.00492760923185
0.00492760923289
0.00492760923871
0.00492760920667
0.00492760920263
0.00492760920263
0.00492760920824
0.00492760920981
0.00492760920981
0.0049276092115
0.0049276092115
0.00492760922691
0.00492760924226
0.0049276092479
0.00492760924863
0.00492760924025
0.00492760924025
0.0049276092553
0.00492760925647
0.00492760925647
0.00492760926196
0.00492760928207
0.0049276092791
0.0049276092791
0.00492760928502
0.00492760926806
0.0049276092548
0.0049276092548
0.0049276092754
0.00492760929112
0.00492760929713
0.00492760929825
0.00492760927619
0.00492760926749
0.00492760926749
0.0049276092646
0.0049276092646
0.00492760926554
0.00492760926659
0.00492760926386
0.00492760926386
0.00492760926494
0.00492760927172
0.00492760927172
0.00492760927744
0.00492760928309
0.0049276092749
0.0049276092749
0.00492760927562
0.00492760928123
0.00492760927816
0.00492760927816
0.00492760928397
0.00492760928987
0.00492760931995
0.00492760930763
0.00492760930763
0.00492760930011
0.0049276092964
0.0049276092964
0.00492760929865
0.00492760929865
0.00492760929618
0.00492760929618
0.00492760927455
0.00492760927455
0.0049276092952
0.00492760929791
0.00492760929791
0.00492760929108
0.00492760929108
0.00492760930362
0.00492760929535
0.00492760929194
0.00492760929194
0.00492760929331
0.00492760929114
0.00492760929114
0.00492760929729
0.0049276093179
0.00492760931917
0.00492760932044
0.0049276093217
0.00492760933262
0.00492760932552
0.00492760931716
0.00492760931716
0.00492760934745
0.00492760934873
0.00492760936086
0.00492760933791
0.00492760931975
0.0049276093161
0.0049276093161
0.00492760932806
0.00492760932806
0.00492760933016
0.00492760932628
0.00492760932628
0.00492760932716
0.00492760933835
0.00492760932933
0.00492760932933
0.00492760933965
0.00492760934118
0.00492760934118
0.0049276093469
0.00492760933457
0.00492760933457
0.00492760935513
0.00492760938062
0.00492760938195
0.00492760938332
0.00492760938953
0.00492760939088
0.00492760936461
0.00492760936461
0.00492760936596
0.00492760936742
0.00492760936894
0.00492760937535
0.00492760939165
0.00492760939827
0.00492760940025
0.00492760940232
0.0049276094066
0.0049276094066
0.00492760940874
0.00492760941565
0.00492760942249
0.00492760941661
0.00492760941661
0.00492760941836
0.0049276094297
0.00492760942319
0.00492760942319
0.00492760942471
0.00492760942621
0.0049276094277
0.00492760942915
0.00492760941267
0.00492760940439
0.00492760940439
0.00492760940578
0.00492760944101
0.00492760943408
0.00492760943408
0.00492760945001
0.00492760946109
0.00492760948201
0.00492760948521
0.00492760948521
0.00492760948703
0.00492760948884
0.00492760948803
0.00492760948803
0.00492760949988
0.004927609495
0.004927609495
0.00492760949556
0.00492760949347
0.00492760947699
0.00492760947699
0.00492760947978
0.00492760946102
0.00492760945396
0.00492760944683
0.00492760944683
0.00492760944933
0.00492760946628
0.00492760946867
0.00492760947102
0.00492760947568
0.00492760947568
0.00492760947799
0.00492760947794
0.00492760947794
0.00492760948034
0.00492760946109
0.00492760946109
0.00492760946842
0.00492760945415
0.00492760945415
0.00492760948098
0.0049276094836
0.00492760949591
0.00492760950134
0.00492760950134
0.00492760950904
0.00492760951493
0.00492760951493
0.0049276095423
0.00492760955026
0.00492760954734
0.00492760954734
0.00492760955075
0.00492760955918
0.00492760960148
0.00492760960994
0.00492760961356
0.00492760962556
0.00492760960489
0.00492760960489
0.00492760958772
0.00492760957184
0.00492760956572
0.00492760956572
0.00492760956803
0.00492760956803
0.00492760958031
0.00492760958031
0.00492760958812
0.00492760958812
0.00492760959201
0.00492760961063
0.00492760962444
0.00492760963353
0.00492760964241
0.00492760964241
0.00492760964712
0.004927609652
0.00492760965217
0.00492760968648
0.0049276096966
0.00492760970213
0.0049276096941
0.00492760969034
0.00492760969034
0.00492760970593
0.00492760968415
0.00492760968415
0.00492760968529
0.00492760968728
0.00492760968728
0.0049276097075
0.00492760970826
0.00492760972353
0.00492760972428
0.00492760972996
0.00492760975013
0.00492760977535
0.00492760979582
0.00492760978869
0.00492760978869
0.00492760979982
0.00492760981108
0.00492760981281
0.00492760979207
0.00492760979207
0.00492760980369
0.00492760981526
0.00492760981736
0.00492760982199
0.00492760982199
0.00492760982956
0.00492760983728
0.00492760984049
0.00492760986818
0.00492760989603
0.00492760991391
0.00492760991391
0.00492760991816
0.00492760992217
0.00492760992217
0.00492760992674
0.00492760995073
0.0049276099699
0.00492760997965
0.00492761001845
0.00492761003321
0.00492761003837
0.00492761004345
0.00492761006804
0.00492761007807
0.00492761008857
0.00492761008857
0.00492761009865
0.00492761011865
0.00492761012904
0.00492761014057
0.00492761012227
0.00492761012227
0.00492761012848
0.00492761013694
0.00492761013694
0.00492761014413
0.0049276101468
0.00492761015935
0.00492761018191
0.00492761019016
0.00492761020335
0.00492761021184
0.00492761022527
0.00492761023372
0.00492761026155
0.00492761027017
0.00492761028847
0.00492761029721
0.00492761031073
0.00492761032449
0.00492761033827
0.00492761034727
0.00492761036631
0.00492761037082
0.00492761037082
0.00492761038561
0.00492761040054
0.00492761044507
0.00492761046547
0.00492761047139
0.00492761050172
0.00492761055621
0.00492761058161
0.00492761059732
0.00492761063753
0.00492761063875
0.00492761064944
0.00492761066482
0.00492761066171
0.00492761066171
0.00492761067265
0.00492761071804
0.0049276107444
0.00492761074963
0.00492761074963
0.00492761078006
0.00492761078006
0.00492761078869
0.00492761080196
0.00492761082048
0.00492761084353
0.00492761086118
0.00492761089266
0.00492761089899
0.00492761091408
0.00492761092813
0.00492761094568
0.00492761094423
0.00492761094423
0.00492761096434
0.00492761097288
0.00492761097288
0.00492761097313
0.00492761097313
0.0049276109841
0.0049276109894
0.00492761101309
0.00492761102798
0.00492761102798
0.00492761106751
0.0049276110677
0.00492761106002
0.00492761105699
0.00492761105172
0.00492761103884
0.00492761102948
0.004927611019
0.004927611019
0.00492761102182
0.00492761103321
0.00492761103006
0.0049276110096
0.00492761098189
0.00492761093223
0.00492761088874
0.00492761083686
0.00492761078735
0.00492761072488
0.0049276106685
0.00492761061839
0.00492761056715
0.0049276105086
0.0049276104689
0.00492761037371
0.00492761028127
0.00492761020801
0.00492761011504
0.00492761004077
0.00492760995652
0.00492760984229
0.00492760974036
0.00492760962067
0.0049276094872
0.0049276093609
0.0049276092023
0.00492760902408
0.00492760886619
0.00492760869157
0.00492760851104
0.00492760831525
0.00492760812509
0.00492760791329
0.00492760768966
0.00492760744505
0.00492760719803
0.00492760694146
0.00492760666256
0.0049276063767
0.0049276060705
0.00492760575195
0.00492760542835
0.00492760506033
0.00492760468585
0.00492760431659
0.00492760387625
0.00492760340916
0.00492760294292
0.00492760244061
0.00492760188898
0.00492760131979
0.00492760069654
0.00492760003695
0.00492759932346
0.00492759858266
0.00492759775757
0.00492759690224
0.00492759598204
0.0049275951717
0.00492759495888
0.00492759495888
0.00492759815691
0.00492761710027
0.00492770305943
0.00492805159293
0.00492935279694
0.00493387268977
0.0049485429116
0.00499307664981
0.00511900674095
0.00544637379947
0.00620923110292
0.00776087169761
0.0105085727273
0.0148668366872
0.0212853922892
0.0302836781285
0.0424464367964
0.0583817856873
0.0786439281735
0.103614137601
0.133339159403
0.167347233045
0.429588739308
0.547613052202
0.669033668682
0.780578889671
0.870396078854
0.928863580921
0.920894611918
0.859664370615
0.776956903682
0.679527544889
0.577563201333
0.478476585906
0.387896765447
0.16023144303
0.134588230722
0.112005011383
0.0925560862626
0.0761246867523
0.0624662067063
0.051280916405
0.0422635663952
0.0351308319961
0.0296449550445
0.0257847537823
0.02342408351
0
0
0
0
0
0
0
0
0
0
0
0
0
0
0
0
0
0
0
0
0
0
0
0
0
0
0
0
0
0
0
0
0
0
0
0
0
0
0
0
0
0
0
0
0
0
0
0
0
0
0
0
0
0
0
0
0
0
0
0
0
0
0
0
0
0
0
0
0
0
0
0
0
0
0
0
0
0
0
0
0
0
0
0
0
0
0
0
0
0
0
0
0
0
0
0
0
0
0
0
0
0
0
0
0
0
0
0
0
0
0
0
0
0
0
0
0
0
0
0
0
0
0
0
0
0
0
0
0
0
0
0
0
0
0
0
0
0
0
0
0
0
0
0
0
0
0
0
0
0
0
0
0
0
0
0
0
0
0
0
0
0
0
0
0
0
0
0
0
0
0
0
0
0
0
0
0
0
0
0
0
0
0
0
0
0
0
0
0
0
0
0
0
0
0
0
0
0
0
0
0
0
0
0
0
0
0
0
0
0
0
0
0
0
0
0
0
0
0
0
0
0
0
0
0
0
0
0
0
0
0
0
0
0
0
0
0
0
0
0
0
0
0
0
0
0
0
0
0
0
0
0
0
0
0
0
0
0
0
0
0
0
0
0
0
0
0
0
0
0
0
0
0
0
0
0
0
0
0
0
0
0
0
0
0
0
0
0
0
0
0
0
0
0
0
0
0
0
0
0
0
0
0
0
0
0
0
0
0
0
0
0
0
0
0
0
0
0
0
0
0
0
0
0
0
0
0
0
0
0
0
0
0
0
0
0
0
0
0
0
0
0
0
0
0
0
0
0
0
0
0
0
0
0
0
0
0
0
0
0
0
0
0
0
0
0
0
0
0
0
0
0
0
0
0
0
0
0
0
0
0
0
0
0
0
0
0
0
0
0
0
0
0
0
0
0
0
0
0
0
0
0
0
0
0
0
0
0
0
0
0
0
0
0
0
0
0
0
0
0
0
0
0
0
0
0
0
0
0
0
0
0
0
0
0
0
0
0
0
0
0
0
0
0
0
0
0
0
0
0
0
0
0
0
0
0
0
0
0
0
0
0
0
0
0
0
0
0
0
0
0
0
0
0
0
0
0
0
0
0
0
0
0
0
0
0
0
0
0
0
0
0
0
0
0
0
0
0
0
0
0
0
0
0
0
0
0
0
0
0
0
0
0
0
0
0
0
0
0
0
0
0
0
0
0
0
0
0
0
0
0
0
0
0
0
0
0
0
0
0
0
0
0
0
0
0
0
0
0
0
0
0
0
0
0
0
0
0
0
0
0
0
0
0
0
0
0
0
0
0
0
0
0
0
0
0
0
0
0
0
0
0
0
0
0
0
0
0
0
0
0
0
0
0
0
0
0
0
0
0
0
0
0
0
0
0
0
0
0
0
0
0
0
0
0
0
0
0
0
0
0
0
0
0
0
0
0
0
0
0
0
0
0
0
0
0
0
0
0
0
0
0
0
0
0
0
0
0
0
0
0
0
0
0
0
0
0
0
0
0
0
0
0
0
0
0
0
0
0
0
0
0
0
0
0
0
0
0
0
0
0
0
0
0
0
0
0
0
0
0
0
0
0
0
0
0
0
0
0
0
0
0
0
0
0
0
0
0
0
0
0
0
0
0
0
0
0
0
0
0
0
0
0
0
0
0
0
0
0
0
0
0
0
0
0
0
0
0
0
0
0
0
0
0
0
0
0
0
0
0
0
0
0
0
0
0
0
0
0
0
0
0
0
0
0
0
0
0
0
0
0
0
0
0
0
0
0
0
0
0
0
0
0
0
0
0
0
0
0
0
0
0
0
0
0
0
0
0
0
0
0
0
0
0
0
0
0
0
0
0
0
0
0
0
0
0
0
0
0
0
0
0
0
0
0
0
0
0
0
0
0
0
0
0
0
0
0
0
0
0
0
0
0
0
0
0
0
0
0
0
0
0
0
0
0
0
0
0
0
0
0
0
0
0
0
0
0
0
0
0
0
0
0
0
0
0
0
0
0
0
0
0
0
0
0
0
0
0
0
0
0
0
0
0
0
0
0
0
0
0
0
0
0
0
0
0
0
0
0
0
0
0
0
0
0
0
0
0
0
0
0
0
0
0
0
0
0
0
0
0
0
0
0
0
0
0
0
0
0
0
0
0
0
0
0
0
0
0
0
0
0
0
0
0
0
0
0
0
0
0
0
0
0
0
0
0
0
0
0
0
0
0
0
0
0
0
0
0
0
0
0
0
0
0
0
0
0
0
0
0
0
0
0
0
0
0
0
0
0
0
0
0
0
0
0
0
0
0
0
0
0
0
0
0
0
0
0
0
0
0
0
0
0
0
0
0
0
0
0
0
0
0
0
0
0
0
0
0
0
0
0
0
0
0
0
0
0
0
0
0
0
0
0
0
0
0
0
0
0
0
0
0
0
0
0
0
0
0
0
0
0
0
0
0
0
0
0
0
0
0
0
0
0
0
0
0
0
0
0
0
0
0
0
0
0
0
0
0
0
0
0
0
0
0
0
0
0
0
0
0
0
0
0
0
0
0
0
0
0
0
0
0
0
0
0
0
0
0
0
0
0
0
0
0
0
0
0
0
0
0
0
0
0
0
0
0
0
0
0
0
0
0
0
0
0
0
0
0
0
0
0
0
0
0
0
0
0
0
0
0
0
0
0
0
0
0
0
0
0
0
0
0
0
0
0
0
0
0
0
0
0
0
0
0
0
0
0
0
0
0
0
0
0
0
0
0
0
0
0
0
0
0
0
0
0
0
0
0
0
0
0
0
0
0
0
0
0
0
0
0
0
0
0
0
0
0
0
0
0
0
0
0
0
0
0
0
0
0
0
0
0
0
0
0
0
0
0
0
0
0
0
0
0
0
0
0
0
0
0
0
0
0
0
0
0
0
0
0
0
0
0
0
0
0
0
0
0
0
0
0
0
0
0
0
0
0
0
0
0
0
0
0
0
0
0
0
0
0
0
0
0
0
0
0
0
0
0
0
0
0
0
0
0
0
0
0
0
0
0
0
0
0
0
0
0
0
0
0
0
0
0
0
0
0
0
0
0
0
0
0
0
0
0
0
0
0
0
0
0
0
0
0
0
0
0
0
0
0
0
0
0
0
0
0
0
0
0
0
0
0
0
0
0
0
0
0
0
0
0
0
0
0
0
0
0
0
0
0
0
0
0
0
0
0
0
0
0
0
0
0
0
0
0
0
0
0
0
0
0
0
0
0
0
0
0
0
0
0
0
0
0
0
0
0
0
0
0
0
0
0
0
0
0
0
0
0
0
0
0
0
0
0
0
0
0
0
0
0
0
0
0
0
0
0
0
0
0
0
0
0
0
0
0
0
0
0
0
0
0
0
0
0
0
0
0
0
0
0
0
0
0
0
0
0
0
0
0
0
0
0
0
0
0
0
0
0
0
0
0
0
0
0
0
0
0
0
0
0
0
0
0
0
0
0
0
0
0
0
0
0
0
0
0
0
0
0
0
0
0
0
0
0
0
0
0
0
0
0
0
0
0
0
0
0
0
0
0
0
0
0
0
0
0
0
0
0
0
0
0
0
0
0
0
0
0
0
0
0
0
0
0
0
0
0
0
0
0
0
0
0
0
0
0
0
0
0
0
0
0
0
0
0
0
0
0
0
0
0
0
0
0
0
0
0
0
0
0
0
0
0
0
0
0
0
0
0
0
0
0
0
0
0
0
0
0
0
0
0
0
0
0
0
0
0
0
0
0
0
0
0
0
0
0
0
0
0
0
0
0
0
0
0
0
0
0
0
0
0
0
0
0
0
0
0
0
0
0
0
0
0
0
0
0
0
0
0
0
0
0
0
0
0
0
0
0
0
0
0
0
0
0
0
0
0
0
0
0
0
0
0
0
0
0
0
0
0
0
0
0
0
0
0
0
0
0
0
0
0
0
0
0
0
0
0
0
0
0
0
0
0
0
0
0
0
0
0
0
0
0
0
0
0
0
0
0
0
0
0
0
0
0
0
0
0
0
0
0
0
0
0
0
0
0
0
0
0
0
0
0
0
0
0
0
0
0
0
0
0
0
0
0
0
0
0
0
0
0
0
0
0
0
0
0
0
0
0
0
0
0
0
0
0
0
0
0
0
0
0
0
0
0
0
0
0
0
0
0
0
0
0
0
0
0
0
0
0
0
0
0
0
0
0
0
0
0
0
0
0
0
0
0
0
0
0
0
0
0
0
0
0
0
0
0
0
0
0
0
0
0
0
0
0
0
0
0
0
0
0
0
0
0
0
0
0
0
0
0
0
0
0
0
0
0
0
0
0
0
0
0
0
0
0
0
0
0
0
0
0
0
0
0
0
0
0
0
0
0
0
0
0
0
0
0
0
0
0
0
0
0
0
0
0
0
0
0
0
0
0
0
0
0
0
0
0
0
0
0
0
0
0
0
0
0
0
0
0
0
0
0
0
0
0
0
0
0
0
0
0
0
0
0
0
0
0
0
0
0
0
0
0
0
0
0
0
0
0
0
0
0
0
0
0
0
0
0
0
0
0
0
0
0
0
0
0
0
0
0
0
0
0
0
0
0
0
0
0
0
0
0
0
0
0
0
0
0
0
0
0
0
0
0
0
0
0
0
0
0
0
0
0
0
0
0
0
0
0
0
0
0
0
0
0
0
0
0
0
0
0
0
0
0
0
0
0
0
0
0
0
0
0
0
0
0
0
0
0
0
0
0
0
0
0
0
0
0
0
0
0
0
0
0
0
0
0
0
0
0
0
0
0
0
0
0
0
0
0
0
0
0
0
0
0
0
0
0
0
0
0
0
0
0
0
0
0
0
0
0
0
0
0
0
0
0
0
0
0
0
0
0
0
0
0
0
0
0
0
0
0
0
0
0
0
0
0
0
0
0
0
0
0
0
0
0
0
0
0
0
0
0
0
0
0
0
0
0
0
0
0
0
0
0
0
0
0
0
0
0
0
0
0
0
0
0
0
0
0
0
0
0
0
0
0
0
0
0
0
0
0
0
0
0
0
0
0
0
0
0
0
0
0
0
0
0
0
0
0
0
0
0
0
0
0
0
0
0
0
0
0
0
0
0
0
0
0
0
0
0
0
0
0
0
0
0
0
0
0
0
0
0
0
0
0
0
0
0
0
0
0
0
0
0
0
0
0
0
0
0
0
0
0
0
0
0
0
0
0
0
0
0
0
0
0
0
0
0
0
0
0
0
0
0
0
0
0
0
0
0
0
0
0
0
0
0
0
0
0
0
0
0
0
0
0
0
0
0
0
0
0
0
0
0
0
0
0
0
0
0
0
0
0
0
0
0
0
0
0
0
0
0
0
0
0
0
0
0
0
0
0
0
0
0
0
0
0
0
0
0
0
0
0
0
0
0
0
0
0
0
0
0
0
0
0
0
0
0
0
0
0
0
0
0
0
0
0
0
0
0
0
0
0
0
0
0
0
0
0
0
0
0
0
0
0
0
0
0
0
0
0
0
0
0
0
0
0
0
0
0
0
0
0
0
0
0
0
0
0
0
0
0
0
0
0
0
0
0
0
0
0
0
0
0
0
0
0
0
0
0
0
0
0
0
0
0
0
0
0
0
0
0
0
0
0
0
0
0
0
0
0
0
0
0
0
0
0
0
0
0
0
0
0
0
0
0
0
0
0
0
0
0
0
0
0
0
0
0
0
0
0
0
0
0
0
0
0
0
0
0
0
0
0
0
0
0
0
0
0
0
0
0
0
0
0
0
0
0
0
0
0
0
0
0
0
0
0
0
0
0
0
0
0
0
0
0
0
0
0
0
0
0
0
0
0
0
0
0
0
0
0
0
0
0
0
0
0
0
0
0
0
0
0
0
0
0
0
0
0
0
0
0
0
0
0
0
0
0
0
0
0
0
0
0
0
0
0
0
0
0
0
0
0
0
0
0
0
0
0
0
0
0
0
0
0
0
0
0
0
0
0
0
0
0
0
0
0
0
0
0
0
0
0
0
0
0
0
0
0
0
0
0
0
0
0
0
0
0
0
0
0
0
0
0
0
0
0
0
0
0
0
0
0
0
0
0
0
0
0
0
0
0
0
0
0
0
0
0
0
0
0
0
0
0
0
0
0
0
0
0
0
0
0
0
0
0
0
0
0
0
0
0
0
0
0
0
0
0
0
0
0
0
0
0
0
0
0
0
0
0
0
0
0
0
0
0
0
0
0
0
0
0
0
0
0
0
0
0
0
0
0
0
0
0
0
0
0
0
0
0
0
0
0
0
0
0
0
0
0
0
0
0
0
0
0
0
0
0
0
0
0
0
0
0
0
0
0
0
0
0
0
0
0
0
0
0
0
0
0
0
0
0
0
0
0
0
0
0
0
0
0
0
0
0
0
0
0
0
0
0
0
0
0
0
0
0
0
0
0
0
0
0
0
0
0
0
0
0
0
0
0
0
0
0
0
0
0
0
0
0
0
0
0
0
0
0
0
0
0
0
0
0
0
0
0
0
0
0
0
0
0
0
0
0
0
0
0
0
0
0
0
0
0
0
0
0
0
0
0
0
0
0
0
0
0
0
0
0
0
0
0
0
0
0
0
0
0
0
0
0
0
0
0
0
0
0
0
0
0
0
0
0
0
0
0
0
0
0
0
0
0
0
0
0
0
0
0
0
0
0
0
0
0
0
0
0
0
0
0
0
0
0
0
0
0
0
0
0
0
0
0
0
0
0
0
0
0
0
0
0
0
0
0
0
0
0
0
0
0
0
0
0
0
0
0
0
0
0
0
0
0
0
0
0
0
0
0
0
0
0
0
0
0
0
0
0
0
0
0
0
0
0
0
0
0
0
0
0
0
0
0
0
0
0
0
0
0
0
0
0
0
0
0
0
0
0
0
0
0
0
0
0
0
0
0
0
0
0
0
0
0
0
0
0
0
0
0
0
0
0
0
0
0
0
0
0
0
0
0
0
0
0
0
0
0
0
0
0
0
0
0
0
0
0
0
0
0
0
0
0
0
0
0
0
0
0
0
0
0
0
0
0
0
0
0
0
0
0
0
0
0
0
0
0
0
0
0
0
0
0
0
0
0
0
0
0
0
0
0
0
0
0
0
0
0
0
0
0
0
0
0
0
0
0
0
0
0
0
0
0
0
0
0
0
0
0
0
0
0
0
0
0
0
0
0
0
0
0
0
0
0
0
0
0
0
0
0
0
0
0
0
0
0
0
0
0
0
0
0
0
0
0
0
0
0
0
0
0
0
0
0
0
0
0
0
0
0
0
0
0
0
0
0
0
0
0
0
0
0
0
0
0
0
0
0
0
0
0
0
0
0
0
0
0
0
0
0
0
0
0
0
0
0
0
0
0
0
0
0
0
0
0
0
0
0
0
0
0
0
0
0
0
0
0
0
0
0
0
0
0
0
0
0
0
0
0
0
0
0
0
0
0
0
0
0
0
0
0
0
0
0
0
0
0
0
0
0
0
0
0
0
0
0
0
0
0
0
0
0
0
0
0
0
0
0
0
0
0
0
0
0
0
0
0
0
0
0
0
0
0
0
0
0
0
0
0
0
0
0
0
0
0
0
0
0
0
0
0
0
0
0
0
0
0
0
0
0
0
0
0
0
0
0
0
0
0
0
0
0
0
0
0
0
0
0
0
0
0
0
0
0
0
0
0
0
0
0
0
0
0
0
0
0
0
0
0
0
0
0
0
0
0
0
0
0
0
0
0
0
0
0
0
0
0
0
0
0
0
0
0
0
0
0
0
0
0
0
0
0
0
0
0
0
0
0
0
0
0
0
0
0
0
0
0
0
0
0
0
0
0
0
0
0
0
0
0
0
0
0
0
0
0
0
0
0
0
0
0
0
0
0
0
0
0
0
0
0
0
0
0
0
0
0
0
0
0
0
0
0
0
0
0
0
0
0
0
0
0
0
0
0
0
0
0
0
0
0
0
0
0
0
0
0
0
0
0
0
0
0
0
0
0
0
0
0
0
0
0
0
0
0
0
0
0
0
0
0
0
0
0
0
0
0
0
0
0
0
0
0
0
0
0
0
0
0
0
0
0
0
0
0
0
0
0
0
0
0
0
0
0
0
0
0
0
0
0
0
0
0
0
0
0
0
0
0
0
0
0
0
0
0
0
0
0
0
0
0
0
0
0
0
0
0
0
0
0
0
0
0
0
0
0
0
0
0
0
0
0
0
0
0
0
0
0
0
0
0
0
0
0
0
0
0
0
0
0
0
0
0
0
0
0
0
0
0
0
0
0
0
0
0
0
0
0
0
0
0
0
0
0
0
0
0
0
0
0
0
0
0
0
0
0
0
0
0
0
0
0
0
0
0
0
0
0
0
0
0
0
0
0
0
0
0
0
0
0
0
0
0
0
0
0
0
0
0
0
0
0
0
0
0
0
0
0
0
0
0
0
0
0
0
0
0
0
0
0
0
0
0
0
0
0
0
0
0
0
0
0
0
0
0
0
0
0
0
0
0
0
0
0
0
0
0
0
0
0
0
0
0
0
0
0
0
0
0
0
0
0
0
0
0
0
0
0
0
0
0
0
0
0
0
0
0
0
0
0
0
0
0
0
0
0
0
0
0
0
0
0
0
0
0
0
0
0
0
0
0
0
0
0
0
0
0
0
0
0
0
0
0
0
0
0
0
0
0
0
0
0
0
0
0
0
0
0
0
0
0
0
0
0
0
0
0
0
0
0
0
0
0
0
0
0
0
0
0
0
0
0
0
0
0
0
0
0
0
0
0
0
0
0
0
0
0
0
0
0
0
0
0
0
0
0
0
0
0
0
0
0
0
0
0
0
0
0
0
0
0
0
0
0
0
0
0
0
0
0
0
0
0
0
0
0
0
0
0
0
0
0
0
0
0
0
0
0
0
0
0
0
0
0
0
0
0
0
0
0
0
0
0
0
0
0
0
0
)
;

boundaryField
{
    side1
    {
        type            calculated;
        value           uniform 0;
    }
    side2
    {
        type            calculated;
        value           uniform 0;
    }
    empty1
    {
        type            empty;
    }
    empty2
    {
        type            empty;
    }
}


// ************************************************************************* //
