/*--------------------------------*- C++ -*----------------------------------*\
| =========                 |                                                 |
| \\      /  F ield         | OpenFOAM: The Open Source CFD Toolbox           |
|  \\    /   O peration     | Version:  2312                                  |
|   \\  /    A nd           | Website:  www.openfoam.com                      |
|    \\/     M anipulation  |                                                 |
\*---------------------------------------------------------------------------*/
FoamFile
{
    version     2.0;
    format      ascii;
    arch        "LSB;label=32;scalar=64";
    class       volScalarField;
    location    "0.005";
    object      T;
}
// * * * * * * * * * * * * * * * * * * * * * * * * * * * * * * * * * * * * * //

dimensions      [0 0 0 1 0 0 0];

internalField   nonuniform List<scalar> 
8000
(
297.999998521
297.999998203
297.999997994
297.999997584
297.999997182
297.999996775
297.999996354
297.999996008
297.999995674
297.999995248
297.999994766
297.999994215
297.999993639
297.999993129
297.999992659
297.999992261
297.999991914
297.999991576
297.999991256
297.999990908
297.99999052
297.999990058
297.999989535
297.999988977
297.999988406
297.999987842
297.999987294
297.999986754
297.999986236
297.999985738
297.999985251
297.999984765
297.999984294
297.999983837
297.999983378
297.999982893
297.999982371
297.999981848
297.999981306
297.999980744
297.999980208
297.999979692
297.999979191
297.999978695
297.99997821
297.999977735
297.999977265
297.999976818
297.999976409
297.999976021
297.999975633
297.999975255
297.999974852
297.999974425
297.999973997
297.999973555
297.999973101
297.99997265
297.999972176
297.999971688
297.999971219
297.999970757
297.99997028
297.999969809
297.999969334
297.999968868
297.999968408
297.99996793
297.99996748
297.999967031
297.999966576
297.999966142
297.999965703
297.999965242
297.999964777
297.999964311
297.999963839
297.999963364
297.999962888
297.999962422
297.999961959
297.999961503
297.999961055
297.999960609
297.999960166
297.999959747
297.999959331
297.9999589
297.999958475
297.999958062
297.999957673
297.999957279
297.999956888
297.999956487
297.999956055
297.999955633
297.999955188
297.999954732
297.99995431
297.999953896
297.9999535
297.999953107
297.999952704
297.999952295
297.999951852
297.999951413
297.99995095
297.999950523
297.999950134
297.999949757
297.999949388
297.999949016
297.999948627
297.999948243
297.999947844
297.999947457
297.999947075
297.999946689
297.99994631
297.999945916
297.999945514
297.99994512
297.999944728
297.999944348
297.999943966
297.999943576
297.999943198
297.999942819
297.999942447
297.999942092
297.999941734
297.999941366
297.999940995
297.999940607
297.999940208
297.999939813
297.999939418
297.999939026
297.999938654
297.999938294
297.99993795
297.99993762
297.999937278
297.999936911
297.999936535
297.999936128
297.99993571
297.999935304
297.999934905
297.999934515
297.999934126
297.999933732
297.999933354
297.999932981
297.999932655
297.999932349
297.999932042
297.99993172
297.999931389
297.999931037
297.999930682
297.999930332
297.999929988
297.999929657
297.99992933
297.999929004
297.999928683
297.999928362
297.999928044
297.999927726
297.999927408
297.999927084
297.999926749
297.999926411
297.999926071
297.999925731
297.999925399
297.999925058
297.999924719
297.999924385
297.999924045
297.999923708
297.999923376
297.999923051
297.999922735
297.999922414
297.999922087
297.99992176
297.999921425
297.999921092
297.999920772
297.999920462
297.999920167
297.999919889
297.999919622
297.999919356
297.999919092
297.999918825
297.999918556
297.999918285
297.999918006
297.999917732
297.999917452
297.999917161
297.999916868
297.999916566
297.99991626
297.999915951
297.999915635
297.999915326
297.999915019
297.999914724
297.999914442
297.999914172
297.999913912
297.999913655
297.9999134
297.999913142
297.999912892
297.999912648
297.999912422
297.999912208
297.999911993
297.999911769
297.99991153
297.999911275
297.999911009
297.999910739
297.99991047
297.999910204
297.99990994
297.999909678
297.999909415
297.999909151
297.999908885
297.99990862
297.999908355
297.999908098
297.999907844
297.999907592
297.999907348
297.999907113
297.999906893
297.999906684
297.999906478
297.999906274
297.99990607
297.999905868
297.999905665
297.999905464
297.999905266
297.999905068
297.999904873
297.999904689
297.999904515
297.999904354
297.999904195
297.999904033
297.999903862
297.999903679
297.999903492
297.999903314
297.999903143
297.999902985
297.999902833
297.999902683
297.999902534
297.999902383
297.999902235
297.999902089
297.999901943
297.999901798
297.99990165
297.999901498
297.99990134
297.99990118
297.999901018
297.999900865
297.999900731
297.999900611
297.999900499
297.99990039
297.999900282
297.999900174
297.999900067
297.999899957
297.999899844
297.999899725
297.999899599
297.999899468
297.999899334
297.999899203
297.999899075
297.999898958
297.999898853
297.999898756
297.999898663
297.999898573
297.999898487
297.999898403
297.99989832
297.999898238
297.999898157
297.999898082
297.99989801
297.999897943
297.999897877
297.999897811
297.999897744
297.999897676
297.999897609
297.999897544
297.999897479
297.999897413
297.999897342
297.99989727
297.999897201
297.999897136
297.999897076
297.999897026
297.999896985
297.999896948
297.999896912
297.999896873
297.99989683
297.999896783
297.999896733
297.999896684
297.999896644
297.999896608
297.999896578
297.999896553
297.999896532
297.999896511
297.999896489
297.999896466
297.999896442
297.999896421
297.999896401
297.999896382
297.999896363
297.999896345
297.999896327
297.999896315
297.999896304
297.999896298
297.999896293
297.999896287
297.999896286
297.999896284
297.999896291
297.999896308
297.999896335
297.999896365
297.999896398
297.999896428
297.999896455
297.999896477
297.999896497
297.999896518
297.999896543
297.99989657
297.999896604
297.999896639
297.999896678
297.999896714
297.999896749
297.999896783
297.999896821
297.999896863
297.999896907
297.999896951
297.999896996
297.999897043
297.999897092
297.999897146
297.999897203
297.999897264
297.999897329
297.999897395
297.999897464
297.999897534
297.999897603
297.999897669
297.999897733
297.999897798
297.999897863
297.999897929
297.999898
297.999898076
297.999898156
297.999898241
297.999898328
297.999898417
297.999898503
297.99989859
297.999898679
297.999898769
297.999898859
297.999898952
297.999899047
297.99989915
297.999899258
297.999899371
297.999899488
297.999899609
297.999899729
297.999899851
297.999899974
297.999900096
297.999900222
297.99990035
297.999900481
297.999900616
297.999900754
297.999900894
297.999901033
297.999901173
297.999901315
297.999901458
297.999901608
297.999901763
297.999901922
297.99990208
297.999902238
297.999902394
297.999902549
297.999902707
297.999902864
297.999903021
297.999903183
297.99990335
297.999903519
297.99990369
297.999903861
297.999904034
297.999904207
297.999904382
297.999904556
297.99990473
297.999904907
297.999905086
297.999905268
297.999905449
297.999905634
297.999905818
297.999906001
297.999906182
297.999906359
297.999906532
297.999906703
297.999906876
297.999907052
297.999907231
297.999907419
297.999907615
297.999907813
297.999908009
297.999908205
297.999908403
297.9999086
297.9999088
297.999909005
297.999909212
297.999909423
297.999909635
297.999909856
297.999910088
297.999910318
297.999910556
297.999910793
297.99991102
297.999911248
297.999911476
297.999911714
297.99991195
297.99991218
297.999912413
297.999912649
297.999912889
297.999913133
297.999913373
297.999913612
297.999913846
297.999914077
297.99991431
297.999914551
297.999914794
297.999915047
297.999915289
297.999915514
297.999915737
297.999915963
297.999916193
297.999916421
297.999916655
297.999916896
297.999917147
297.999917408
297.999917656
297.999917889
297.999918116
297.999918341
297.999918561
297.999918778
297.999919
297.999919228
297.999919459
297.999919692
297.999919917
297.999920144
297.999920375
297.999920612
297.999920849
297.999921109
297.999921375
297.99992161
297.999921846
297.999922082
297.999922316
297.999922549
297.99992277
297.999922997
297.999923232
297.999923469
297.999923711
297.999923942
297.999924176
297.999924418
297.99992466
297.999924909
297.999925147
297.99992539
297.999925642
297.999925892
297.999926151
297.999926389
297.999926635
297.999926896
297.999927156
297.999927417
297.999927675
297.999927943
297.999928227
297.999928518
297.999928809
297.99992909
297.999929376
297.999929648
297.999929913
297.999930195
297.999930471
297.999930739
297.999931033
297.999931325
297.999931604
297.999931892
297.99993218
297.999932457
297.999932724
297.999932975
297.999933233
297.999933501
297.999933771
297.999934036
297.999934289
297.999934553
297.999934823
297.9999351
297.999935383
297.999935646
297.9999359
297.99993616
297.99993642
297.999936683
297.999936982
297.999937267
297.99993755
297.999937845
297.999938152
297.99993845
297.999938734
297.999938997
297.999939253
297.999939544
297.999939838
297.999940132
297.999940439
297.999940768
297.999941103
297.999941427
297.999941761
297.999942063
297.999942348
297.999942644
297.999942963
297.999943275
297.99994358
297.999943884
297.99994416
297.999944436
297.999944722
297.999945016
297.999945309
297.999945565
297.999945817
297.999946075
297.999946364
297.999946668
297.99994699
297.999947284
297.999947573
297.999947881
297.999948221
297.999948594
297.999948926
297.999949239
297.999949517
297.999949792
297.999950068
297.999950361
297.999950669
297.99995094
297.999951211
297.999951482
297.999951765
297.999952046
297.999952339
297.999952649
297.999952971
297.999953295
297.999953626
297.99995396
297.999954249
297.99995451
297.999954768
297.999955055
297.999955359
297.999955644
297.999955906
297.999956174
297.999956465
297.999956753
297.999957025
297.999957252
297.999957478
297.999957723
297.999957984
297.999958262
297.999958557
297.999958886
297.999959222
297.999959561
297.999959869
297.999960165
297.99996046
297.999960746
297.999961045
297.999961362
297.999961689
297.999962026
297.999962361
297.999962675
297.999962947
297.999963212
297.999963485
297.999963787
297.999964095
297.999964407
297.999964708
297.999964993
297.999965282
297.999965564
297.999965842
297.999966125
297.999966399
297.999966657
297.999966924
297.999967201
297.999967487
297.999967775
297.999968067
297.999968355
297.999968641
297.999968912
297.999969155
297.999969402
297.999969657
297.999969911
297.999970178
297.999970454
297.99997074
297.999971032
297.999971323
297.999971603
297.999971884
297.99997216
297.999972421
297.999972679
297.99997294
297.999973173
297.999973396
297.999973613
297.999973827
297.999974056
297.999974291
297.999974521
297.999974777
297.999975018
297.99997526
297.999975522
297.999975789
297.999976054
297.999976316
297.999976572
297.999976837
297.999977101
297.999977365
297.999977648
297.999977917
297.999978178
297.999978422
297.99997866
297.999978912
297.999979152
297.999979388
297.999979616
297.999979825
297.999980046
297.999980287
297.99998052
297.99998076
297.999981021
297.999981315
297.999981621
297.999981917
297.999982191
297.99998243
297.999982665
297.999982885
297.999983087
297.999983289
297.999983485
297.999983678
297.999983876
297.999984092
297.999984313
297.99998454
297.999984789
297.999985032
297.999985276
297.999985519
297.999985748
297.999985976
297.999986198
297.999986403
297.999986605
297.999986786
297.999986946
297.999987106
297.999987263
297.999987409
297.999987566
297.999987742
297.999987931
297.999988131
297.99998834
297.999988565
297.999988777
297.99998897
297.999989162
297.999989356
297.999989543
297.999989733
297.99998993
297.999990123
297.999990319
297.999990518
297.999990697
297.999990876
297.999991071
297.999991288
297.999991514
297.999991718
297.999991902
297.99999205
297.999992166
297.999992296
297.999992451
297.999992593
297.999992751
297.999992939
297.999993154
297.999993368
297.999993578
297.999993747
297.99999389
297.999994031
297.999994151
297.999994265
297.999994391
297.999994538
297.999994669
297.999994814
297.999994984
297.999995171
297.999995352
297.99999553
297.999995701
297.999995842
297.999995974
297.999996111
297.999996268
297.999996419
297.999996543
297.999996658
297.999996799
297.999996968
297.999997138
297.999997312
297.999997479
297.999997639
297.999997803
297.999997973
297.99999815
297.999998325
297.999998497
297.999998675
297.999998844
297.999998993
297.999999148
297.99999931
297.999999465
297.999999601
297.999999746
297.999999915
298.000000099
298.000000262
298.000000383
298.000000493
298.000000563
298.000000625
298.000000723
298.000000846
298.000000969
298.000001101
298.000001202
298.000001292
298.000001388
298.000001497
298.000001591
298.000001686
298.000001783
298.000001883
298.000001983
298.000002063
298.000002146
298.000002242
298.000002317
298.000002395
298.000002479
298.000002572
298.000002632
298.000002692
298.000002759
298.000002829
298.000002907
298.000002994
298.00000305
298.000003102
298.000003162
298.000003211
298.000003244
298.000003303
298.00000337
298.000003439
298.000003502
298.000003536
298.000003576
298.000003617
298.000003636
298.000003658
298.000003692
298.000003713
298.000003715
298.000003748
298.000003794
298.000003818
298.000003845
298.000003889
298.000003921
298.000003934
298.000003983
298.000004045
298.000004086
298.000004127
298.000004165
298.000004164
298.000004149
298.000004156
298.000004169
298.000004161
298.000004166
298.000004165
298.00000415
298.000004151
298.00000416
298.000004151
298.000004135
298.000004128
298.000004116
298.000004102
298.000004088
298.000004059
298.000004028
298.000004008
298.000003978
298.000003936
298.000003894
298.000003835
298.000003778
298.000003738
298.000003694
298.00000366
298.00000363
298.000003594
298.000003556
298.000003514
298.000003468
298.00000342
298.00000337
298.00000331
298.000003256
298.000003205
298.00000315
298.000003097
298.00000303
298.00000294
298.000002845
298.000002733
298.000002612
298.000002525
298.00000244
298.000002337
298.000002252
298.000002196
298.000002142
298.000002083
298.000002029
298.000001972
298.000001904
298.000001832
298.000001757
298.000001681
298.000001618
298.000001556
298.000001494
298.000001443
298.000001394
298.000001331
298.000001256
298.000001172
298.000001074
298.000000968
298.000000854
298.000000758
298.000000671
298.000000578
298.000000475
298.000000368
298.000000252
298.000000125
297.99999999
297.999999849
297.999999712
297.999999582
297.999999448
297.999999314
297.999999194
297.999999073
297.999998937
297.999998801
297.999998667
297.99999853
297.999998395
297.999998256
297.999998109
297.99999796
297.999997803
297.999997647
297.999997493
297.999997336
297.999997178
297.99999702
297.999996866
297.999996713
297.999996555
297.999996388
297.999996219
297.999996036
297.999995841
297.999995645
297.999995435
297.999995226
297.999995033
297.99999485
297.999994672
297.999994495
297.999994313
297.999994131
297.999993951
297.999993775
297.9999936
297.999993423
297.999993242
297.999993057
297.999992866
297.999992665
297.999992457
297.999992244
297.999992037
297.999991839
297.999991645
297.999991451
297.999991257
297.999991058
297.999990852
297.999990637
297.999990415
297.999990182
297.999989938
297.999989688
297.999989435
297.999989179
297.999988921
297.999988665
297.999988407
297.999988153
297.999987907
297.999987665
297.999987422
297.999987175
297.999986927
297.999986675
297.999986414
297.999986145
297.999985875
297.999985604
297.999985335
297.999985069
297.999984807
297.999984545
297.999984286
297.999984028
297.99998377
297.999983513
297.999983259
297.999983007
297.999982755
297.999982501
297.999982244
297.999981987
297.999981727
297.999981464
297.999981197
297.999980925
297.999980645
297.999980359
297.999980065
297.999979764
297.999979454
297.999979138
297.999978817
297.999978493
297.999978167
297.999977846
297.999977531
297.999977222
297.999976918
297.999976614
297.999976309
297.999976002
297.999975691
297.999975376
297.999975058
297.999974739
297.999974417
297.999974092
297.999973763
297.999973429
297.999973089
297.999972745
297.999972402
297.999972063
297.999971731
297.999971402
297.999971071
297.999970738
297.999970402
297.999970061
297.999969716
297.999969369
297.999969021
297.99996867
297.999968317
297.99996796
297.999967598
297.999967232
297.99996686
297.999966483
297.999966102
297.999965719
297.999965335
297.99996495
297.999964566
297.999964182
297.9999638
297.999963418
297.999963034
297.999962651
297.999962267
297.999961882
297.999961496
297.999961107
297.999960716
297.999960325
297.999959935
297.999959548
297.999959163
297.999958779
297.999958395
297.999958009
297.999957622
297.999957232
297.999956839
297.999956444
297.999956047
297.999955646
297.99995524
297.999954829
297.999954411
297.999953985
297.999953553
297.999953115
297.999952672
297.999952226
297.999951781
297.99995134
297.999950901
297.999950461
297.999950019
297.999949573
297.999949122
297.999948669
297.999948215
297.999947765
297.99994732
297.999946881
297.999946447
297.999946017
297.999945586
297.999945154
297.999944717
297.999944274
297.999943823
297.999943363
297.999942897
297.999942425
297.99994195
297.999941475
297.999941005
297.999940541
297.999940087
297.999939639
297.999939198
297.99993876
297.999938322
297.999937882
297.999937437
297.999936987
297.999936531
297.999936071
297.999935607
297.999935142
297.999934673
297.999934203
297.999933731
297.999933256
297.99993278
297.999932304
297.999931827
297.999931352
297.999930878
297.999930403
297.999929925
297.999929442
297.999928953
297.999928456
297.999927954
297.999927449
297.99992694
297.999926431
297.999925923
297.999925414
297.999924903
297.999924391
297.999923878
297.999923364
297.99992285
297.999922338
297.999921827
297.999921321
297.999920819
297.999920322
297.999919829
297.999919338
297.99991885
297.999918366
297.999917883
297.999917398
297.999916909
297.999916415
297.999915911
297.999915398
297.999914878
297.999914351
297.999913821
297.999913289
297.999912763
297.999912241
297.99991172
297.999911199
297.999910679
297.999910158
297.999909633
297.999909106
297.999908574
297.999908035
297.999907494
297.999906952
297.999906412
297.999905872
297.999905331
297.999904789
297.999904245
297.999903701
297.999903159
297.999902618
297.999902077
297.999901534
297.999900991
297.999900448
297.999899903
297.99989936
297.99989882
297.999898281
297.999897745
297.999897209
297.999896675
297.999896141
297.999895602
297.999895061
297.999894515
297.999893962
297.999893407
297.999892845
297.999892279
297.999891712
297.999891139
297.99989057
297.999889998
297.999889432
297.999888871
297.999888307
297.99988774
297.999887176
297.999886612
297.999886052
297.999885494
297.999884929
297.999884366
297.999883808
297.999883246
297.999882689
297.999882133
297.999881583
297.999881037
297.999880488
297.999879945
297.999879404
297.999878867
297.999878327
297.999877783
297.999877239
297.999876685
297.999876129
297.999875566
297.999875001
297.999874436
297.999873869
297.999873304
297.999872745
297.999872183
297.999871636
297.999871095
297.99987055
297.999869996
297.999869431
297.999868862
297.999868276
297.99986768
297.999867091
297.999866508
297.999865929
297.999865351
297.999864779
297.999864208
297.999863637
297.999863065
297.999862485
297.999861907
297.999861335
297.999860763
297.999860201
297.999859648
297.9998591
297.999858542
297.999857976
297.999857417
297.999856865
297.999856332
297.999855809
297.999855289
297.999854774
297.999854251
297.999853723
297.999853185
297.999852628
297.999852075
297.999851494
297.9998509
297.999850324
297.999849747
297.999849173
297.999848598
297.999848037
297.999847489
297.999846933
297.999846376
297.999845833
297.999845287
297.999844737
297.999844183
297.999843628
297.999843076
297.999842515
297.999841955
297.999841397
297.999840844
297.999840294
297.999839742
297.999839188
297.999838633
297.999838079
297.99983752
297.999836949
297.999836379
297.999835806
297.999835235
297.999834666
297.999834091
297.999833515
297.999832958
297.999832405
297.999831847
297.999831291
297.999830741
297.999830192
297.999829644
297.999829089
297.999828532
297.999827962
297.999827392
297.999826822
297.999826256
297.999825697
297.999825138
297.999824596
297.999824053
297.999823508
297.999822969
297.999822424
297.999821887
297.999821339
297.999820796
297.999820251
297.999819707
297.999819183
297.999818648
297.999818114
297.99981759
297.999817054
297.999816532
297.999815998
297.999815453
297.999814924
297.999814365
297.999813803
297.999813247
297.999812705
297.999812186
297.999811654
297.999811086
297.999810535
297.999809945
297.999809323
297.999808701
297.999808091
297.999807506
297.999806912
297.999806348
297.999805806
297.999805225
297.999804661
297.999804122
297.999803573
297.999803036
297.999802501
297.999801948
297.999801383
297.99980084
297.999800274
297.999799732
297.999799232
297.999798685
297.999798152
297.99979765
297.999797092
297.999796546
297.999796023
297.999795473
297.999794941
297.999794403
297.999793843
297.999793308
297.999792758
297.999792223
297.999791684
297.999791153
297.999790619
297.999790036
297.999789473
297.999788934
297.999788401
297.999787884
297.999787343
297.999786802
297.999786288
297.999785769
297.999785256
297.999784726
297.99978421
297.999783701
297.999783199
297.999782709
297.999782236
297.999781734
297.999781206
297.999780688
297.999780179
297.999779666
297.999779175
297.999778707
297.999778234
297.999777732
297.99977722
297.999776731
297.999776263
297.999775777
297.999775285
297.999774776
297.999774229
297.999773717
297.999773187
297.999772662
297.999772158
297.999771649
297.999771131
297.999770596
297.999770039
297.999769494
297.999768981
297.999768477
297.999767969
297.999767438
297.999766928
297.999766417
297.999765906
297.999765409
297.999764906
297.999764397
297.999763853
297.999763333
297.999762828
297.999762291
297.999761747
297.999761217
297.999760721
297.999760208
297.999759682
297.999759177
297.999758681
297.999758175
297.999757681
297.999757214
297.999756772
297.999756319
297.999755845
297.999755381
297.999754924
297.999754417
297.999753916
297.999753414
297.999752893
297.999752403
297.999751937
297.999751455
297.999750957
297.999750472
297.999750008
297.999749565
297.999749096
297.999748616
297.99974815
297.999747694
297.999747252
297.999746778
297.999746282
297.999745803
297.999745343
297.9997449
297.999744425
297.99974396
297.999743502
297.999743053
297.999742619
297.999742199
297.999741738
297.999741267
297.999740807
297.999740345
297.999739896
297.999739457
297.999739023
297.999738602
297.999738172
297.999737737
297.999737299
297.999736827
297.999736386
297.999735961
297.999735534
297.999735105
297.999734674
297.999734212
297.999733747
297.999733275
297.999732827
297.999732402
297.999731981
297.999731572
297.99973116
297.999730749
297.999730325
297.999729886
297.999729441
297.999728957
297.999728486
297.999728027
297.999727539
297.99972705
297.99972659
297.999726162
297.999725742
297.999725323
297.999724907
297.999724491
297.99972409
297.999723704
297.999723332
297.999722957
297.999722598
297.999722233
297.999721848
297.99972146
297.999721078
297.999720689
297.999720288
297.999719866
297.999719447
297.99971903
297.999718632
297.999718206
297.999717779
297.99971736
297.999716952
297.999716553
297.999716156
297.99971576
297.999715362
297.99971497
297.999714584
297.999714197
297.999713813
297.999713441
297.999713074
297.999712716
297.999712381
297.999712047
297.999711679
297.999711325
297.999710974
297.999710637
297.999710296
297.999709965
297.99970964
297.999709307
297.999708963
297.999708599
297.999708233
297.999707876
297.99970751
297.999707141
297.99970678
297.999706427
297.999706099
297.999705771
297.999705419
297.999705045
297.999704636
297.999704255
297.99970389
297.999703531
297.999703186
297.999702841
297.999702521
297.999702209
297.999701898
297.999701593
297.999701277
297.999700951
297.999700604
297.99970026
297.999699903
297.999699536
297.999699179
297.999698813
297.999698451
297.999698101
297.999697753
297.999697402
297.999697066
297.999696736
297.999696402
297.999696049
297.999695706
297.999695357
297.999695032
297.999694724
297.999694417
297.999694112
297.999693814
297.999693512
297.999693212
297.999692901
297.999692582
297.999692258
297.999691919
297.999691588
297.999691259
297.999690927
297.999690605
297.999690283
297.999689963
297.999689649
297.999689359
297.999689074
297.999688781
297.999688479
297.999688181
297.999687892
297.99968762
297.99968735
297.999687072
297.999686794
297.999686515
297.999686233
297.999685955
297.999685697
297.99968544
297.999685184
297.999684918
297.999684663
297.999684417
297.999684185
297.999683961
297.99968374
297.999683503
297.99968326
297.999683014
297.999682752
297.999682483
297.999682207
297.999681932
297.999681667
297.999681404
297.999681157
297.999680918
297.999680688
297.999680453
297.999680217
297.99967997
297.999679738
297.999679505
297.999679262
297.999679013
297.999678773
297.999678536
297.999678299
297.999678087
297.999677879
297.999677671
297.999677463
297.999677257
297.999677056
297.999676873
297.999676688
297.999676498
297.999676303
297.999676108
297.999675908
297.999675696
297.999675478
297.999675273
297.999675072
297.99967488
297.999674693
297.9996745
297.999674296
297.999674084
297.99967387
297.999673661
297.999673456
297.999673262
297.99967307
297.999672884
297.999672713
297.999672547
297.999672383
297.999672217
297.999672054
297.999671892
297.999671732
297.999671568
297.999671401
297.999671235
297.999671071
297.999670915
297.999670763
297.999670612
297.999670463
297.999670323
297.999670184
297.999670039
297.999669887
297.999669732
297.999669583
297.999669436
297.999669287
297.999669145
297.999669007
297.999668867
297.999668722
297.999668579
297.99966843
297.999668271
297.9996681
297.999667935
297.999667775
297.999667615
297.999667451
297.999667292
297.999667144
297.999667006
297.999666885
297.999666767
297.999666648
297.999666527
297.9996664
297.999666267
297.999666128
297.999665989
297.999665859
297.999665731
297.999665615
297.999665516
297.999665417
297.99966531
297.999665193
297.999665075
297.999664966
297.999664879
297.999664792
297.999664699
297.999664601
297.999664493
297.999664383
297.999664265
297.999664147
297.999664031
297.999663927
297.999663826
297.999663729
297.999663641
297.999663556
297.99966347
297.999663381
297.999663296
297.999663224
297.999663163
297.999663119
297.999663078
297.99966303
297.999662976
297.999662922
297.999662865
297.999662796
297.999662716
297.999662626
297.999662536
297.999662445
297.999662361
297.999662276
297.999662187
297.999662099
297.999662023
297.999661951
297.999661887
297.99966184
297.999661803
297.999661763
297.999661721
297.999661676
297.999661633
297.999661595
297.999661563
297.99966154
297.99966152
297.999661497
297.999661473
297.999661453
297.999661432
297.999661405
297.999661375
297.999661347
297.999661313
297.999661272
297.999661228
297.999661185
297.999661139
297.999661086
297.999661041
297.999661006
297.999660983
297.999660974
297.999660969
297.999660968
297.999660967
297.999660959
297.999660949
297.999660943
297.999660936
297.999660932
297.999660934
297.999660935
297.999660936
297.999660944
297.999660952
297.99966096
297.999660972
297.999660988
297.999661004
297.999661025
297.999661047
297.999661055
297.999661055
297.999661055
297.999661056
297.999661058
297.999661063
297.999661074
297.999661086
297.999661091
297.999661096
297.999661103
297.999661109
297.999661113
297.999661117
297.999661124
297.999661137
297.999661153
297.999661172
297.999661198
297.999661231
297.99966127
297.999661316
297.999661365
297.999661418
297.999661471
297.999661518
297.999661567
297.999661621
297.99966168
297.999661741
297.999661804
297.999661871
297.999661939
297.999662004
297.999662069
297.999662129
297.999662184
297.999662238
297.999662291
297.999662336
297.999662374
297.999662411
297.999662451
297.999662495
297.999662544
297.999662599
297.999662663
297.999662736
297.999662812
297.99966289
297.999662971
297.999663055
297.999663142
297.999663233
297.99966333
297.999663432
297.999663534
297.999663638
297.999663737
297.999663832
297.999663928
297.999664027
297.999664128
297.999664231
297.999664335
297.999664443
297.999664551
297.999664656
297.99966476
297.999664865
297.999664971
297.999665077
297.999665186
297.999665297
297.999665403
297.999665508
297.999665614
297.999665721
297.999665827
297.999665935
297.999666044
297.999666148
297.999666251
297.999666354
297.999666451
297.999666546
297.999666642
297.999666741
297.999666837
297.999666931
297.999667027
297.999667125
297.999667227
297.999667332
297.999667441
297.999667554
297.999667664
297.99966777
297.999667877
297.999667985
297.999668097
297.999668215
297.999668343
297.999668484
297.999668638
297.999668806
297.999668986
297.999669175
297.999669369
297.999669559
297.999669742
297.999669927
297.999670101
297.999670265
297.999670423
297.999670576
297.999670723
297.999670867
297.999671012
297.999671159
297.999671309
297.999671462
297.99967162
297.999671784
297.999671954
297.999672132
297.999672316
297.999672505
297.999672696
297.999672887
297.999673078
297.999673268
297.999673453
297.999673633
297.999673814
297.999673995
297.999674179
297.999674362
297.999674543
297.999674725
297.999674908
297.999675092
297.999675278
297.999675465
297.999675652
297.999675836
297.999676018
297.999676198
297.99967638
297.999676562
297.999676746
297.99967693
297.999677117
297.999677305
297.999677495
297.999677683
297.999677863
297.999678035
297.999678198
297.999678353
297.999678508
297.999678664
297.999678826
297.999678998
297.999679182
297.99967938
297.99967959
297.99967981
297.999680036
297.999680267
297.999680502
297.999680739
297.999680978
297.999681219
297.999681463
297.999681704
297.999681941
297.999682172
297.9996824
297.999682627
297.999682856
297.999683085
297.999683317
297.999683551
297.999683788
297.999684027
297.999684265
297.999684501
297.999684731
297.999684956
297.999685176
297.999685392
297.999685602
297.999685811
297.99968602
297.999686231
297.999686445
297.999686664
297.999686889
297.99968712
297.999687357
297.999687599
297.999687847
297.9996881
297.999688355
297.999688613
297.999688872
297.999689133
297.999689394
297.999689656
297.99968992
297.999690182
297.999690444
297.999690705
297.999690967
297.999691231
297.999691496
297.999691763
297.999692033
297.999692305
297.999692582
297.999692863
297.999693146
297.999693432
297.999693715
297.999693993
297.999694266
297.999694536
297.9996948
297.999695062
297.99969532
297.999695576
297.999695833
297.999696089
297.999696348
297.99969661
297.999696876
297.999697148
297.999697424
297.999697706
297.99969799
297.999698276
297.999698561
297.999698844
297.999699124
297.999699404
297.999699682
297.999699958
297.999700233
297.999700509
297.999700785
297.999701062
297.999701341
297.999701624
297.999701911
297.999702201
297.999702493
297.999702788
297.999703083
297.99970338
297.999703676
297.999703973
297.999704267
297.99970456
297.999704848
297.99970513
297.999705406
297.999705681
297.999705957
297.999706238
297.999706527
297.999706825
297.999707133
297.999707446
297.999707761
297.99970807
297.999708368
297.999708655
297.999708931
297.9997092
297.999709468
297.999709736
297.999710008
297.999710286
297.999710571
297.999710861
297.999711158
297.999711459
297.999711763
297.99971207
297.999712378
297.99971269
297.999713006
297.999713325
297.999713649
297.999713974
297.999714302
297.999714628
297.999714952
297.999715272
297.999715588
297.999715904
297.999716221
297.999716541
297.999716866
297.999717196
297.999717532
297.999717872
297.999718215
297.999718559
297.999718899
297.999719235
297.999719564
297.999719885
297.999720201
297.99972051
297.999720816
297.999721119
297.999721422
297.999721727
297.999722035
297.999722347
297.999722667
297.999722993
297.999723325
297.999723662
297.999724002
297.999724346
297.999724688
297.99972503
297.99972537
297.999725706
297.999726041
297.999726374
297.999726707
297.99972704
297.999727373
297.999727708
297.999728042
297.999728375
297.999728708
297.99972904
297.999729373
297.9997297
297.999730026
297.999730349
297.999730669
297.99973099
297.999731313
297.99973164
297.999731975
297.999732315
297.999732662
297.999733016
297.99973337
297.999733731
297.999734092
297.999734457
297.999734825
297.999735192
297.999735561
297.999735929
297.999736295
297.999736658
297.999737018
297.999737378
297.999737737
297.999738094
297.999738451
297.999738807
297.999739164
297.999739517
297.999739865
297.99974021
297.999740551
297.999740891
297.99974123
297.999741568
297.999741911
297.999742255
297.999742602
297.999742954
297.999743308
297.999743667
297.999744028
297.999744388
297.999744754
297.999745123
297.999745498
297.99974588
297.999746261
297.999746647
297.999747027
297.9997474
297.999747765
297.99974812
297.999748472
297.999748824
297.999749177
297.999749535
297.999749899
297.999750263
297.999750634
297.999751002
297.999751372
297.999751741
297.999752106
297.999752473
297.999752838
297.999753205
297.999753573
297.999753939
297.99975431
297.999754679
297.999755045
297.999755414
297.999755778
297.999756146
297.999756516
297.999756882
297.999757259
297.999757635
297.999758011
297.999758389
297.99975876
297.999759136
297.999759508
297.999759874
297.999760244
297.99976061
297.999760973
297.999761336
297.999761693
297.999762053
297.999762413
297.999762767
297.999763131
297.999763492
297.99976386
297.999764229
297.999764591
297.999764961
297.999765327
297.9997657
297.999766079
297.999766456
297.999766847
297.999767241
297.999767634
297.999768028
297.999768415
297.999768803
297.999769189
297.999769567
297.999769951
297.999770329
297.999770716
297.999771103
297.999771484
297.999771876
297.99977226
297.999772648
297.999773026
297.999773392
297.999773755
297.999774106
297.99977445
297.999774795
297.999775143
297.999775492
297.999775856
297.999776216
297.999776588
297.999776965
297.999777331
297.999777715
297.999778096
297.999778473
297.999778866
297.999779248
297.999779645
297.99978004
297.999780423
297.999780817
297.999781198
297.999781582
297.999781958
297.99978232
297.999782691
297.999783056
297.999783418
297.999783786
297.999784137
297.999784499
297.999784857
297.999785207
297.999785577
297.999785935
297.999786314
297.999786704
297.999787076
297.999787479
297.999787871
297.99978826
297.999788655
297.999789027
297.999789412
297.999789789
297.999790151
297.999790522
297.999790874
297.999791247
297.999791622
297.999791987
297.999792383
297.999792761
297.999793163
297.999793566
297.999793957
297.999794366
297.99979476
297.999795164
297.999795567
297.999795964
297.999796372
297.999796773
297.999797182
297.999797573
297.999797978
297.999798378
297.999798763
297.999799155
297.999799552
297.999799961
297.999800356
297.999800741
297.999801135
297.999801502
297.999801865
297.999802228
297.999802591
297.999802944
297.999803269
297.999803595
297.999803944
297.999804315
297.999804682
297.999805047
297.999805447
297.999805832
297.999806196
297.999806565
297.999806955
297.999807356
297.999807745
297.999808129
297.999808534
297.999808924
297.999809293
297.999809667
297.999810066
297.999810478
297.999810878
297.99981126
297.999811652
297.999812044
297.999812445
297.999812834
297.999813219
297.999813626
297.999814017
297.999814398
297.999814801
297.9998152
297.999815594
297.999815983
297.999816358
297.999816738
297.999817107
297.999817467
297.999817827
297.99981819
297.999818546
297.999818885
297.999819237
297.999819606
297.999819998
297.999820384
297.999820761
297.999821159
297.999821566
297.999821985
297.999822392
297.999822786
297.999823196
297.999823609
297.999824018
297.99982442
297.999824793
297.999825162
297.999825548
297.999825921
297.999826287
297.999826637
297.999827005
297.999827383
297.999827772
297.999828148
297.999828508
297.999828875
297.99982924
297.999829611
297.999829973
297.999830326
297.999830707
297.999831094
297.99983149
297.999831874
297.999832264
297.999832657
297.999833041
297.999833418
297.999833812
297.999834195
297.999834558
297.999834943
297.999835337
297.999835721
297.999836096
297.999836499
297.999836883
297.999837252
297.999837635
297.999838023
297.999838414
297.999838797
297.999839165
297.999839549
297.999839939
297.999840334
297.999840718
297.999841087
297.99984147
297.999841856
297.999842228
297.999842585
297.999842929
297.999843274
297.999843602
297.999843897
297.999844201
297.999844547
297.999844879
297.999845203
297.999845555
297.999845919
297.999846312
297.999846702
297.999847086
297.999847502
297.99984793
297.999848389
297.999848841
297.999849281
297.999849738
297.999850201
297.999850644
297.999851066
297.999851467
297.999851877
297.999852286
297.999852689
297.999853081
297.999853456
297.999853846
297.999854244
297.999854648
297.999855041
297.99985542
297.999855812
297.999856208
297.999856595
297.999856969
297.999857331
297.999857711
297.999858081
297.999858442
297.99985882
297.999859201
297.999859598
297.999859986
297.999860361
297.999860753
297.999861156
297.999861563
297.999861962
297.999862348
297.999862749
297.999863159
297.999863571
297.999863974
297.999864362
297.999864763
297.999865173
297.999865574
297.999865958
297.999866329
297.99986672
297.999867095
297.999867456
297.999867834
297.999868223
297.99986862
297.999869004
297.99986938
297.99986977
297.999870143
297.999870499
297.999870865
297.999871229
297.999871585
297.999871929
297.999872256
297.999872594
297.999872933
297.999873258
297.999873601
297.999873977
297.999874344
297.999874709
297.999875107
297.999875495
297.999875871
297.999876261
297.999876642
297.99987702
297.999877389
297.999877752
297.999878112
297.999878471
297.99987883
297.999879191
297.99987955
297.999879913
297.999880277
297.999880633
297.999880992
297.999881357
297.999881722
297.999882106
297.999882486
297.999882872
297.999883263
297.99988364
297.999884023
297.999884402
297.999884771
297.999885134
297.999885495
297.99988585
297.999886195
297.999886527
297.999886859
297.999887191
297.999887521
297.999887864
297.999888218
297.999888566
297.999888928
297.999889289
297.999889649
297.999890025
297.9998904
297.999890761
297.999891113
297.999891464
297.999891805
297.99989213
297.999892452
297.999892768
297.999893087
297.999893403
297.999893726
297.999894053
297.999894386
297.999894712
297.999895053
297.999895386
297.999895716
297.999896057
297.999896383
297.999896708
297.999897038
297.9998974
297.999897763
297.999898121
297.9998985
297.999898881
297.99989927
297.999899649
297.999900029
297.999900404
297.999900772
297.999901149
297.99990152
297.99990189
297.999902256
297.999902631
297.999903
297.999903366
297.999903723
297.999904073
297.999904408
297.999904732
297.999905052
297.99990537
297.999905685
297.999906003
297.999906317
297.999906643
297.999906954
297.999907273
297.999907596
297.999907907
297.999908207
297.999908509
297.999908798
297.999909088
297.999909373
297.999909666
297.999909959
297.99991025
297.999910556
297.99991086
297.99991117
297.999911491
297.999911804
297.999912108
297.999912418
297.999912734
297.999913041
297.999913365
297.999913697
297.999914018
297.999914356
297.999914706
297.999915056
297.999915406
297.999915752
297.999916085
297.999916419
297.99991675
297.999917079
297.999917415
297.999917751
297.999918074
297.99991841
297.999918745
297.99991908
297.999919407
297.999919724
297.999920037
297.999920332
297.999920627
297.999920927
297.999921216
297.999921516
297.999921815
297.999922113
297.999922419
297.999922712
297.999923019
297.999923329
297.999923641
297.999923941
297.999924255
297.999924576
297.999924888
297.999925205
297.999925513
297.999925813
297.999926109
297.999926406
297.999926705
297.999927018
297.999927316
297.999927632
297.999927951
297.999928262
297.999928575
297.999928887
297.999929188
297.999929499
297.999929809
297.999930128
297.999930454
297.999930768
297.999931095
297.999931422
297.999931745
297.999932062
297.999932375
297.999932674
297.99993297
297.999933271
297.999933569
297.999933869
297.999934163
297.999934452
297.999934741
297.999935029
297.999935326
297.999935621
297.99993592
297.999936229
297.999936537
297.999936848
297.999937154
297.999937453
297.999937752
297.999938045
297.999938341
297.999938656
297.999938961
297.999939271
297.999939594
297.999939924
297.99994025
297.999940585
297.999940904
297.999941215
297.999941525
297.999941827
297.999942128
297.999942432
297.999942739
297.99994305
297.999943376
297.999943699
297.999944035
297.999944371
297.99994471
297.999945051
297.999945383
297.999945708
297.999946022
297.999946338
297.999946645
297.999946932
297.999947221
297.999947506
297.999947782
297.999948059
297.999948344
297.999948623
297.999948909
297.999949192
297.999949495
297.999949792
297.999950081
297.99995037
297.999950658
297.999950953
297.999951234
297.99995152
297.999951805
297.999952098
297.999952387
297.999952663
297.999952935
297.999953211
297.999953483
297.999953754
297.999954028
297.999954314
297.999954597
297.999954877
297.999955152
297.999955432
297.999955706
297.999955971
297.999956229
297.999956499
297.999956749
297.999957002
297.999957248
297.99995749
297.999957725
297.999957959
297.9999582
297.999958439
297.999958676
297.999958923
297.999959179
297.999959433
297.999959702
297.999959966
297.999960236
297.999960515
297.999960782
297.999961052
297.99996132
297.999961584
297.999961846
297.999962107
297.999962368
297.999962624
297.999962885
297.999963153
297.999963419
297.999963684
297.999963946
297.999964203
297.99996446
297.999964714
297.999964959
297.999965199
297.999965434
297.999965676
297.999965912
297.999966154
297.999966412
297.999966665
297.999966917
297.999967183
297.999967446
297.999967706
297.999967971
297.999968241
297.999968495
297.999968745
297.999968998
297.999969241
297.999969482
297.999969711
297.999969946
297.999970189
297.99997042
297.999970652
297.999970887
297.99997112
297.999971356
297.999971588
297.999971825
297.999972066
297.999972295
297.999972517
297.999972726
297.999972943
297.999973153
297.999973371
297.999973592
297.999973806
297.999974032
297.99997426
297.999974498
297.999974739
297.999974975
297.999975226
297.999975476
297.999975734
297.999976007
297.999976272
297.999976552
297.999976834
297.999977117
297.999977388
297.99997764
297.99997788
297.999978107
297.999978319
297.999978524
297.999978727
297.999978935
297.999979151
297.999979372
297.999979608
297.999979843
297.999980081
297.999980322
297.999980555
297.999980792
297.999981036
297.99998127
297.999981505
297.999981737
297.99998196
297.999982171
297.999982374
297.999982572
297.999982765
297.999982951
297.999983144
297.999983336
297.999983536
297.999983746
297.999983958
297.999984177
297.999984397
297.99998461
297.999984822
297.999985035
297.999985252
297.999985473
297.999985696
297.999985926
297.99998616
297.999986398
297.99998663
297.999986859
297.999987086
297.999987303
297.999987517
297.999987733
297.999987936
297.999988132
297.999988322
297.999988509
297.999988687
297.999988854
297.999989017
297.999989176
297.999989328
297.999989485
297.999989639
297.999989798
297.999989977
297.999990158
297.999990348
297.99999055
297.999990761
297.999990978
297.999991188
297.999991399
297.999991614
297.999991816
297.999992017
297.999992215
297.999992421
297.999992631
297.999992844
297.999993063
297.999993297
297.999993535
297.999993783
297.999994028
297.999994275
297.999994529
297.999994773
297.999995007
297.999995226
297.999995433
297.99999563
297.999995819
297.999996003
297.999996175
297.999996333
297.999996481
297.999996623
297.999996755
297.999996892
297.999997032
297.999997163
297.999997302
297.999997441
297.999997585
297.999997744
297.999997915
297.999998099
297.999998294
297.99999849
297.999998698
297.999998906
297.999999109
297.999999314
297.999999509
297.999999704
297.999999897
298.000000084
298.000000269
298.00000045
298.000000628
298.000000807
298.000000977
298.000001149
298.000001314
298.000001475
298.00000163
298.000001773
298.00000191
298.000002041
298.000002167
298.000002296
298.000002417
298.000002546
298.000002676
298.000002801
298.000002926
298.000003051
298.000003179
298.00000331
298.000003441
298.000003575
298.0000037
298.000003825
298.000003949
298.000004067
298.000004187
298.000004316
298.000004451
298.0000046
298.000004752
298.000004922
298.000005106
298.000005295
298.000005489
298.000005693
298.000005894
298.000006091
298.000006284
298.000006475
298.000006659
298.000006837
298.000007001
298.000007151
298.000007287
298.000007404
298.000007506
298.000007592
298.000007669
298.00000774
298.000007812
298.000007887
298.000007967
298.000008046
298.000008134
298.000008225
298.000008322
298.000008425
298.000008529
298.000008641
298.000008757
298.00000888
298.000009006
298.000009129
298.000009253
298.000009376
298.000009499
298.000009625
298.000009749
298.000009877
298.000010008
298.000010142
298.000010277
298.000010407
298.000010536
298.000010662
298.000010783
298.0000109
298.000011012
298.00001112
298.000011219
298.000011314
298.000011403
298.000011488
298.000011568
298.000011642
298.000011717
298.000011789
298.000011857
298.000011923
298.000011988
298.000012049
298.00001211
298.000012169
298.000012235
298.00001231
298.000012388
298.000012479
298.000012576
298.000012682
298.000012803
298.000012925
298.000013059
298.000013205
298.000013357
298.000013521
298.000013693
298.000013879
298.000014074
298.000014275
298.000014484
298.000014687
298.000014883
298.000015061
298.000015218
298.000015355
298.000015469
298.000015564
298.000015639
298.000015695
298.000015738
298.00001577
298.000015795
298.000015817
298.000015843
298.000015871
298.000015907
298.00001595
298.000016002
298.00001606
298.000016124
298.000016194
298.000016272
298.000016352
298.000016438
298.000016527
298.000016623
298.00001672
298.000016815
298.000016904
298.000016986
298.000017062
298.000017133
298.0000172
298.000017266
298.000017333
298.000017404
298.000017481
298.000017564
298.000017657
298.000017756
298.000017858
298.000017966
298.000018074
298.000018178
298.000018274
298.000018358
298.000018433
298.000018495
298.000018551
298.000018596
298.000018636
298.000018668
298.000018688
298.000018699
298.000018698
298.000018694
298.000018686
298.000018675
298.000018672
298.000018676
298.000018688
298.000018708
298.000018734
298.000018766
298.000018804
298.000018843
298.000018881
298.000018926
298.000018976
298.00001903
298.00001909
298.000019156
298.000019228
298.000019303
298.000019374
298.000019441
298.0000195
298.00001955
298.000019588
298.000019615
298.000019631
298.000019643
298.000019652
298.00001966
298.000019669
298.000019677
298.000019687
298.000019701
298.000019715
298.000019733
298.000019755
298.000019784
298.000019819
298.00001986
298.000019909
298.000019965
298.000020029
298.000020103
298.000020181
298.000020262
298.000020345
298.000020427
298.000020506
298.000020581
298.000020655
298.000020724
298.000020788
298.000020849
298.000020905
298.000020954
298.000020997
298.000021033
298.000021063
298.000021086
298.000021105
298.000021123
298.000021139
298.000021156
298.000021172
298.000021188
298.0000212
298.000021205
298.000021202
298.000021191
298.000021174
298.000021152
298.000021128
298.000021105
298.000021089
298.000021078
298.000021074
298.000021076
298.000021082
298.000021091
298.000021102
298.000021117
298.000021136
298.000021159
298.000021188
298.000021223
298.000021263
298.000021304
298.000021345
298.000021383
298.000021412
298.000021433
298.000021448
298.000021456
298.000021462
298.000021467
298.000021474
298.000021481
298.000021488
298.000021497
298.000021504
298.000021512
298.00002152
298.000021529
298.000021539
298.000021549
298.00002156
298.000021572
298.000021584
298.000021597
298.000021609
298.000021621
298.000021633
298.000021645
298.000021653
298.000021661
298.000021667
298.000021674
298.000021682
298.000021696
298.000021713
298.000021734
298.000021759
298.000021785
298.00002181
298.000021829
298.000021843
298.00002185
298.00002185
298.000021846
298.000021833
298.000021813
298.000021785
298.00002175
298.000021709
298.000021662
298.000021612
298.000021559
298.000021502
298.000021444
298.000021381
298.000021316
298.000021248
298.000021184
298.000021123
298.000021067
298.000021016
298.000020968
298.000020924
298.000020881
298.000020841
298.000020802
298.000020763
298.000020729
298.0000207
298.000020676
298.000020661
298.000020656
298.00002066
298.000020671
298.000020688
298.000020709
298.000020727
298.000020736
298.000020735
298.000020729
298.000020714
298.000020688
298.000020653
298.000020608
298.000020554
298.000020494
298.00002043
298.000020367
298.000020308
298.000020256
298.00002021
298.000020172
298.00002014
298.000020112
298.000020084
298.000020055
298.000020022
298.000019987
298.000019951
298.000019918
298.000019889
298.000019865
298.000019848
298.000019837
298.000019832
298.00001983
298.000019829
298.000019822
298.000019807
298.000019784
298.000019753
298.000019717
298.000019679
298.000019643
298.000019612
298.000019587
298.000019569
298.000019556
298.000019548
298.000019543
298.000019542
298.000019544
298.000019548
298.000019554
298.000019563
298.000019575
298.000019591
298.000019613
298.000019638
298.000019668
298.0000197
298.000019726
298.000019739
298.000019735
298.000019717
298.000019686
298.000019646
298.000019599
298.000019549
298.0000195
298.000019453
298.000019409
298.000019366
298.000019323
298.00001928
298.000019237
298.000019194
298.000019152
298.000019107
298.00001906
298.000019014
298.000018965
298.000018917
298.000018871
298.000018827
298.000018791
298.000018759
298.000018737
298.000018721
298.000018712
298.000018711
298.000018714
298.000018716
298.000018712
298.000018696
298.000018665
298.000018618
298.000018555
298.000018481
298.000018397
298.000018307
298.000018216
298.000018124
298.000018039
298.000017961
298.000017892
298.000017829
298.000017776
298.000017729
298.000017688
298.000017648
298.000017604
298.000017555
298.0000175
298.000017437
298.000017368
298.000017293
298.000017216
298.000017141
298.000017066
298.000016996
298.000016931
298.00001687
298.000016814
298.00001676
298.000016707
298.000016652
298.000016594
298.00001654
298.000016484
298.000016431
298.000016379
298.000016325
298.000016274
298.000016218
298.00001616
298.000016099
298.000016033
298.000015966
298.000015891
298.000015808
298.000015715
298.000015608
298.000015493
298.000015367
298.000015235
298.000015098
298.000014964
298.000014835
298.000014711
298.000014592
298.000014478
298.000014369
298.000014267
298.000014171
298.000014085
298.000014007
298.000013936
298.000013871
298.000013809
298.000013744
298.000013681
298.000013613
298.000013546
298.000013479
298.000013409
298.000013342
298.00001327
298.000013195
298.000013117
298.000013034
298.000012953
298.000012867
298.000012781
298.000012696
298.000012604
298.00001251
298.000012412
298.000012306
298.0000122
298.000012086
298.000011969
298.000011849
298.000011723
298.000011597
298.000011466
298.000011333
298.000011196
298.000011059
298.000010922
298.000010783
298.000010647
298.000010508
298.00001037
298.000010234
298.000010098
298.000009969
298.000009847
298.000009731
298.000009625
298.000009525
298.000009431
298.000009339
298.000009243
298.000009146
298.000009042
298.000008932
298.000008827
298.000008723
298.000008632
298.000008547
298.000008469
298.000008401
298.000008334
298.000008262
298.000008185
298.000008095
298.000007995
298.000007882
298.000007757
298.000007624
298.00000748
298.000007334
298.000007181
298.000007031
298.000006884
298.000006745
298.000006613
298.000006487
298.000006367
298.000006251
298.000006133
298.000006018
298.000005896
298.000005771
298.000005644
298.000005512
298.00000539
298.000005269
298.000005159
298.000005055
298.00000496
298.000004873
298.000004786
298.000004695
298.000004599
298.00000449
298.000004375
298.000004251
298.00000412
298.000003993
298.000003861
298.00000373
298.0000036
298.000003465
298.000003334
298.000003196
298.000003055
298.000002913
298.000002762
298.000002611
298.000002454
298.000002291
298.000002129
298.000001961
298.00000179
298.000001619
298.000001443
298.000001274
298.0000011
298.000000934
298.000000769
298.000000607
298.00000045
298.000000292
298.000000139
297.999999985
297.999999833
297.999999681
297.999999523
297.999999371
297.999999214
297.999999059
297.999998904
297.99999875
297.999998602
297.999998454
297.99999831
297.999998167
297.999998023
297.999997887
297.999997751
297.999997625
297.999997505
297.999997393
297.999997294
297.999997202
297.999997119
297.999997041
297.999996957
297.999996864
297.999996762
297.999996643
297.999996512
297.999996371
297.999996218
297.99999606
297.999995898
297.999995731
297.999995568
297.999995404
297.999995237
297.999995073
297.999994901
297.999994721
297.999994534
297.999994327
297.999994115
297.999993884
297.999993641
297.99999339
297.999993128
297.999992872
297.999992616
297.999992368
297.999992129
297.999991899
297.999991683
297.999991476
297.999991279
297.99999109
297.999990903
297.99999072
297.999990541
297.999990361
297.999990189
297.999990014
297.999989843
297.999989676
297.999989508
297.999989346
297.999989179
297.999989009
297.999988839
297.999988656
297.999988471
297.999988275
297.999988064
297.999987848
297.999987619
297.999987375
297.999987118
297.999986838
297.999986552
297.999986243
297.99998592
297.99998559
297.999985248
297.999984909
297.999984572
297.999984242
297.999983924
297.99998361
297.999983306
297.999983009
297.999982716
297.99998243
297.999982148
297.999981865
297.999981586
297.999981302
297.99998101
297.999980722
297.999980426
297.999980128
297.999979828
297.999979519
297.999979214
297.999978901
297.999978585
297.999978268
297.999977941
297.999977616
297.999977277
297.999976928
297.999976573
297.999976199
297.999975822
297.999975428
297.999975021
297.99997461
297.999974183
297.999973754
297.999973319
297.999972879
297.999972448
297.999972013
297.999971583
297.999971157
297.99997073
297.999970309
297.999969881
297.99996945
297.999969018
297.999968572
297.999968125
297.999967666
297.999967195
297.999966724
297.999966237
297.999965741
297.999965235
297.999964708
297.999964175
297.999963616
297.999963037
297.99996244
297.999961817
297.999961184
297.999960527
297.999959853
297.999959169
297.999958463
297.999957753
297.999957029
297.999956294
297.999955569
297.999954846
297.999954142
297.99995345
297.999952766
297.999952091
297.999951416
297.999950732
297.99995005
297.999949352
297.99994864
297.999947918
297.999947174
297.99994642
297.999945651
297.999944865
297.99994408
297.99994328
297.999942467
297.999941654
297.999940822
297.999939973
297.999939108
297.999938209
297.999937287
297.999936331
297.999935341
297.999934329
297.999933275
297.999932198
297.999931106
297.99992999
297.999928875
297.999927744
297.999926605
297.999925461
297.999924294
297.999923121
297.99992193
297.999920724
297.999919525
297.999918314
297.999917102
297.999915888
297.999914665
297.999913445
297.999912207
297.999910956
297.999909695
297.999908408
297.999907111
297.999905787
297.999904424
297.999903038
297.999901605
297.999900129
297.999898626
297.999897087
297.999895519
297.999893932
297.999892328
297.999890707
297.999889097
297.99988749
297.999885869
297.999884243
297.999882605
297.99988097
297.999879315
297.999877652
297.999875982
297.99987428
297.999872568
297.999870824
297.999869051
297.999867256
297.999865413
297.999863544
297.999861662
297.999859763
297.999857862
297.999855964
297.999854063
297.999852143
297.999850223
297.999848331
297.999846464
297.99984461
297.999842742
297.999840847
297.999838901
297.999836909
297.999834885
297.999832803
297.999830702
297.999828564
297.999826374
297.999824182
297.999821957
297.999819735
297.999817557
297.999815466
297.99981346
297.999811591
297.999809808
297.999808191
297.999806741
297.999805365
297.99980405
297.999802844
297.999801757
297.999800727
297.999799821
297.999799082
297.999798339
297.999797804
297.999797302
297.999797013
297.999796838
297.999796983
297.999797262
297.999797584
297.999797935
297.999798478
297.999799306
297.999800337
297.999801526
297.999802868
297.999804354
297.999806049
297.999808016
297.999810321
297.999812933
297.999815852
297.999819158
297.999822878
297.999826937
297.999831371
297.999836222
297.999841487
297.999847375
297.999854058
297.999861444
297.999869625
297.999878633
297.999888325
297.999898661
297.99990966
297.999921294
297.9999336
297.999946704
297.999960723
297.999975767
297.999991748
298.00000869
298.000026751
298.000045895
298.000065965
298.000087212
298.00010969
298.000133299
298.000158247
298.000184595
298.000212319
298.000241479
298.000272279
298.000304643
298.000338481
298.000374059
298.000411604
298.000451387
298.000493541
298.000538178
298.000585573
298.000635703
298.000688512
298.000744492
298.000804047
298.000867205
298.000934545
298.001006856
298.001084145
298.001167049
298.001255983
298.001350593
298.00145149
298.001558931
298.001672611
298.001793414
298.001921775
298.002057733
298.002202404
298.002357321
298.00252454
298.002706272
298.002905335
298.003124893
298.003369317
298.003644427
298.003958137
298.004322362
298.004754283
298.005279478
298.005932819
298.00676182
298.007828411
298.009209786
298.010998873
298.013302496
298.016235177
298.019909434
298.024414279
298.02982987
298.036165969
298.04339373
298.051440393
298.060115321
298.069551511
298.079134889
298.089422246
298.099745657
298.110375741
298.121247346
298.132585678
298.144439659
298.156663038
298.168501308
298.178047819
298.181470744
298.171860878
298.138273764
298.0659003
297.94057012
297.770513174
297.59702937
297.61723799
297.973260287
298.602885893
299.528616731
300.463167926
301.201028144
301.695604268
301.973140302
302.081005765
302.074705346
302.02492376
301.906280111
301.71900371
301.481694788
301.216517684
300.945245132
300.689803436
300.44774208
300.218865546
300.003828192
299.803399601
299.61705306
299.444984106
299.287737568
299.143831413
299.013111331
298.895164485
298.7883543
298.691976747
298.605380495
298.527908765
298.458787285
298.39685265
298.341761657
298.292695253
298.249011198
298.210360133
298.176179733
298.145919476
298.119142707
298.095502207
298.074626699
298.056234549
298.039997554
298.025794403
298.013339629
298.002403581
297.992818934
297.984449248
297.977124997
297.970687733
297.96505872
297.960152676
297.955850136
297.95205701
297.948746745
297.945856725
297.943320186
297.941089641
297.939145803
297.937445422
297.935944515
297.934614522
297.933439124
297.932395703
297.931466834
297.93063782
297.929896963
297.929234646
297.928640376
297.928102157
297.927612478
297.927165559
297.926754811
297.926376392
297.926026337
297.925702016
297.925399616
297.925115218
297.924846622
297.924591708
297.924349276
297.924118029
297.923896739
297.923684462
297.923479616
297.923280774
297.923086553
297.922895185
297.922705847
297.922517738
297.922330777
297.922144778
297.921960257
297.921777696
297.921596766
297.921417377
297.921239423
297.921062783
297.920887305
297.920712828
297.920539581
297.920367424
297.9201961
297.920025776
297.919855759
297.919685859
297.919516038
297.919346568
297.919177613
297.919009491
297.918842517
297.918676333
297.918509968
297.918343688
297.918177642
297.918012609
297.917848371
297.917685429
297.917523738
297.917363219
297.917203325
297.917043788
297.916884984
297.916727102
297.916570188
297.916413896
297.916257516
297.916100403
297.915942048
297.915782202
297.915620972
297.915458985
297.915296942
297.915135416
297.914974973
297.914815077
297.914655421
297.9144961
297.914337452
297.914179574
297.914022663
297.913866584
297.913710986
297.913554957
297.913398164
297.913240552
297.913082327
297.91292405
297.91276622
297.912609132
297.912452786
297.912296744
297.912140684
297.911984782
297.91182914
297.91167409
297.911520025
297.911367018
297.911214796
297.911063157
297.91091199
297.910761093
297.910610361
297.910459663
297.910309215
297.910158603
297.910007939
297.909857776
297.909708472
297.909560074
297.909412488
297.909265762
297.909119984
297.908974567
297.908829116
297.908684292
297.908540672
297.908398401
297.908257272
297.908117201
297.907977998
297.907839425
297.907700607
297.907562049
297.907424194
297.907287846
297.907153154
297.907020036
297.906888354
297.906758215
297.906628729
297.906499908
297.906372154
297.906245967
297.906121578
297.905998979
297.905877995
297.905758421
297.90563974
297.905521622
297.905404373
297.905288045
297.905172801
297.905058982
297.904946921
297.904836652
297.904727776
297.904620542
297.904514914
297.904410651
297.904307459
297.904205261
297.904104283
297.904004467
297.903905848
297.903808678
297.903713535
297.903620281
297.903528525
297.903437751
297.903348118
297.903259775
297.903172409
297.903086556
297.903002665
297.902921265
297.90284219
297.902764783
297.902688639
297.90261352
297.902539246
297.902465992
297.902394022
297.902323844
297.902255496
297.902189014
297.902124085
297.902060118
297.901997036
297.901934895
297.901873707
297.901813814
297.901755374
297.901698637
297.901643457
297.901589328
297.901536375
297.901484471
297.901433456
297.901383239
297.901333786
297.901285379
297.90123785
297.901190958
297.901144932
297.901099859
297.901055855
297.901012589
297.900969748
297.900927387
297.900885565
297.900844192
297.900803208
297.900763326
297.900724499
297.900686812
297.900650024
297.900613604
297.900577785
297.900542544
297.900507501
297.900472904
297.900439367
297.900406783
297.900375191
297.900344364
297.900314014
297.900284015
297.900254314
297.900224876
297.900195907
297.900167468
297.900139794
297.900112815
297.900086418
297.900060501
297.900034782
297.90000953
297.899984522
297.899959734
297.899935362
297.89991161
297.899888573
297.899866186
297.899844474
297.899823723
297.899803392
297.899783291
297.899763245
297.899743355
297.899723565
297.899704022
297.899685003
297.899666806
297.899649455
297.899632774
297.899616722
297.899601156
297.899585749
297.899570406
297.899555361
297.899540684
297.89952657
297.899513431
297.899500998
297.899489185
297.899477967
297.899466988
297.899455975
297.899444983
297.899433953
297.899422899
297.899412463
297.89940259
297.899393477
297.899385111
297.899377424
297.899370218
297.899363121
297.899355865
297.899348523
297.899341837
297.899335459
297.899329722
297.899324773
297.899320537
297.899316815
297.899313339
297.899310069
297.899307037
297.899304338
297.899301982
297.899300096
297.899298651
297.899297675
297.899297275
297.899297401
297.899297902
297.899298744
297.89929996
297.899301408
297.899302861
297.899304349
297.899306089
297.899308272
297.899310981
297.899314297
297.899318308
297.899322939
297.899327871
297.899332835
297.899337699
297.899342573
297.899347676
297.899353105
297.89935904
297.899365672
297.899372937
297.89938054
297.899388276
297.899395966
297.899403855
297.899411758
297.899419809
297.899428022
297.899436376
297.899444905
297.899453631
297.899462598
297.899471895
297.899481545
297.899491358
297.899501358
297.899511437
297.899521309
297.899531279
297.899541403
297.899551806
297.899562471
297.899573283
297.899584148
297.899594648
297.8996047
297.899614514
297.899624172
297.899633906
297.899643757
297.899653759
297.899663922
297.89967422
297.899684379
297.899694453
297.89970439
297.89971412
297.899723289
297.899731949
297.899740529
297.899748723
297.899756905
297.899765069
297.899773389
297.899781735
297.899789775
297.899796801
297.899803362
297.899809122
297.899814505
297.899819552
297.89982465
297.899829741
297.899834614
297.899838775
297.899842307
297.899845071
297.899847151
297.899848724
297.899850064
297.89985117
297.899851955
297.899852203
297.899851801
297.899850829
297.899848976
297.899846427
297.899843066
297.899838849
297.899833897
297.8998283
297.899822065
297.899815129
297.899807466
297.899799132
297.899790131
297.899780286
297.899769372
297.899757322
297.899744239
297.899730265
297.899715448
297.899699804
297.899683399
297.899666221
297.899648091
297.89962873
297.899608022
297.899586112
297.899563232
297.899539465
297.899514698
297.899488803
297.899461703
297.899433418
297.899403953
297.899373281
297.899341392
297.899308223
297.899273712
297.899237708
297.89920014
297.8991611
297.899120755
297.899079275
297.899036735
297.89899295
297.898947636
297.898900609
297.898851823
297.898801295
297.8987492
297.898695724
297.898641053
297.898585231
297.898527883
297.898468709
297.898407568
297.898344491
297.898279709
297.898213318
297.898145481
297.898076237
297.898005323
297.897932593
297.897857837
297.897781145
297.897702683
297.897622419
297.897540442
297.897456564
297.89737083
297.897283168
297.897193509
297.897101963
297.897008467
297.896913214
297.896816075
297.896717061
297.896616049
297.896512876
297.896407584
297.896300182
297.89619099
297.89607988
297.895966716
297.895851357
297.895733975
297.89561478
297.895493564
297.895370241
297.895244616
297.89511689
297.894986962
297.894854755
297.894720319
297.894583715
297.894445347
297.89430506
297.894162675
297.894017802
297.893870321
297.893720513
297.893568419
297.893414358
297.893258363
297.893100403
297.892940385
297.892778122
297.892613653
297.892446839
297.892277545
297.892105911
297.891932139
297.891756399
297.89157863
297.891398571
297.891216408
297.891032264
297.890846122
297.890657812
297.890466935
297.89027369
297.890078163
297.889880395
297.889680591
297.889478712
297.889274951
297.889069177
297.88886118
297.888651135
297.888438921
297.88822446
297.888007744
297.887788833
297.887568071
297.887345307
297.887120553
297.886894052
297.886665738
297.886435648
297.886203391
297.885968705
297.885731725
297.885492606
297.885251787
297.885009197
297.884764991
297.884519265
297.884271776
297.884022398
297.883771012
297.883517785
297.883262539
297.88300524
297.882746193
297.882485518
297.882223431
297.881959936
297.881695061
297.881428682
297.881160763
297.880891314
297.880620072
297.880347065
297.880072597
297.87979673
297.879519287
297.879240425
297.878960418
297.878679248
297.878396843
297.878113088
297.877828001
297.877541496
297.877253632
297.876964445
297.876673966
297.876382492
297.876090271
297.875797249
297.875503353
297.87520873
297.87491312
297.874616284
297.87431837
297.874019395
297.873719544
297.873419079
297.873118026
297.872816488
297.8725144
297.872211908
297.871908885
297.871605023
297.871300436
297.870995315
297.870690029
297.870384257
297.870078439
297.869772376
297.869466015
297.869159577
297.868852913
297.868545847
297.868238552
297.867931319
297.867623988
297.867316785
297.86700955
297.866702697
297.866395815
297.866089031
297.865782587
297.865476546
297.865170778
297.864865196
297.864560086
297.864255486
297.863951494
297.863647606
297.863344544
297.863042046
297.862740506
297.862439894
297.862139891
297.861840502
297.861541898
297.861244053
297.860946972
297.860650643
297.860355683
297.860061658
297.859768844
297.859477304
297.859186835
297.858897423
297.858609021
297.858321916
297.85803596
297.857751911
297.857468987
297.857187707
297.856907749
297.856629529
297.85635294
297.856077672
297.855803864
297.855531779
297.855261744
297.854993237
297.854726581
297.854461817
297.854198545
297.853937281
297.853677921
297.853420374
297.853164947
297.852911719
297.85266053
297.85241155
297.852164662
297.85191991
297.85167718
297.851436395
297.851198152
297.850962383
297.850728733
297.850497345
297.850268454
297.850042024
297.84981797
297.849596219
297.849376924
297.849160239
297.848945937
297.848734279
297.848525118
297.848318437
297.848114266
297.847912649
297.847713777
297.847517774
297.847324608
297.847134003
297.846946034
297.846760602
297.846578125
297.846398112
297.846220652
297.846046078
297.845874537
297.84570604
297.845540323
297.845377434
297.845217275
297.845059668
297.844904698
297.844752783
297.844603527
297.844457072
297.844313538
297.844172923
297.844035482
297.843900749
297.843768719
297.843639515
297.843513129
297.843389453
297.843268897
297.843150774
297.843035531
297.842923201
297.842813559
297.842706789
297.842602988
297.842502077
297.842403958
297.842308207
297.842215001
297.84212481
297.842036768
297.841951283
297.841868641
297.841788843
297.841711842
297.841637475
297.841565601
297.841496427
297.841429169
297.841364355
297.841302249
297.841242326
297.841184826
297.841129851
297.84107724
297.841027261
297.840979476
297.840933518
297.840890095
297.84084886
297.840809522
297.840772318
297.840737309
297.840704058
297.840672788
297.840643343
297.840616045
297.840590737
297.840567281
297.840545654
297.840525714
297.840507326
297.840490664
297.84047521
297.84046157
297.840449319
297.840438523
297.840429285
297.840421557
297.840415266
297.84041016
297.840405958
297.840403034
297.840401216
297.840400499
297.840400559
297.840401387
297.84040319
297.840405886
297.840409368
297.840413638
297.840419072
297.84042469
297.840430832
297.840437467
297.840444549
297.840451699
297.840459281
297.840467149
297.840475801
297.840483933
297.840492475
297.84050113
297.840509784
297.840517578
297.840525466
297.840533022
297.840540837
297.840547357
297.840554027
297.840560284
297.840565726
297.840570604
297.840575016
297.840578839
297.840581305
297.840583116
297.840584205
297.840583934
297.840582679
297.840580459
297.840576841
297.840572435
297.840566025
297.840558864
297.840550245
297.840540022
297.840528172
297.840514612
297.840499336
297.840482312
297.840463461
297.840442726
297.840420121
297.840395656
297.840369245
297.840340721
297.840309966
297.840276927
297.840241578
297.840203817
297.840163581
297.84012088
297.84007572
297.840028077
297.839977807
297.839924905
297.839869322
297.839810971
297.839749695
297.83968533
297.839618
297.839547711
297.839474508
297.839398214
297.839318718
297.839236089
297.839150248
297.839061219
297.838968718
297.838872781
297.838773414
297.838670599
297.838564323
297.838454319
297.838340785
297.838223586
297.838102788
297.837978261
297.837849916
297.837717982
297.837582172
297.837442565
297.837298873
297.837151234
297.836999755
297.836844169
297.836684617
297.836520833
297.836353215
297.836181674
297.836005995
297.835826163
297.835641864
297.835453489
297.835260818
297.83506388
297.834862639
297.834657004
297.834447321
297.83423337
297.834015243
297.833792692
297.833565686
297.833334354
297.833098563
297.83285838
297.832613691
297.832364741
297.83211157
297.831854096
297.831592155
297.831325778
297.831055081
297.830780001
297.830500452
297.830216243
297.829927703
297.829634838
297.829337784
297.829036363
297.828730377
297.828420081
297.828105419
297.827786642
297.827463418
297.827135879
297.826804175
297.826468272
297.826128253
297.82578379
297.825435203
297.825082454
297.824725619
297.824364624
297.823999452
297.823630454
297.823257515
297.822880619
297.822499563
297.822114472
297.821725462
297.821332619
297.820935958
297.820535417
297.820131194
297.819723376
297.819312107
297.818897203
297.818478558
297.8180562
297.817630354
297.81720105
297.816768167
297.816332029
297.815892725
297.815450365
297.815004871
297.814556211
297.81410433
297.813649244
297.813191166
297.812730074
297.812266067
297.811799178
297.811329622
297.810857535
297.810382897
297.809905551
297.809425393
297.808942861
297.808457966
297.807970658
297.807481038
297.806989254
297.806495425
297.805999633
297.805501854
297.805001806
297.804499915
297.803996203
297.803490749
297.802983652
297.802474854
297.801964428
297.801452744
297.800939853
297.800425119
297.799908913
297.79939164
297.798873265
297.798353997
297.79783382
297.797312477
297.796790559
297.796268126
297.795744655
297.79522033
297.794695239
297.794169918
297.793643958
297.793118257
297.792592077
297.792065557
297.791539184
297.791012845
297.790486083
297.789959344
297.78943259
297.788906226
297.78838053
297.787854902
297.787329618
297.786805433
297.78628186
297.785758492
297.785235692
297.784713501
297.784192451
297.783672062
297.783153224
297.782634883
297.782117901
297.781602628
297.781088455
297.780575205
297.780063298
297.779552808
297.779043875
297.778536984
297.778031097
297.777527021
297.777025343
297.776525303
297.776026822
297.775530209
297.77503566
297.774543347
297.774053109
297.773565406
297.773079274
297.772595911
297.772115264
297.771636598
297.771160047
297.770686055
297.770214768
297.76974621
297.7692808
297.768817276
297.768356911
297.76789992
297.767445348
297.766993303
297.766544159
297.766098158
297.765655358
297.765215833
297.764779659
297.764346092
297.76391649
297.763490271
297.763066731
297.762646272
297.762229282
297.761815854
297.761405988
297.760999999
297.760596694
297.760197787
297.759802902
297.759411009
297.759022461
297.758637645
297.758256743
297.757879677
297.75750665
297.757137346
297.756771577
297.756410682
297.756053567
297.755699773
297.755349872
297.755004139
297.754662547
297.754325212
297.75399182
297.753662908
297.753337333
297.753016998
297.752700447
297.752387612
297.752079208
297.751775299
297.75147571
297.751180655
297.750889535
297.750602783
297.750321099
297.750043422
297.74976953
297.749500306
297.749235749
297.748975813
297.748720549
297.74846965
297.74822345
297.747981457
297.74774497
297.747512203
297.747283671
297.747060104
297.746841397
297.746627473
297.746418432
297.746213786
297.746013936
297.745819721
297.745629429
297.745443417
297.745262621
297.74508681
297.74491597
297.744750129
297.744589143
297.744433185
297.744282161
297.744136849
297.743995326
297.74385872
297.743727566
297.743601586
297.743480754
297.743365062
297.743254197
297.743148767
297.743049314
297.742953915
297.742863549
297.742778949
297.742699694
297.742625825
297.742557336
297.74249416
297.7424363
297.742384082
297.742337806
297.742295799
297.742259553
297.742229361
297.742204773
297.74218583
297.742172538
297.74216488
297.742163275
297.742166761
297.742176214
297.742191491
297.742212891
297.742240218
297.742273495
297.742312733
297.742357941
297.742409147
297.742466404
297.742529759
297.742599244
297.742674897
297.742756772
297.742844925
297.7429394
297.743040219
297.743147396
297.74326095
297.743380909
297.743507332
297.743640261
297.743779749
297.743925838
297.744078566
297.744237997
297.74440416
297.74457712
297.744756894
297.744943491
297.745136943
297.745337288
297.745544605
297.745758919
297.745980275
297.746208704
297.746444281
297.746687045
297.74693705
297.747194307
297.747458824
297.747730642
297.748009765
297.748296305
297.748590233
297.748891654
297.749200573
297.749517025
297.74984111
297.75017277
297.75051218
297.750859219
297.751213965
297.751576436
297.751946619
297.752324692
297.752710524
297.75310427
297.753505912
297.753915475
297.754333079
297.754758634
297.755192227
297.755633819
297.756083389
297.756541059
297.757006782
297.757480614
297.757962622
297.758452724
297.758951074
297.75945757
297.759972302
297.7604953
297.761026433
297.761565834
297.762113375
297.762669215
297.763233292
297.763805616
297.764386238
297.764975088
297.765572282
297.766177704
297.76679146
297.767413406
297.768043585
297.768681985
297.769328576
297.769983436
297.770646443
297.771317715
297.771997124
297.772684735
297.773380476
297.774084395
297.774796414
297.775516447
297.77624456
297.776980582
297.777724725
297.778476709
297.779236688
297.780004576
297.780780241
297.7815639
297.782355207
297.783154368
297.783961139
297.784775494
297.785597513
297.786426979
297.787263988
297.788108433
297.788960267
297.789819461
297.790685923
297.791559604
297.79244053
297.793328446
297.794223391
297.795125268
297.796033976
297.796949576
297.797871836
297.798800842
297.799736416
297.800678528
297.801627122
297.802582064
297.803543283
297.804510614
297.805484068
297.806463484
297.807448859
297.808440027
297.809436978
297.810439614
297.811447752
297.812461429
297.81348044
297.81450475
297.815534177
297.816568629
297.817608045
297.818652299
297.819701301
297.820754971
297.82181318
297.822875811
297.823942812
297.825014016
297.826089309
297.827168555
297.828251648
297.829338454
297.830428897
297.83152283
297.832620189
297.833720831
297.834824632
297.835931514
297.837041351
297.838153978
297.839269283
297.840387112
297.841507354
297.842629893
297.84375456
297.844881319
297.846010007
297.847140507
297.848272718
297.849406529
297.850541764
297.851678348
297.852816054
297.853954812
297.855094472
297.856234883
297.857375989
297.858517615
297.859659697
297.860802032
297.861944636
297.863087243
297.864229847
297.865372177
297.866514149
297.867655679
297.868796568
297.869936719
297.871076061
297.872214423
297.873351729
297.874487806
297.87562266
297.876756016
297.877887882
297.879017996
297.880146296
297.881272684
297.882396975
297.883519093
297.884638962
297.885756423
297.886871404
297.887983758
297.889093475
297.890200306
297.891304258
297.892405079
297.893502737
297.894597131
297.895688089
297.896775561
297.897859472
297.89893968
297.900016119
297.901088674
297.902157323
297.903221846
297.904282251
297.905338309
297.906390013
297.907437264
297.908479911
297.909517932
297.910551253
297.911579751
297.912603379
297.913622048
297.914635729
297.915644236
297.91664758
297.91764556
297.918638196
297.91962539
297.92060702
297.921583091
297.922553531
297.923518244
297.9244772
297.925430335
297.92637762
297.927318903
297.9282542
297.929183344
297.930106376
297.931023206
297.931933743
297.932838014
297.933735955
297.934627496
297.935512629
297.936391312
297.937263515
297.938129125
297.938988163
297.939840496
297.940686188
297.941525152
297.942357334
297.943182783
297.944001438
297.944813261
297.945618258
297.946416422
297.947207689
297.947992064
297.948769422
297.949539893
297.950303308
297.951059735
297.951809198
297.952551643
297.953287047
297.954015432
297.954736814
297.955451181
297.956158492
297.956858767
297.957551929
297.9582381
297.958917138
297.959589142
297.960254132
297.960912069
297.961562963
297.962206851
297.962843758
297.963473683
297.964096605
297.964712558
297.965321493
297.965923536
297.966518565
297.967106707
297.96768798
297.968262361
297.96882988
297.969390603
297.969944526
297.970491728
297.97103209
297.971565812
297.972092719
297.972613018
297.973126616
297.973633632
297.974134068
297.974627933
297.975115287
297.975596194
297.976070664
297.976538769
297.977000422
297.977455818
297.977904803
297.978347595
297.978784106
297.979214471
297.979638691
297.98005679
297.980468845
297.980874918
297.981275029
297.981669243
297.982057507
297.982440001
297.982816595
297.983187511
297.983552665
297.983912203
297.984266121
297.984614462
297.984957309
297.985294721
297.985626724
297.98595338
297.98627466
297.98659073
297.986901479
297.987207133
297.987507604
297.98780305
297.988093459
297.98837889
297.988659428
297.988935126
297.989206015
297.989472151
297.989733526
297.98999029
297.990242352
297.990489929
297.990732937
297.990971537
297.991205711
297.991435529
297.991661076
297.991882395
297.992099521
297.992312505
297.992521353
297.992726198
297.992926968
297.993123869
297.993316816
297.993505975
297.993691315
297.993872921
297.99405087
297.994225196
297.994395936
297.994563133
297.994726808
297.994887073
297.995043873
297.995197402
297.995347573
297.99549455
297.995638297
297.995778905
297.995916441
297.996050931
297.996182412
297.996310922
297.996436487
297.996559205
297.996679034
297.996796148
297.996910456
297.997022151
297.997131168
297.997237591
297.997341489
297.997442885
297.997541785
297.997638236
297.997732273
297.997823977
297.997913323
297.998000461
297.998085309
297.998168049
297.998248604
297.998327067
297.998403497
297.9984779
297.998550286
297.998620697
297.998689173
297.998755777
297.998820493
297.998883451
297.998944577
297.999004043
297.999061758
297.999117826
297.99917229
297.999225145
297.999276401
297.999326102
297.999374282
297.999420993
297.999466225
297.99951009
297.99955252
297.999593674
297.999633453
297.999671969
297.999709248
297.999745274
297.999780062
297.999813652
297.999846076
297.999877372
297.999907539
297.999936666
297.999964699
297.999991778
298.000017798
298.00004288
298.00006703
298.000090224
298.000112483
298.000133844
298.000154334
298.000173981
298.000192787
298.000210826
298.000228052
298.000244588
298.000260327
298.000275396
298.000289779
298.000303451
298.000316436
298.000328769
298.000340471
298.00035156
298.000362044
298.000371981
298.000381333
298.000390205
298.000398492
298.000406324
298.000413665
298.000420489
298.000426829
298.000432712
298.000438154
298.000443168
298.000447763
298.000451984
298.000455804
298.000459315
298.000462402
298.000465196
298.000467655
298.000469748
298.000471513
298.000472974
298.000474139
298.000475018
298.000475622
298.000475977
298.00047605
298.000475945
298.000475611
298.000475031
298.000474221
298.000473197
298.000471972
298.000470554
298.000468952
298.000467176
298.000465232
298.000463128
298.000460872
298.000458471
298.000455932
298.00045326
298.000450464
298.000447548
298.000444519
298.000441383
298.000438146
298.000434814
298.000431391
298.000427882
298.000424294
298.000420631
298.000416898
298.000413099
298.000409239
298.000405322
298.000401352
298.000397335
298.000393273
298.00038917
298.00038503
298.000380857
298.000376654
298.000372424
298.000368172
298.000363899
298.000359609
298.000355305
298.000350989
298.000346664
298.000342334
298.000338
298.000333664
298.00032933
298.000324998
298.000320682
298.000316355
298.000312046
298.000307749
298.000303465
298.000299195
298.000294943
298.000290708
298.000286494
298.0002823
298.000278129
298.000273981
298.000269859
298.000265763
298.000261694
298.000257654
298.000253643
298.000249662
298.000245713
298.000241796
298.000237911
298.000234061
298.000230244
298.000226463
298.000222717
298.000219008
298.000215335
298.000211699
298.000208101
298.000204541
298.00020102
298.000197537
298.000194093
298.000190688
298.000187323
298.000183998
298.000180712
298.000177466
298.000174261
298.000171096
298.000167971
298.000164887
298.000161842
298.000158839
298.000155875
298.000152952
298.000150069
298.000147226
298.000144423
298.00014166
298.000138936
298.000136253
298.000133608
298.000131003
298.000128437
298.00012591
298.000123421
298.00012097
298.000118558
298.000116183
298.000113846
298.000111546
298.000109283
298.000107057
298.000104867
298.000102713
298.000100595
298.000098513
298.000096465
298.000094452
298.000092473
298.000090528
298.000088617
298.00008674
298.000084895
298.000083083
298.000081303
298.000079555
298.000077838
298.000076152
298.000074497
298.000072872
298.000071278
298.000069712
298.000068176
298.000066669
298.00006519
298.000063739
298.000062316
298.00006092
298.000059551
298.000058208
298.000056891
298.0000556
298.000054335
298.000053094
298.000051878
298.000050686
298.000049518
298.000048374
298.000047252
298.000046154
298.000045077
298.000044023
298.00004299
298.000041979
298.000040989
298.000040019
298.00003907
298.00003814
298.00003723
298.00003634
298.000035468
298.000034615
298.00003378
298.000032963
298.000032163
298.000031381
298.000030616
298.000029868
298.000029136
298.00002842
298.00002772
298.000027036
298.000026366
298.000025712
298.000025072
298.000024447
298.000023835
298.000023238
298.000022654
298.000022083
298.000021526
298.000020981
298.000020449
298.000019929
298.000019421
298.000018925
298.00001844
298.000017967
298.000017504
298.000017053
298.000016613
298.000016182
298.000015762
298.000015352
298.000014952
298.000014561
298.00001418
298.000013807
298.000013444
298.00001309
298.000012744
298.000012406
298.000012077
298.000011756
298.000011443
298.000011137
298.000010839
298.000010549
298.000010265
298.000009989
298.00000972
298.000009457
298.000009201
298.000008951
298.000008708
298.000008471
298.00000824
298.000008014
298.000007795
298.00000758
298.000007372
298.000007169
298.000006971
298.000006778
298.00000659
298.000006407
298.000006229
298.000006055
298.000005886
298.000005721
298.000005561
298.000005405
298.000005253
298.000005105
298.000004961
298.00000482
298.000004684
298.000004551
298.000004422
298.000004296
298.000004173
298.000004054
298.000003938
298.000003825
298.000003715
298.000003608
298.000003504
298.000003403
298.000003304
298.000003208
298.000003115
298.000003025
298.000002937
298.000002851
298.000002768
298.000002687
298.000002608
298.000002532
298.000002457
298.000002385
298.000002315
298.000002246
298.00000218
298.000002116
298.000002053
298.000001992
298.000001933
298.000001875
298.00000182
298.000001765
298.000001713
298.000001662
298.000001612
298.000001564
298.000001517
298.000001471
298.000001427
298.000001384
298.000001342
298.000001301
298.000001262
298.000001224
298.000001187
298.000001151
298.000001116
298.000001082
298.000001049
298.000001017
298.000000986
298.000000955
298.000000926
298.000000898
298.00000087
298.000000844
298.000000818
298.000000793
298.000000768
298.000000745
298.000000722
298.000000699
298.000000678
298.000000657
298.000000636
298.000000617
298.000000598
298.000000579
298.000000561
298.000000543
298.000000526
298.00000051
298.000000493
298.000000478
298.000000462
298.000000438
298.000000423
298.00000041
298.000000397
298.000000384
298.000000371
298.000000359
298.000000347
298.000000336
298.000000325
298.000000314
298.000000304
298.000000294
298.000000284
298.000000275
298.000000266
298.000000257
298.000000249
298.00000024
298.000000232
298.000000224
298.000000217
298.00000021
298.000000203
298.000000196
298.000000189
298.000000183
298.000000177
298.000000171
298.000000165
298.00000016
298.000000154
298.000000149
298.000000144
298.000000139
298.000000135
298.00000013
298.000000126
298.000000122
298.000000118
298.000000114
298.00000011
298.000000106
298.000000105
298.000000101
298.000000097
298.000000094
298.00000009
298.000000087
298.000000074
298.000000071
298.000000068
298.000000066
298.000000064
298.000000061
298.000000059
298.000000057
298.000000055
298.000000053
298.000000052
298.00000005
298.000000048
298.000000046
298.000000044
298.000000042
298.00000004
298.000000038
298.000000037
298.000000035
298.000000034
298.000000032
298.000000031
298.00000003
298.000000028
298.000000028
298.000000027
298.000000026
298.000000025
298.000000025
298.000000024
298.000000023
298.000000022
298.000000021
298.000000012
298.000000012
298.000000011
298.00000001
298.00000001
298.000000015
298.000000014
298.000000013
298.000000012
298.000000012
298.000000011
298.00000001
298.000000012
298.000000012
298.000000011
298.00000001
298.00000001
298
298
298
298
298
298
298
298
298
298
298
298
298
298
298
298
298
298
298
298
298
298
298
298
298
298
298
298
298
298
298
298
298
298
298
298
298
298
298
298
298
298
298
298
298
298
298
298
298
298
298
298
298
298
298
298
298
298
298
298
298
298
298
298
298
298
298
298
298
298
298
298
298
298
298
298
298
298
298
298
298
298
298
298
298
298
298
298
298
298
298
298
298
298
298
298
298
298
298
298
298
298
298
298
298
298
298
298
298
298
298
298
298
298
298
298
298
298
298
298
298
298
298
298
298
298
298
298
298
298
298
298
298
298
298
298
298
298
298
298
298
298
298
298
298
298
298
298
298
298
298
298
298
298
298
298
298
298
298
298
298
298
298
298
298
298
298
298
298
298
298
298
298
298
298
298
298
298
298
298
298
298
298
298
298
298
298
298
298
298
298
298
298
298
298
298
298
298
298
298
298
298
298
298
298
298
298
298
298
298
298
298
298
298
298
298
298
298
298
298
298
298
298
298
298
298
298
298
298
298
298
298
298
298
298
298
298
298
298
298
298
298
298
298
298
298
298
298
298
298
298
298
298
298
298
298
298
298
298
298
298
298
298
298
298
298
298
298
298
298
298
298
298
298
298
298
298
298
298
298
298
298
298
298
298
298
298
298
298
298
298
298
298
298
298
298
298
298
298
298
298
298
298
298
298
298
298
298
298
298
298
298
298
298
298
298
298
298
298
298
298
298
298
298
298
298
298
298
298
298
298
298
298
298
298
298
298
298
298
298
298
298
298
298
298
298
298
298
298
298
298
298
298
298
298
298
298
298
298
298
298
298
298
298
298
298
298
298
298
298
298
298
298
298
298
298
298
298
298
298
298
298
298
298
298
298
298
298
298
298
298
298
298
298
298
298
298
298
298
298
298
298
298
298
298
298
298
298
298
298
298
298
298
298
298
298
298
298
298
298
298
298
298
298
298
298
298
298
298
298
298
298
298
298
298
298
298
298
298
298
298
298
298
298
298
298
298
298
298
298
298
298
298
298
298
298
298
298
298
298
298
298
298
298
298
298
298
298
298
298
298
298
298
298
298
298
298
298
298
298
298
298
298
298
298
298
298
298
298
298
298
298
298
298
298
298
298
298
298
298
298
298
298
298
298
298
298
298
298
298
298
298
298
298
298
298
298
298
298
298
298
298
298
298
298
298
298
298
298
298
298
298
298
298
298
298
298
298
298
298
298
298
298
298
298
298
298
298
298
298
298
298
298
298
298
298
298
298
298
298
298
298
298
298
298
298
298
298
298
298
298
298
298
298
298
298
298
298
298
298
298
298
298
298
298
298
298
298
298
298
298
298
298
298
298
298
298
298
298
298
298
298
298
298
298
298
298
298
298
298
298
298
298
298
298
298
298
298
298
298
298
298
298
298
298
298
298
298
298
298
298
298
298
298
298
298
298
298
298
298
298
298
298
298
298
298
298
298
298
298
298
298
298
298
298
298
298
298
298
298
298
298
298
298
298
298
298
298
298
298
298
298
298
298
298
298
298
298
298
298
298
298
298
298
298
298
298
298
298
298
298
298
298
298
298
298
298
298
298
298
298
298
298
298
298
298
298
298
298
298
298
298
298
298
298
298
298
298
298
298
298
298
298
298
298
298
298
298
298
298
298
298
298
298
298
298
298
298
298
298
298
298
298
298
298
298
298
298
298
298
298
298
298
298
298
298
298
298
298
298
298
298
298
298
298
298
298
298
298
298
298
298
298
298
298
298
298
298
298
298
298
298
298
298
298
298
298
298
298
298
298
298
298
298
298
298
298
298
298
298
298
298
298
298
298
298
298
298
298
298
298
298
298
298
298
298
298
298
298
298
298
298
298
298
298
298
298
298
298
298
298
298
298
298
298
298
298
298
298
298
298
298
298
298
298
298
298
298
298
298
298
298
298
298
298
298
298
298
298
298
298
298
298
298
298
298
298
298
298
298
298
298
298
298
298
298
298
298
298
298
298
298
298
298
298
298
298
298
298
298
298
298
298
298
298
298
298
298
298
298
298
298
298
298
298
298
298
298
298
298
298
298
298
298
298
298
298
298
298
298
298
298
298
298
298
298
298
298
298
298
298
298
298
298
298
298
298
298
298
298
298
298
298
298
298
298
298
298
298
298
298
298
298
298
298
298
298
298
298
298
298
298
298
298
298
298
298
298
298
298
298
298
298
298
298
298
298
298
298
298
298
298
298
298
298
298
298
298
298
298
298
298
298
298
298
298
298
298
298
298
298
298
298
298
298
298
298
298
298
298
298
298
298
298
298
298
298
298
298
298
298
298
298
298
298
298
298
298
298
298
298
298
298
298
298
298
298
298
298
298
298
298
298
298
298
298
298
298
298
298
298
298
298
298
298
298
298
298
298
298
298
298
298
298
298
298
298
298
298
298
298
298
298
298
298
298
298
298
298
298
298
298
298
298
298
298
298
298
298
298
298
298
298
298
298
298
298
298
298
298
298
298
298
298
298
298
298
298
298
298
298
298
298
298
298
298
298
298
298
298
298
298
298
298
298
298
298
298
298
298
298
298
298
298
298
298
298
298
298
298
298
298
298
298
298
298
298
298
298
298
298
298
298
298
298
298
298
298
298
298
298
298
298
298
298
298
298
298
298
298
298
298
298
298
298
298
298
298
298
298
298
298
298
298
298
298
298
298
298
298
298
298
298
298
298
298
298
298
298
298
298
298
298
298
298
298
298
298
298
298
298
298
298
298
298
298
298
298
298
298
298
298
298
298
298
298
298
298
298
298
298
298
298
298
298
298
298
298
298
298
298
298
298
298
298
298
298
298
298
298
298
298
298
298
298
298
298
298
298
298
298
298
298
298
298
298
298
298
298
298
298
298
298
298
298
298
298
298
298
298
298
298
298
298
298
298
298
298
298
298
298
298
298
298
298
298
298
298
298
298
298
298
298
298
298
298
298
298
298
298
298
298
298
298
298
298
298
298
298
298
298
298
298
298
298
298
298
298
298
298
298
298
298
298
298
298
298
298
298
298
298
298
298
298
298
298
298
298
298
298
298
298
298
298
298
298
298
298
298
298
298
298
298
298
298
298
298
298
298
298
298
298
298
298
298
298
298
298
298
298
298
298
298
298
298
298
298
298
298
298
298
298
298
298
298
298
298
298
298
298
298
298
298
298
298
298
298
298
298
298
298
298
298
298
298
298
298
298
298
298
298
298
298
298
298
298
298
298
298
298
298
298
298
298
298
298
298
298
298
298
298
298
298
298
298
298
298
298
298
298
298
298
298
298
298
298
298
298
298
298
298
298
298
298
298
298
298
298
298
298
298
298
298
298
298
298
298
298
298
298
298
298
298
298
298
298
298
298
298
298
298
298
298
298
298
298
298
298
298
298
298
298
298
298
298
298
298
298
298
298
298
298
298
298
298
298
298
298
298
298
298
298
298
298
298
298
298
298
298
298
298
298
298
298
298
298
298
298
298
298
298
298
298
298
298
298
298
298
298
298
298
298
298
298
298
298
298
298
298
298
298
298
298
298
298
298
298
298
298
298
298
298
298
298
298
298
298
298
298
298
298
298
298
298
298
298
298
298
298
298
298
298
298
298
298
298
298
298
298
298
298
298
298
298
298
298
298
298
298
298
298
298
298
298
298
298
298
298
298
298
298
298
298
298
298
298
298
298
298
298
298
298
298
298
298
298
298
298
298
298
298
298
298
298
298
298
298
298
298
298
298
298
298
298
298
298
298
298
298
298
298
298
298
298
298
298
298
298
298
298
298
298
298
298
298
298
298
298
298
298
298
298
298
298
298
298
298
298
298
298
298
298
298
298
298
298
298
298
298
298
298
298
298
298
298
298
298
298
298
298
298
298
298
298
298
298
298
298
298
298
298
298
298
298
298
298
298
298
298
298
298
298
298
298
298
298
298
298
298
298
298
298
298
298
298
298
298
298
298
298
298
298
298
298
298
298
298
298
298
298
298
298
298
298
298
298
298
298
298
298
298
298
298
298
298
298
298
298
298
298
298
298
298
298
298
298
298
298
298
298
298
298
298
298
298
298
298
298
298
298
298
298
298
298
298
298
298
298
298
298
298
298
298
298
298
298
298
298
298
298
298
298
298
298
298
298
298
298
298
298
298
298
298
298
298
298
298
298
298
298
298
298
298
298
298
298
298
298
298
298
298
298
298
298
298
298
298
298
298
298
298
298
298
298
298
298
298
298
298
298
298
298
298
298
298
298
298
298
298
298
298
298
298
298
298
298
298
)
;

boundaryField
{
    side1
    {
        type            fixedValue;
        value           uniform 298;
    }
    side2
    {
        type            zeroGradient;
    }
    empty1
    {
        type            empty;
    }
    empty2
    {
        type            empty;
    }
}


// ************************************************************************* //
