/*--------------------------------*- C++ -*----------------------------------*\
| =========                 |                                                 |
| \\      /  F ield         | OpenFOAM: The Open Source CFD Toolbox           |
|  \\    /   O peration     | Version:  2312                                  |
|   \\  /    A nd           | Website:  www.openfoam.com                      |
|    \\/     M anipulation  |                                                 |
\*---------------------------------------------------------------------------*/
FoamFile
{
    version     2.0;
    format      ascii;
    arch        "LSB;label=32;scalar=64";
    class       volScalarField;
    location    "0.0001";
    object      rho;
}
// * * * * * * * * * * * * * * * * * * * * * * * * * * * * * * * * * * * * * //

dimensions      [1 -3 0 0 0 0 0];

internalField   nonuniform List<scalar> 
800
(
1002.15
1002.15
1002.15
1002.15
1002.15
1002.15
1002.15
1002.15
1002.15
1002.15
1002.15
1002.15
1002.15
1002.15
1002.15
1002.15
1002.15
1002.15
1002.15
1002.15
1002.15
1002.15
1002.15
1002.15
1002.15
1002.15
1002.15
1002.15
1002.15
1002.15
1002.15
1002.15
1002.15
1002.15
1002.15
1002.15
1002.15
1002.15
1002.15
1002.15
1002.15
1002.15
1002.15
1002.15
1002.15
1002.15
1002.15
1002.15
1002.15
1002.15
1002.15
1002.15
1002.15
1002.15
1002.15
1002.15
1002.15
1002.15
1002.15
1002.15
1002.15
1002.15
1002.15
1002.15
1002.15
1002.15
1002.15
1002.15
1002.15
1002.15
1002.15
1002.15
1002.15
1002.15
1002.15
1002.15
1002.15
1002.15
1002.15
1002.15
1002.15
1002.15
1002.15
1002.15
1002.15
1002.15
1002.15
1002.15
1002.15
1002.15
1002.15
1002.15
1002.15
1002.15
1002.15
1002.15
1002.15
1002.15
1002.15
1002.15
1002.15
1002.15
1002.15
1002.15
1002.15
1002.15
1002.15
1002.15
1002.15
1002.15
1002.15
1002.15
1002.15
1002.15
1002.15
1002.15
1002.15
1002.15
1002.15
1002.15
1002.15
1002.15
1002.15
1002.15
1002.15
1002.15
1002.15
1002.15
1002.15
1002.15
1002.15
1002.15
1002.15
1002.15
1002.15
1002.15
1002.15
1002.15
1002.15
1002.15
1002.15
1002.15
1002.15
1002.15
1002.15
1002.15
1002.15
1002.15
1002.15
1002.15
1002.15
1002.15
1002.15
1002.15
1002.15
1002.15
1002.15
1002.15
1002.15
1002.15
1002.15
1002.15
1002.15
1002.15
1002.15
1002.15
1002.15
1002.15
1002.15
1002.15
1002.15
1002.15
1002.15
1002.15
1002.15
1002.15
1002.15
1002.15
1002.15
1002.15
1002.15
1002.15
1002.15
1002.15
1002.15
1002.15
1002.15
1002.15
1002.15
1002.15
1002.15
1002.15
1002.15
1002.15
1002.15
1002.15
1002.15
1002.15
1002.15
1002.15
1002.15
1002.15
1002.15
1002.15
1002.15
1002.15
1002.15
1002.15
1002.15
1002.15
1002.15
1002.15
1002.15
1002.15
1002.15
1002.15
1002.15
1002.15
1002.15
1002.15
1002.15
1002.15
1002.15
1002.15
1002.15
1002.15
1002.15
1002.15
1002.15
1002.15
1002.15
1002.15
1002.15
1002.15
1002.15
1002.15
1002.15
1002.15
1002.15
1002.15
1002.15
1002.15
1002.15
1002.15
1002.15
1002.15
1002.15
1002.15
1002.15
1002.15
1002.15
1002.15
1002.15
1002.15
1002.15
1002.15
1002.15
1002.15
1002.15
1002.15
1002.15
1002.15
1002.15
1002.15
1002.15
1002.15
1002.14
1002.14
1002.13
1002.12
1002.1
1002.08
1002.05
1002.02
1001.97
1001.91
1001.84
1001.75
1001.65
1001.53
1001.4
1001.25
1001.11
1000.95
1000.81
1000.66
1000.53
1000.42
1000.32
1000.25
1000.19
1000.15
1000.12
1000.1
1000.09
1000.08
1000.08
1000.08
1000.08
1000.08
1000.08
1000.08
1000.08
1000.08
1000.08
1000.08
1000.08
1000.08
1000.08
1000.08
1000.08
1000.08
1000.08
1000.08
1000.08
1000.08
1000.08
1000.08
1000.08
1000.08
1000.08
1000.08
1000.08
1000.08
1000.08
1000.08
1000.08
1000.08
1000.08
1000.08
1000.08
1000.08
1000.08
1000.08
1000.08
1000.08
1000.08
1000.08
1000.08
1000.08
1000.08
1000.08
1000.08
1000.08
1000.08
1000.08
1000.08
1000.08
1000.08
1000.08
1000.08
1000.08
1000.08
1000.08
1000.08
1000.08
1000.08
1000.08
1000.08
1000.08
1000.08
1000.08
1000.08
1000.08
1000.08
1000.08
1000.08
1000.08
1000.08
1000.08
1000.08
1000.08
1000.08
1000.08
1000.08
1000.08
1000.08
1000.08
1000.08
1000.08
1000.08
1000.08
1000.08
1000.08
1000.08
1000.08
1000.08
1000.08
1000.08
1000.08
1000.08
1000.08
1000.08
1000.08
1000.08
1000.08
1000.08
1000.08
1000.08
1000.08
1000.08
1000.08
1000.08
1000.08
1000.08
1000.08
1000.08
1000.08
1000.08
1000.08
1000.08
1000.08
1000.08
1000.08
1000.08
1000.08
1000.08
1000.08
1000.08
1000.08
1000.08
1000.08
1000.08
1000.08
1000.08
1000.08
1000.08
1000.08
1000.08
1000.08
1000.08
1000.08
1000.08
1000.08
1000.08
1000.08
1000.08
1000.08
1000.08
1000.08
1000.08
1000.08
1000.08
1000.08
1000.08
1000.08
1000.08
1000.08
1000.08
1000.08
1000.08
1000.08
1000.08
1000.08
1000.08
1000.08
1000.08
1000.08
1000.08
1000.08
1000.08
1000.08
1000.08
1000.08
1000.08
1000.08
1000.08
1000.08
1000.08
1000.08
1000.08
1000.08
1000.08
1000.08
1000.08
1000.08
1000.08
1000.08
1000.08
1000.08
1000.08
1000.08
1000.08
1000.08
1000.08
1000.08
1000.08
1000.08
1000.08
1000.08
1000.08
1000.08
1000.08
1000.08
1000.08
1000.08
1000.08
1000.08
1000.08
1000.08
1000.08
1000.08
1000.08
1000.08
1000.08
1000.07
1000.07
1000.05
1000.03
999.988
999.935
999.863
999.773
999.663
999.537
999.397
999.247
999.093
998.941
998.795
998.659
998.537
998.429
998.338
998.262
998.2
998.151
998.113
998.084
998.062
998.046
998.035
998.027
998.021
998.017
998.015
998.013
998.012
998.011
998.011
998.011
998.01
998.01
998.01
998.01
998.01
998.01
998.01
998.01
998.01
998.01
998.01
998.01
998.01
998.01
998.01
998.01
998.01
998.01
998.01
998.01
998.01
998.01
998.01
998.01
998.01
998.01
998.01
998.01
998.01
998.01
998.01
998.01
998.01
998.01
998.01
998.01
998.01
998.01
998.01
998.01
998.01
998.01
998.01
998.01
998.01
998.01
998.01
998.01
998.01
998.01
998.01
998.01
998.01
998.01
998.01
998.01
998.01
998.01
998.01
998.01
998.01
998.01
998.01
998.01
998.01
998.01
998.01
998.01
998.01
998.01
998.01
998.01
998.01
998.01
998.01
998.01
998.01
998.01
998.01
998.01
998.01
998.01
998.01
998.01
998.01
998.01
998.01
998.01
998.01
998.01
998.01
998.01
998.01
998.01
998.01
998.01
998.01
998.01
998.01
998.01
998.01
998.01
998.01
998.01
998.01
998.01
998.01
998.01
998.01
998.01
998.01
998.01
998.01
998.01
998.01
998.01
998.01
998.01
998.01
998.01
998.01
998.01
998.01
998.01
998.01
998.01
998.01
998.01
998.01
998.01
998.01
998.01
998.01
998.01
998.01
998.01
998.01
998.01
998.01
998.01
998.01
998.01
998.01
998.01
998.01
998.01
998.01
998.01
998.01
998.01
998.01
998.01
998.01
998.01
998.01
998.01
998.01
998.01
998.01
998.01
998.01
998.01
998.01
998.01
998.01
998.01
998.01
998.01
998.01
998.01
998.01
998.01
998.01
998.01
998.01
998.01
998.01
998.01
998.01
998.01
998.01
998.01
998.01
998.01
998.01
998.01
998.01
998.01
998.01
998.01
998.01
998.01
998.01
998.01
998.01
998.01
998.01
998.01
998.01
998.01
998.01
998.01
998.01
998.01
998.01
998.01
998.01
998.01
998.01
998.01
998.01
998.01
998.01
998.01
998.01
998.01
998.01
998.01
998.01
998.01
998.01
998.01
998.01
998.01
998.01
998.01
998.01
998.01
998.01
998.01
998.01
998.01
998.01
998.01
998.01
998.01
998.01
998.01
998.01
998.01
998.01
998.01
998.01
998.01
998.01
998.01
998.01
998.01
998.01
998.01
998.01
998.01
998.01
998.01
998.01
998.01
998.01
998.01
998.01
)
;

boundaryField
{
    sides
    {
        type            calculated;
        value           nonuniform List<scalar> 2(998.01 1002.15);
    }
    empty1
    {
        type            empty;
    }
    empty2
    {
        type            empty;
    }
}


// ************************************************************************* //
