/*--------------------------------*- C++ -*----------------------------------*\
| =========                 |                                                 |
| \\      /  F ield         | OpenFOAM: The Open Source CFD Toolbox           |
|  \\    /   O peration     | Version:  2312                                  |
|   \\  /    A nd           | Website:  www.openfoam.com                      |
|    \\/     M anipulation  |                                                 |
\*---------------------------------------------------------------------------*/
FoamFile
{
    version     2.0;
    format      ascii;
    arch        "LSB;label=32;scalar=64";
    class       volScalarField;
    location    "0.0001";
    object      T;
}
// * * * * * * * * * * * * * * * * * * * * * * * * * * * * * * * * * * * * * //

dimensions      [0 0 0 1 0 0 0];

internalField   nonuniform List<scalar> 
800
(
293
293
293
293
293
293
293
293
293
293
293
293
293
293
293
293
293
293
293
293
293
293
293
293
293
293
293
293
293
293
293
293
293
293
293
293
293
293
293
293
293
293
293
293
293
293
293
293
293
293
293
293
293
293
293
293
293
293
293
293
293
293
293
293
293
293
293
293
293
293
293
293
293
293
293
293
293
293
293
293
293
293
293
293
293
293
293
293
293
293
293
293
293
293
293
293
293
293
293
293
293
293
293
293
293
293
293
293
293
293
293
293
293
293
293
293
293
293
293
293
293
293
293
293
293
293
293
293
293
293
293
293
293
293
293
293
293
293
293
293
293
293
293
293
293
293
293
293
293
293
293
293
293
293
293
293
293
293
293
293
293
293
293
293
293
293
293
293
293
293
293
293
293
293
293
293
293
293
293
293
293
293
293
293
293
293
293
293
293
293
293
293
293
293
293
293
293
293
293
293
293
293
293
293
293
293
293
293
293
293
293
293
293
293
293
293
293
293
293
293
293
293
293
293
293
293
293
293
293
293
293
293
293
293
293
293
293
293
293
293
293
293
293
293
293
293
293
293
293
293
293
293
293
293
293
293
293
293
293
293
293
293
293
293
293
293
293
293
293
293
293
293
293
293
293
292.999
292.999
292.999
292.999
292.999
292.998
292.998
292.998
292.998
292.997
292.997
292.997
292.997
292.997
292.996
292.996
292.996
292.996
292.996
292.996
292.996
292.996
292.996
292.996
292.996
292.996
292.996
292.996
292.996
292.996
292.996
292.996
292.996
292.996
292.996
292.996
292.996
292.996
292.996
292.996
292.996
292.996
292.996
292.996
292.996
292.996
292.996
292.996
292.996
292.996
292.996
292.996
292.996
292.996
292.996
292.996
292.996
292.996
292.996
292.996
292.996
292.996
292.996
292.996
292.996
292.996
292.996
292.996
292.996
292.996
292.996
292.996
292.996
292.996
292.996
292.996
292.996
292.996
292.996
292.996
292.996
292.996
292.996
292.996
292.996
292.996
292.996
292.996
292.996
292.996
292.996
292.996
292.996
292.996
292.996
292.996
292.996
292.996
292.996
292.996
292.996
292.996
292.996
292.996
292.996
292.996
292.996
292.996
292.996
292.996
292.996
292.996
292.996
292.996
292.996
292.996
292.996
292.996
292.996
292.996
292.996
292.996
292.996
292.997
292.996
293
293.002
293.002
293.002
293.002
293.002
293.002
293.002
293.002
293.002
293.002
293.002
293.002
293.002
293.002
293.002
293.002
293.002
293.002
293.002
293.002
293.002
293.002
293.002
293.002
293.002
293.002
293.002
293.002
293.002
293.002
293.002
293.002
293.002
293.002
293.002
293.002
293.002
293.002
293.002
293.002
293.002
293.002
293.002
293.002
293.002
293.002
293.002
293.002
293.002
293.002
293.002
293.002
293.002
293.002
293.002
293.002
293.002
293.002
293.002
293.002
293.002
293.002
293.002
293.002
293.002
293.002
293.002
293.002
293.002
293.002
293.002
293.002
293.002
293.002
293.002
293.002
293.002
293.002
293.002
293.002
293.002
293.002
293.002
293.002
293.002
293.002
293.002
293.002
293.002
293.002
293.002
293.002
293.002
293.002
293.002
293.002
293.002
293.002
293.002
293.002
293.002
293.002
293.002
293.002
293.002
293.002
293.002
293.002
293.002
293.001
293.001
293.001
293.001
293.001
293.001
293.001
293.001
293
293
293
293
293
293
293
293
293
293
293
293
293
293
293
293
293
293
293
293
293
293
293
293
293
293
293
293
293
293
293
293
293
293
293
293
293
293
293
293
293
293
293
293
293
293
293
293
293
293
293
293
293
293
293
293
293
293
293
293
293
293
293
293
293
293
293
293
293
293
293
293
293
293
293
293
293
293
293
293
293
293
293
293
293
293
293
293
293
293
293
293
293
293
293
293
293
293
293
293
293
293
293
293
293
293
293
293
293
293
293
293
293
293
293
293
293
293
293
293
293
293
293
293
293
293
293
293
293
293
293
293
293
293
293
293
293
293
293
293
293
293
293
293
293
293
293
293
293
293
293
293
293
293
293
293
293
293
293
293
293
293
293
293
293
293
293
293
293
293
293
293
293
293
293
293
293
293
293
293
293
293
293
293
293
293
293
293
293
293
293
293
293
293
293
293
293
293
293
293
293
293
293
293
293
293
293
293
293
293
293
293
293
293
293
293
293
293
293
293
293
293
293
293
293
293
293
293
293
293
293
293
293
293
293
293
293
293
293
293
293
293
293
293
293
293
293
293
293
293
293
293
293
293
293
293
293
293
293
293
293
293
293
293
293
293
293
293
293
293
293
293
293
293
293
293
293
293
293
293
293
293
)
;

boundaryField
{
    sides
    {
        type            zeroGradient;
    }
    empty1
    {
        type            empty;
    }
    empty2
    {
        type            empty;
    }
}


// ************************************************************************* //
