/*--------------------------------*- C++ -*----------------------------------*\
| =========                 |                                                 |
| \\      /  F ield         | OpenFOAM: The Open Source CFD Toolbox           |
|  \\    /   O peration     | Version:  2312                                  |
|   \\  /    A nd           | Website:  www.openfoam.com                      |
|    \\/     M anipulation  |                                                 |
\*---------------------------------------------------------------------------*/
FoamFile
{
    version     2.0;
    format      ascii;
    arch        "LSB;label=32;scalar=64";
    class       volScalarField;
    location    "0.1";
    object      rhoHat;
}
// * * * * * * * * * * * * * * * * * * * * * * * * * * * * * * * * * * * * * //

dimensions      [1 -3 0 0 0 0 0];

internalField   nonuniform List<scalar> 
100
(
4.44089e-16
4.44089e-16
-4.44089e-16
0
0
0
0
0
4.44089e-16
0
0
0
0
0
0
4.44089e-16
0
0
0
0
4.44089e-16
0
0
0
0
-4.44089e-16
0
0
-8.88178e-16
0
0
0
0
0
0
-2.22045e-16
-2.22045e-16
2.22045e-16
2.22045e-16
-2.22045e-16
-4.44089e-16
-4.44089e-16
2.22045e-16
0
0
0
0
-4.44089e-16
-2.22045e-16
2.22045e-16
0
2.22045e-16
0
-1.11022e-16
-1.11022e-16
-1.11022e-16
2.22045e-16
2.22045e-16
-1.11022e-16
0
0
0
0
-1.11022e-16
-1.11022e-16
0
-1.11022e-16
0
0
5.55112e-17
0
-5.55112e-17
0
5.55112e-17
5.55112e-17
5.55112e-17
1.11022e-16
0
0
2.22045e-16
2.22045e-16
0
2.22045e-16
2.22045e-16
0
0
0
0
0
2.22045e-16
-4.44089e-16
-2.22045e-16
0
-2.22045e-16
0
-2.22045e-16
0
0
0
0
)
;

boundaryField
{
    inlet
    {
        type            calculated;
        value           uniform -4.44089e-16;
    }
    outlet
    {
        type            calculated;
        value           uniform 0;
    }
    upperWall
    {
        type            calculated;
        value           nonuniform List<scalar> 
100
(
4.44089e-16
4.44089e-16
-4.44089e-16
0
0
0
0
0
4.44089e-16
0
0
0
0
0
0
4.44089e-16
0
0
0
0
4.44089e-16
0
0
0
0
-4.44089e-16
0
0
-8.88178e-16
0
0
0
0
0
0
-2.22045e-16
-2.22045e-16
2.22045e-16
2.22045e-16
-2.22045e-16
-4.44089e-16
-4.44089e-16
2.22045e-16
0
0
0
0
-4.44089e-16
-2.22045e-16
2.22045e-16
0
2.22045e-16
0
-1.11022e-16
-1.11022e-16
-1.11022e-16
2.22045e-16
2.22045e-16
-1.11022e-16
0
0
0
0
-1.11022e-16
-1.11022e-16
0
-1.11022e-16
0
0
5.55112e-17
0
-5.55112e-17
0
5.55112e-17
5.55112e-17
5.55112e-17
1.11022e-16
0
0
2.22045e-16
2.22045e-16
0
2.22045e-16
2.22045e-16
0
0
0
0
0
2.22045e-16
-4.44089e-16
-2.22045e-16
0
-2.22045e-16
0
-2.22045e-16
0
0
0
0
)
;
    }
    lowerWall
    {
        type            calculated;
        value           nonuniform List<scalar> 
100
(
4.44089e-16
4.44089e-16
-4.44089e-16
0
0
0
0
0
4.44089e-16
0
0
0
0
0
0
4.44089e-16
0
0
0
0
4.44089e-16
0
0
0
0
-4.44089e-16
0
0
-8.88178e-16
0
0
0
0
0
0
-2.22045e-16
-2.22045e-16
2.22045e-16
2.22045e-16
-2.22045e-16
-4.44089e-16
-4.44089e-16
2.22045e-16
0
0
0
0
-4.44089e-16
-2.22045e-16
2.22045e-16
0
2.22045e-16
0
-1.11022e-16
-1.11022e-16
-1.11022e-16
2.22045e-16
2.22045e-16
-1.11022e-16
0
0
0
0
-1.11022e-16
-1.11022e-16
0
-1.11022e-16
0
0
5.55112e-17
0
-5.55112e-17
0
5.55112e-17
5.55112e-17
5.55112e-17
1.11022e-16
0
0
2.22045e-16
2.22045e-16
0
2.22045e-16
2.22045e-16
0
0
0
0
0
2.22045e-16
-4.44089e-16
-2.22045e-16
0
-2.22045e-16
0
-2.22045e-16
0
0
0
0
)
;
    }
    frontAndBack
    {
        type            empty;
    }
}


// ************************************************************************* //
