/*--------------------------------*- C++ -*----------------------------------*\
| =========                 |                                                 |
| \\      /  F ield         | OpenFOAM: The Open Source CFD Toolbox           |
|  \\    /   O peration     | Version:  2312                                  |
|   \\  /    A nd           | Website:  www.openfoam.com                      |
|    \\/     M anipulation  |                                                 |
\*---------------------------------------------------------------------------*/
FoamFile
{
    version     2.0;
    format      ascii;
    arch        "LSB;label=32;scalar=64";
    class       volScalarField;
    location    "0.0008";
    object      p;
}
// * * * * * * * * * * * * * * * * * * * * * * * * * * * * * * * * * * * * * //

dimensions      [1 -1 -2 0 0 0 0];

internalField   nonuniform List<scalar> 
5000
(
1000000000
1000000000
1000000000
1000000000
1000000000
1000000000
1000000000
1000000000
1000000000
1000000000
1000000000
1000000000
1000000000
1000000000
1000000000
1000000000
1000000000
1000000000
1000000000
1000000000
1000000000
1000000000
1000000000
1000000000
1000000000
1000000000
1000000000
1000000000
1000000000
1000000000
1000000000
1000000000
1000000000
1000000000
1000000000
1000000000
1000000000
1000000000
1000000000
1000000000
1000000000
1000000000
1000000000
1000000000
1000000000
1000000000
1000000000
1000000000
1000000000
1000000000
1000000000
1000000000
1000000000
1000000000
1000000000
1000000000
1000000000
1000000000
1000000000
1000000000
1000000000
1000000000
1000000000
1000000000
1000000000
1000000000
1000000000
1000000000
1000000000
1000000000
1000000000
1000000000
1000000000
1000000000
999999999.9
999999999.6
999999999.1
999999997.9
999999995.5
999999990.8
999999981.4
999999962.8
999999926.5
999999856.4
999999722.8
999999471.4
999999004.2
999998146.6
999996592.7
999993816.4
999988927.1
999980444.8
999965955.8
999941602.4
999901350.5
999835976.4
999731729.4
999568662.1
999318694.9
998943608
998393322.2
997605051
996504119
995007438.5
993030832.1
990501964.5
987383530.7
983705975.3
979544286.1
974962439.4
970009102.5
964728850.3
959165385
953360718.3
947353917.1
941180237.4
934870738.9
928452296.9
921947875.9
915376945.4
908755946.8
902098754.8
895417100.6
888720944
882018791
875317960.9
868624808
861944907.4
855283209.6
848644172
842031872.5
835450111.5
828902506.6
822392691.6
815924807.7
809503531.6
803133911.4
796820326.4
790567310
784380378.8
778265930.5
772231425
766285722.3
760439460.5
754705551.4
749099824.4
743641774.4
738355134.7
733268079.6
728417156.1
723844774.1
719595085.3
715698276.6
712195260.5
707455174.5
700883507.3
693097189.5
684717213.7
676316312.7
668600271.2
661124677.4
654336574.1
647597523.1
641468945.7
635203613.6
629354857.3
623368162.7
617759351.2
612003272.9
606511205.7
600891809.3
595501390.2
590019892.6
584763879.3
579400193.1
574219601
568956317.8
563869594.6
558710333.8
553720880.8
548652125.3
543730152.7
538746778.7
533910744.9
529015195.2
524261869.1
519446708.5
514762223.6
510026624.8
505421159.4
500765227.1
496232603.3
491651353.4
487184248.6
482677680
478279549.1
473844386.4
469511474.2
465143164.7
460872678.6
456569873.1
452362079.2
448122674.2
443974734.7
439795331.7
435703513.9
431582177.8
427546645.3
423481369.8
419506300.5
415542699.7
411692706.2
407855271.7
404108642.7
400419162.2
396846696.3
393398197.2
390151746.6
387190487.7
384617749.9
382554101.2
381066384.4
380170505.5
379757668.4
379653054.8
379662320.5
379682461.3
379719105.4
379755190.7
379754292.6
379729114.7
379661471.3
379542265.1
379364850.6
379128590
378842365.6
378528922.7
378253752.7
378099760.8
377998124.9
377901754.8
377803750.5
377709029.7
377626621.2
377553147.3
377484108.3
377417748.1
377353920.2
377293203.7
377235694.3
377181057
377129539.6
377080215.1
377032841.3
376987096.4
376942726
376899661.2
376858686
376819625.9
376782158.2
376746268.6
376711734.4
376678400.9
376646450
376615827
376586503.2
376558181.6
376530917.2
376504523.7
376478993.6
376454205.2
376430256.1
376406852.5
376384045.2
376361770.9
376340350.2
376320029.4
376300049
376281070.6
376262836.4
376244326.4
376227535
376209865.6
376192971.6
376176368.3
376160090.6
376144088.3
376128798.3
376114305
376099715
376085135.5
376071191.2
376058324.4
376045422
376032501.5
376019809.1
376007934.2
375996220.3
375984375.4
375972645.8
375961642.5
375950626.4
375939489.6
375928800.6
375918753.1
375908527.6
375898571.9
375888841.3
375879055.4
375869748.7
375860381.1
375850927.4
375841651
375832812.4
375823789
375814843
375806401.1
375797806.9
375789757
375781596.7
375773585.7
375765783.8
375757909.5
375750223
375742538.8
375735043.2
375727740.5
375720690
375713990.8
375707817.2
375702449
375698229.7
375695865.4
375695706.9
375697005.6
375699833
375695323.2
375745267.4
375737244.9
375606823.6
375715053.6
375629236.2
375675236
375953704.4
375317960.6
375713702.1
375149825.6
376018570.2
375671038.9
375655160.9
375680963.3
375706430
375708648.3
375696581.8
375683381.1
375679838.1
375684890
375693735.7
375699110.3
375699495.1
375697470.9
375695869.1
375696444.6
375699250.2
375702601.5
375704089.2
375705429.2
375706063.2
375706708.9
375707756.6
375709144.7
375710831.5
375712502.3
375713873.5
375715079.4
375716254.6
375717461.3
375718756
375720159.2
375721615.9
375722988.4
375724293.6
375725574.3
375726849.7
375728141.3
375729465.2
375730819.1
375732182.5
375733521.2
375734843.5
375736160.6
375737480.3
375738807.5
375740146.2
375741492.6
375742834.9
375744171.4
375745506.3
375746842.5
375748181.7
375749524.3
375750873
375752225.9
375753580.6
375754934.6
375756289.1
375757644.8
375759004.1
375760367.8
375761735.7
375763107.9
375764485.2
375765868.9
375767260
375768659.9
375770069.2
375771488.8
375772917.5
375774355.1
375775800
375777251.5
375778709.9
375780173.8
375781642.9
375783118.6
375784600
375786089.9
375787587.4
375789094.4
375790608.8
375792132.7
375793667.4
375795211.9
375796767
375798332
375799906.3
375801489
375803079.1
375804675
375806276.8
375807881.4
375809487.5
375811094.6
375812702.1
375814310
375815918.8
375817529.3
375819142.1
375820757.7
375822376.2
375823998.1
375825623.9
375827255.5
375828891.5
375830532.4
375832177.9
375833827.4
375835479.7
375837133.4
375838786.9
375840439
375842088.9
375843735.3
375845376.5
375847014.2
375848649.7
375850283.5
375851917.5
375853552.2
375855188.9
375856828.3
375858471.4
375860119.2
375861773.2
375863434.7
375865104.6
375866783.8
375868472
375870168.5
375871871.9
375873580.4
375875292.7
375877007.9
375878725.8
375880446.9
375882172.4
375883903.4
375885640.9
375887385.4
375889137.1
375890895.9
375892661.8
375894435.4
375896217.4
375898009
375899811.7
375901626.2
375903452.8
375905290.9
375907139.2
375908995.8
375910859.2
375912728.2
375914602.6
375916483.1
375918371.1
375920267.8
375922173.9
375924089.3
375926013.2
375927944
375929880.6
375931821.7
375933767
375935716.9
375937672.1
375939633.4
375941600.9
375943574.2
375945551.7
375947531.5
375949512
375951492.3
375953473
375955456.5
375957445.1
375959441.6
375961448.2
375963465.9
375965493.9
375967531.3
375969575.8
375971625.5
375973678.9
375975736.5
375977799
375979867.5
375981942.9
375984024.6
375986110.5
375988199
375990288.3
375992377.8
375994468.1
375996561.8
375998662.4
376000773.8
376002900.5
376005044.4
376007204.7
376009378.8
376011563.4
376013754.6
376015950.6
376018151.8
376020359.7
376022575.9
376024801
376027035.8
376029279.8
376031531.6
376033789.4
376036051.3
376038316.8
376040588.5
376042871.2
376045169.8
376047489.1
376049832
376052197.2
376054580
376056974.5
376059376.6
376061784.2
376064197
376066615.9
376069043.6
376071484.1
376073941.1
376076416
376078906.5
376081407.3
376083913.6
376086423.4
376088936.4
376091453.8
376093978.9
376096518.6
376099075.4
376101644.6
376104222.9
376106805.7
376109387.9
376111961
376114521.8
376117071.4
376119614.6
376122168.1
376124736.1
376127318
376129911.6
376132514.7
376135120.3
376137728.8
376140333.9
376142932.3
376145525.3
376148120.9
376150722.8
376153331.9
376155946.2
376158563.1
376161178.4
376163778.4
376166356.9
376168917.4
376171467.6
376174020
376176590.5
376179185.6
376181807
376184450.5
376187114.3
376189787.2
376192457
376195117.7
376197774.8
376200437.2
376203114.5
376205817.9
376208554.1
376211323.5
376214120.8
376216936.5
376219760.2
376222585.8
376225416
376228261.8
376231138.4
376234059.5
376237033
376240058.1
376243124.3
376246214.4
376249311.4
376252405
376255496.3
376258593.4
376261709.1
376264861.5
376268068.4
376271336.6
376274657.3
376278011.7
376281384.8
376284768.1
376288154.7
376291544.3
376294945.9
376298377
376301859.8
376305391.4
376308958.8
376312546.4
376316138.2
376319713.9
376323259.1
376326774.9
376330277.7
376333806.3
376337391.4
376341030.7
376344713.2
376348425.8
376352156.3
376355883.3
376359583.3
376363244
376366873
376370492.5
376374146
376377856.6
376381620.4
376385424.7
376389260
376393105.9
376396938.8
376400741.6
376404519.1
376408292.2
376412114.8
376416015.1
376419987.2
376424014.3
376428083
376432165
376436225.2
376440231.6
376444174.8
376448076.8
376451981.3
376455968.4
376460054.7
376464226.5
376468460.3
376472738.8
376477031.3
376481298.5
376485510.1
376489668.4
376493800.7
376497981.5
376502260
376506630.2
376511068.7
376515554.8
376520060.1
376524538
376528947.5
376533278.1
376537552.7
376541863.4
376546287.6
376550832
376555477
376560186.7
376564935.4
376569672.1
376574334.6
376578883.2
376583317.9
376587688.2
376592127.3
376596700.9
376601411
376606227.6
376611109.7
376616026
376620913.6
376625709.6
376630387.3
376634975.7
376639575
376644324
376649240.9
376654303.3
376659463.4
376664688.3
376669906.9
376675033.4
376680011.5
376684854.5
376689642.7
376694576.1
376699736.7
376705116.4
376710662.5
376716319.3
376722030.4
376727693.6
376733204.4
376738523.8
376743690.9
376748844.3
376754216.6
376759845.4
376765701.1
376771711.1
376777818.5
376783935
376789941.4
376795744.2
376801333.8
376806804.5
376812434.8
376818350.2
376824546.7
376830958.2
376837494.5
376844085.2
376850594
376856867.1
376862835.6
376868568.4
376874296.8
376880351.7
376886787.5
376893571.8
376900603
376907797.5
376915031.4
376922105
376928864.8
376935311.5
376941586.8
376948002.5
376954887.8
376962257.6
376970026.3
376978091.2
376986330.2
376994533.8
377002496.6
377010127.2
377017503.7
377024860.9
377032698.3
377041158.6
377050169.3
377059579.6
377069269.3
377079018.2
377088572.4
377097710.6
377106381.4
377114762.3
377123392
377132710.8
377142718.7
377153291.3
377164213
377175317.1
377186331.1
377196927.9
377206885.6
377216225.3
377225283.4
377234828.4
377245088.5
377256055.4
377267520.2
377279226.3
377290974.8
377302437
377313228.2
377323212.8
377332557.2
377341980.1
377352188.7
377363272.8
377375100.5
377387409.7
377399917.7
377412372.8
377424225.3
377435159.1
377445150.4
377454575.5
377464597.8
377475747
377488042.1
377501220.9
377514898.2
377528853.8
377542499.7
377555317.3
377566987.9
377577563.9
377587786
377599143.5
377611930.4
377625930.3
377640811.3
377656179.8
377671552.6
377686296
377699908.7
377712080.3
377723180.3
377734694
377747696.9
377762100.4
377777936.9
377794589
377811531.2
377828172.8
377843795
377857580.1
377869469.5
377880525.4
377892906.9
377906942.5
377923128.3
377940749.8
377959232.7
377978020.6
377996544.7
378013209.9
378026973.5
378038306.3
378050008
378064518
378081326.9
378100645.5
378120651.8
378141769.9
378163184.1
378184232.6
378202301.6
378217278.8
378230787.4
378247185
378265823.8
378287858.7
378313502.7
378351885.1
378411020
378449937.7
378417226.9
377945821.6
375405102.7
365513886.9
335788068.7
269294571.7
164321158.2
81076017.03
37454678.55
16690449.31
7322282.797
3192442.808
1390671.53
608157.3719
268984.2327
122101.34
58516.69096
30996.28984
19086.06324
13931.87069
11701.42362
10736.26072
10318.58586
10137.89138
10059.67573
10025.87071
10011.20937
10004.90913
10002.13472
10000.96826
10000.44046
10000.22915
10000.12491
10000.08923
10000.072
10000.05404
10000.04729
10000.05883
10000.04352
10000.04801
10000.0484
10000.04735
10000.05113
10000.04126
10000.05194
10000.03925
10000.05316
10000.03913
10000.05368
10000.03997
10000.05863
10000.03445
10000.05485
10000.03447
10000.05499
10000.02962
10000.05609
10000.03183
10000.04892
10000.03119
10000.05104
10000.03185
10000.04867
10000.02816
10000.0563
10000.03577
10000.05632
10000.03876
10000.0542
10000.03215
10000.05117
10000.03261
10000.05602
10000.03084
10000.0603
10000.02657
10000.06405
10000.02462
10000.06726
10000.02315
10000.06821
10000.02326
10000.07025
10000.0155
10000.07439
10000.01757
10000.07992
10000.018
10000.08804
10000.01192
10000.09641
10000.01474
10000.1137
9999.99876
10000.12532
9999.992814
10000.11421
9999.997816
10000.12595
9999.991149
10000.12165
9999.986479
10000.13113
9999.985291
10000.1344
9999.978788
10000.14134
9999.976527
10000.1625
9999.98278
10000.15618
9999.983437
10000.15112
9999.981023
10000.15033
9999.976387
10000.15068
9999.970624
10000.15429
9999.96988
10000.16271
9999.976271
10000.16412
9999.984623
10000.1824
9999.987805
10000.18291
9999.995407
10000.1783
9999.999854
10000.17873
10000.002
10000.17891
10000.00329
10000.17432
10000.00017
10000.17159
9999.998177
10000.17577
10000.00745
10000.18988
10000.00709
10000.18542
10000.0143
10000.1815
10000.02355
10000.17585
10000.01246
10000.17211
10000.00783
10000.16266
10000.02198
10000.15717
10000.03305
10000.1506
10000.03721
10000.15234
10000.03845
10000.15384
10000.04711
10000.15955
10000.04403
10000.16202
10000.04714
10000.14576
10000.04007
10000.13355
10000.03699
10000.13552
10000.03913
10000.1324
10000.03276
10000.13634
10000.03364
10000.1344
10000.03075
10000.12925
10000.02908
10000.13529
10000.02796
10000.13771
10000.02016
10000.14582
10000.01752
10000.16398
10000.0142
10000.16182
10000.01145
10000.17814
10000.00954
10000.18098
10000.00736
10000.17253
10000.01778
10000.17911
10000.03033
10000.17588
10000.03169
10000.17761
10000.02718
10000.16928
10000.02705
10000.1656
10000.0186
10000.17221
10000.01678
10000.17145
10000.01314
10000.16948
10000.02605
10000.15506
10000.03488
10000.13974
10000.04562
10000.13168
10000.05782
10000.11562
10000.09314
10000.09014
10000.12053
10000.06579
10000.13954
10000.04571
10000.1555
10000.03073
10000.16446
10000.00824
10000.1593
10000.00318
10000.16824
9999.99604
10000.17393
10000.00525
10000.1714
10000.01147
10000.16934
10000.01221
10000.15983
10000.00969
10000.15811
10000.01168
10000.16043
10000.00702
10000.17815
10000.00661
10000.17807
10000.00517
10000.17891
10000.00376
10000.18112
10000.00264
10000.17746
10000.00351
10000.17409
10000.01104
10000.16342
10000.01366
10000.16658
10000.01728
10000.16709
10000.01918
10000.15909
10000.00831
10000.15854
10000.00652
10000.16171
10000.00068
10000.1527
9999.986223
10000.15567
9999.992738
10000.1655
9999.993451
10000.17192
9999.98222
10000.18783
9999.98158
10000.17956
9999.988813
10000.16865
9999.991362
10000.16679
10000.00173
10000.17132
9999.999338
10000.1715
10000.00684
10000.17284
10000.0038
10000.18414
10000.00961
10000.16459
10000.01228
10000.16095
10000.00678
10000.16771
10000.00978
10000.17071
10000.00881
10000.16795
10000.01433
10000.1513
10000.01731
10000.16842
10000.00985
10000.16946
10000.00541
10000.16664
10000.01256
10000.16487
10000.01752
10000.16142
10000.01533
10000.16294
10000.01631
10000.16257
10000.02546
10000.15809
10000.03186
10000.16095
10000.03514
10000.14382
10000.03709
10000.15705
10000.04065
10000.15979
10000.04945
10000.15582
10000.06053
10000.14779
10000.05747
10000.14627
10000.06254
10000.13935
10000.07305
10000.13448
10000.08045
10000.1112
10000.09349
10000.09749
10000.11333
10000.07342
10000.11938
10000.05505
10000.12523
10000.04774
10000.12745
10000.04712
10000.13427
10000.05258
10000.13936
10000.05481
10000.15034
10000.04042
10000.16528
10000.03302
10000.15414
10000.0244
10000.15096
10000.02049
10000.15503
10000.01187
10000.1577
10000.00896
10000.15864
10000.00624
10000.16156
10000.00106
10000.15468
10000.00161
10000.15542
10000.00088
10000.15081
9999.992725
10000.14684
9999.998037
10000.1497
10000.0003
10000.14125
10000.01193
10000.15086
10000.02151
10000.15857
10000.02496
10000.15521
10000.01957
10000.15978
10000.01203
10000.15598
10000.00464
10000.1426
9999.995788
10000.13415
9999.989211
10000.13711
9999.987516
10000.14076
9999.990838
10000.14231
9999.991122
10000.14643
9999.990118
10000.12992
9999.992612
10000.12948
9999.991174
10000.13073
9999.988512
10000.13884
9999.984129
10000.14213
9999.980312
10000.16646
9999.980059
10000.16472
9999.986493
10000.16163
9999.986778
10000.16326
9999.988277
10000.17413
9999.986102
10000.18091
9999.987289
10000.16828
9999.99142
10000.15618
9999.996096
10000.15416
10000.00438
10000.16183
9999.997904
10000.14549
9999.998658
10000.14471
10000.00368
10000.14912
9999.999176
10000.1438
9999.998623
10000.15161
9999.981567
10000.15256
9999.979844
10000.13739
9999.987214
10000.1489
9999.992238
10000.14007
9999.994786
10000.14205
10000.00684
10000.13655
10000.0117
10000.13124
10000.01153
10000.13314
10000.01246
10000.12834
10000.02799
10000.12584
10000.03171
10000.12076
10000.03642
10000.11211
10000.05906
10000.09478
10000.08043
10000.08607
10000.08831
10000.07652
10000.09355
10000.07544
10000.10619
10000.06697
10000.11616
10000.06816
10000.12213
10000.06046
10000.12728
10000.04982
10000.13079
10000.05909
10000.14368
10000.04471
10000.1583
10000.0362
10000.14645
10000.03886
10000.15177
10000.04227
10000.14845
10000.05057
10000.1484
10000.04144
10000.1614
10000.03544
10000.16047
10000.03608
10000.16706
10000.04139
10000.15627
10000.03319
10000.14518
10000.03102
10000.14833
10000.03694
10000.14841
10000.03422
10000.15504
10000.02994
10000.14143
10000.03258
10000.13917
10000.03324
10000.14083
10000.03114
10000.14581
10000.02564
10000.15846
10000.02107
10000.14499
10000.01504
10000.15085
10000.01463
10000.14848
10000.01955
10000.14881
10000.03121
10000.14908
10000.0236
10000.15212
10000.01542
10000.14457
10000.01004
10000.16191
10000.01517
10000.14892
10000.00832
10000.14708
10000.01915
10000.14919
10000.01046
10000.14816
10000.00923
10000.15421
10000.02269
10000.13794
10000.02865
10000.138
10000.03168
10000.12867
10000.03338
10000.12892
10000.02982
10000.12676
10000.0321
10000.12226
10000.03557
10000.12606
10000.03793
10000.11968
10000.04578
10000.12949
10000.04228
10000.12376
10000.02782
10000.12899
10000.02853
10000.13645
10000.02883
10000.14767
10000.03077
10000.14023
10000.03208
10000.13373
10000.03424
10000.12617
10000.03103
10000.12684
10000.02635
10000.12098
10000.03581
10000.10969
10000.04081
10000.11069
10000.03076
10000.10159
10000.05145
10000.09831
10000.05248
10000.082
10000.07585
10000.05621
10000.09507
10000.03095
10000.11163
10000.01371
10000.12723
10000.00629
10000.14986
10000.00191
10000.15538
10000.00548
10000.15298
10000.00602
10000.15197
9999.994858
10000.16076
9999.991548
10000.16998
9999.988637
10000.16069
9999.989836
10000.14888
9999.989946
10000.14976
9999.990816
10000.14345
9999.997361
10000.14325
9999.997425
10000.14863
9999.984915
10000.144
9999.991556
10000.14908
9999.987207
10000.1477
9999.984677
10000.15325
9999.992215
10000.15983
9999.991273
10000.1609
9999.992782
10000.15844
9999.99097
10000.15902
9999.995425
10000.15768
9999.984531
10000.16418
9999.983237
10000.166
9999.989344
10000.16735
9999.987755
10000.16552
9999.987114
10000.15121
9999.986184
10000.16063
9999.992002
10000.16646
9999.985567
10000.17626
9999.983501
10000.1745
9999.990576
10000.16706
10000.00107
10000.16358
10000.00811
10000.1695
10000.01077
10000.16271
10000.0142
10000.15644
10000.02655
10000.16765
10000.02427
10000.16659
10000.02675
10000.16982
10000.02448
10000.17607
10000.01441
10000.17054
10000.015
10000.17015
10000.01764
10000.16829
10000.02642
10000.16326
10000.03472
10000.16021
10000.04034
10000.15641
10000.04711
10000.16494
10000.03653
10000.1531
10000.04445
10000.13339
10000.04168
10000.13697
10000.04291
10000.12139
10000.02701
10000.12907
10000.03016
10000.1199
10000.0352
10000.12684
10000.03364
10000.13575
10000.04253
10000.1278
10000.04954
10000.1269
10000.05527
10000.13217
10000.05665
10000.12117
10000.07184
10000.10041
10000.09564
10000.07526
10000.13711
10000.05367
10000.13736
10000.04442
10000.1386
10000.04334
10000.13438
10000.04195
10000.13627
10000.04446
10000.1274
10000.03696
10000.13165
10000.04589
10000.1326
10000.0395
10000.14464
10000.04897
10000.14813
10000.05053
10000.1307
10000.05134
10000.14103
10000.0563
10000.13585
10000.05518
10000.13147
10000.05402
10000.12877
10000.05647
10000.13742
10000.06372
10000.14585
10000.04798
10000.14654
10000.03543
10000.13877
10000.03093
10000.14636
10000.02987
10000.14086
10000.04264
10000.1377
10000.03544
10000.14261
10000.03788
10000.13584
10000.02558
10000.12937
10000.02566
10000.13937
10000.02202
10000.15228
10000.0312
10000.14369
10000.03763
10000.12288
10000.05797
10000.11442
10000.06007
10000.11406
10000.07458
10000.11688
10000.07757
10000.11829
10000.0767
10000.12796
10000.07107
10000.13481
10000.0739
10000.1424
10000.05368
10000.14909
10000.05859
10000.14427
10000.05262
10000.15427
10000.04514
10000.15748
10000.03633
10000.17136
10000.02255
10000.18752
10000.01622
10000.17869
10000.01079
10000.18111
10000.0149
10000.19066
10000.01644
10000.1835
10000.01822
10000.18529
10000.01432
10000.18615
10000.01641
10000.17889
10000.01975
10000.17039
10000.02177
10000.1738
10000.02833
10000.16763
10000.03532
10000.16605
10000.04929
10000.13346
10000.06697
10000.11794
10000.07622
10000.10495
10000.08947
10000.10573
10000.10002
10000.10776
10000.0942
10000.10533
10000.08976
10000.1015
10000.10601
10000.09164
10000.10982
10000.08233
10000.12194
10000.07194
10000.14002
10000.06684
10000.14133
10000.06342
10000.14655
10000.05516
10000.14575
10000.05351
10000.14729
10000.0513
10000.15096
10000.04365
10000.14512
10000.03736
10000.1577
10000.03076
10000.15981
10000.02622
10000.17553
10000.02086
10000.17422
10000.01801
10000.18554
10000.01223
10000.19775
10000.00908
10000.19222
10000.0121
10000.18471
10000.01316
10000.18337
10000.01247
10000.18919
10000.01108
10000.18977
10000.01771
10000.17947
10000.02199
10000.17902
10000.02811
10000.16871
10000.02816
10000.16539
10000.02954
10000.1593
10000.03047
10000.15645
10000.02599
10000.16492
10000.02665
10000.16566
10000.03464
10000.16602
10000.04413
10000.16189
10000.05387
10000.16092
10000.06476
10000.16236
10000.06639
10000.16384
10000.0596
10000.17273
10000.05755
10000.17442
10000.04569
10000.19295
10000.04005
10000.20489
10000.03385
10000.20212
10000.03434
10000.19628
10000.03332
10000.19121
10000.04299
10000.19099
10000.04487
10000.18791
10000.04179
10000.19113
10000.03695
10000.18926
10000.03875
10000.1721
10000.04862
10000.1649
10000.04362
10000.1546
10000.0484
10000.1438
10000.05176
10000.13756
10000.05572
10000.14028
10000.05131
10000.13637
10000.04305
10000.13175
10000.04091
10000.13855
10000.03533
10000.14037
10000.03533
10000.13904
10000.04192
10000.13277
10000.04953
10000.1261
10000.04655
10000.12097
10000.04182
10000.12131
10000.04424
10000.1275
10000.05638
10000.13005
10000.06854
10000.11752
10000.07547
10000.0985
10000.10086
10000.07633
10000.12325
10000.06471
10000.13357
10000.05406
10000.1428
10000.04633
10000.16187
10000.02656
10000.18204
10000.00949
10000.2035
10000.00627
10000.21063
10000.00877
10000.20262
10000.00697
10000.2143
10000.00793
10000.21515
10000.01112
10000.20976
10000.01588
10000.22091
10000.01674
10000.22023
10000.02111
10000.20676
10000.0306
10000.2018
10000.03247
10000.19949
10000.02462
10000.20676
10000.02616
10000.20693
10000.02369
10000.19861
10000.022
10000.19336
10000.0275
10000.18184
10000.03559
10000.18804
10000.03387
10000.18322
10000.03024
10000.18693
10000.03073
10000.19108
10000.02462
10000.2015
10000.02604
10000.21095
10000.02905
10000.2064
10000.02332
10000.21046
10000.0224
10000.20411
10000.01914
10000.21312
10000.02723
10000.21747
10000.0342
10000.21775
10000.03504
10000.21352
10000.03528
10000.21204
10000.04486
10000.22175
10000.04692
10000.20031
10000.05348
10000.17541
10000.05745
10000.16561
10000.0638
10000.15904
10000.06434
10000.15994
10000.05884
10000.16014
10000.05378
10000.15362
10000.06009
10000.16287
10000.06325
10000.16154
10000.06542
10000.16965
10000.06251
10000.16062
10000.05144
10000.17815
10000.0546
10000.18901
10000.04216
10000.2142
10000.03587
10000.214
10000.02889
10000.20038
10000.02108
10000.19505
10000.0227
10000.19275
10000.02506
10000.1901
10000.02785
10000.19343
10000.02791
10000.18821
10000.02415
10000.18679
10000.02087
10000.18001
10000.0224
10000.17292
10000.0252
10000.17426
10000.03405
10000.16154
10000.05313
10000.15652
10000.05508
10000.158
10000.0578
10000.16011
10000.0538
10000.17993
10000.05406
10000.17028
10000.05673
10000.17562
10000.06295
10000.18255
10000.05958
10000.17976
10000.05214
10000.17135
10000.0442
10000.16958
10000.04624
10000.16876
10000.04907
10000.16516
10000.05309
10000.17519
10000.05099
10000.17657
10000.06104
10000.1723
10000.0607
10000.1654
10000.06493
10000.16542
10000.069
10000.17503
10000.08051
10000.1714
10000.08911
10000.16588
10000.07831
10000.16745
10000.07735
10000.16236
10000.0731
10000.17749
10000.07066
10000.1707
10000.06538
10000.17479
10000.05938
10000.17423
10000.0663
10000.16884
10000.06943
10000.17274
10000.05739
10000.18185
10000.05372
10000.18553
10000.06287
10000.17979
10000.05912
10000.17512
10000.04651
10000.16596
10000.04739
10000.17127
10000.04301
10000.17818
10000.04252
10000.19547
10000.04541
10000.19881
10000.04457
10000.20144
10000.03693
10000.21491
10000.03743
10000.2169
10000.04373
10000.20198
10000.0441
10000.20431
10000.05197
10000.19452
10000.06288
10000.18233
10000.08009
10000.17096
10000.09244
10000.16396
10000.09576
10000.15827
10000.08928
10000.15099
10000.08287
10000.14631
10000.08359
10000.14436
10000.08424
10000.14084
10000.09942
10000.14102
10000.08233
10000.15329
10000.07541
10000.14076
10000.06802
10000.14029
10000.07188
10000.13827
10000.06976
10000.12242
10000.06828
10000.13013
10000.07924
10000.13405
10000.09452
10000.14269
10000.08423
10000.1453
10000.0937
10000.14116
10000.09671
10000.13891
10000.10528
10000.12653
10000.12566
10000.11738
10000.13029
10000.12084
10000.13447
10000.10857
10000.15829
10000.10187
10000.14803
10000.1034
10000.14174
10000.1242
10000.14191
10000.10057
10000.14257
10000.09989
10000.14586
10000.10482
10000.15078
10000.11334
10000.16012
10000.10306
10000.14997
10000.10488
10000.14712
10000.09993
10000.1396
10000.11177
10000.14899
10000.11303
10000.16049
10000.11825
10000.17466
10000.11597
10000.15538
10000.11725
10000.15409
10000.11361
10000.14981
10000.10299
10000.15306
10000.10613
10000.1523
10000.11426
10000.16124
10000.11283
10000.16484
10000.09887
10000.17299
10000.09696
10000.17032
10000.09566
10000.17014
10000.08964
10000.17204
10000.08741
10000.16256
10000.0968
10000.16971
10000.09575
10000.16407
10000.09078
10000.16757
10000.08154
10000.1694
10000.06796
10000.17048
10000.07729
10000.17427
10000.07504
10000.18215
10000.07719
10000.17105
10000.07876
10000.16642
10000.08676
10000.16821
10000.08668
10000.16813
10000.09682
10000.17088
10000.09279
10000.17245
10000.0934
10000.18627
10000.08695
10000.19762
10000.07811
10000.20332
10000.0859
10000.18047
10000.08051
10000.17292
10000.07799
10000.18361
10000.0677
10000.18717
10000.06144
10000.18379
10000.06282
10000.18891
10000.06091
10000.18677
10000.06498
10000.18883
10000.06144
10000.19191
10000.06685
10000.2039
10000.07493
10000.20319
10000.08582
10000.19816
10000.09567
10000.17469
10000.1029
10000.17257
10000.10728
10000.15021
10000.11376
10000.15621
10000.12298
10000.15433
10000.13134
10000.13216
10000.13188
10000.12668
10000.12088
10000.13762
10000.11817
10000.13617
10000.1137
10000.13345
10000.12709
10000.14021
10000.13796
10000.14653
10000.14258
10000.13405
10000.1494
10000.12548
10000.17322
10000.12228
10000.16565
10000.12718
10000.15668
10000.12291
10000.15547
10000.12797
10000.15419
10000.11604
10000.16111
10000.11454
10000.15421
10000.097
10000.1533
10000.08623
10000.1672
10000.08095
10000.1732
10000.06643
10000.19444
10000.06323
10000.19183
10000.06795
10000.18164
10000.07495
10000.18939
10000.08432
10000.17387
10000.09058
10000.16275
10000.09166
10000.15609
10000.09527
10000.14513
10000.10908
10000.13452
10000.10024
10000.12424
10000.10959
10000.12667
10000.11312
10000.12536
10000.12953
10000.12286
10000.10478
10000.12194
10000.0932
10000.11236
10000.09848
10000.10657
10000.11215
10000.10985
10000.10809
10000.10605
10000.12104
10000.11198
10000.12449
10000.11189
10000.12266
10000.09123
10000.11007
10000.10132
10000.11
10000.10524
10000.11588
10000.10219
10000.12144
10000.11667
10000.11878
10000.12098
10000.11935
10000.10904
10000.11267
10000.1006
10000.11133
10000.10747
10000.11422
10000.10453
10000.11295
10000.12581
10000.10948
10000.12008
10000.1164
10000.13114
10000.11441
10000.13769
10000.12686
10000.13569
10000.12905
10000.13687
10000.12851
10000.13866
10000.12233
10000.14746
10000.11161
10000.14978
10000.09981
10000.1667
10000.10306
10000.16173
10000.10361
10000.16366
10000.10987
10000.15846
10000.1121
10000.13979
10000.12451
10000.13345
10000.116
10000.11989
10000.11485
10000.12586
10000.10582
10000.11887
10000.10615
10000.11303
10000.1029
10000.10934
10000.10784
10000.10603
10000.11147
10000.10535
10000.11849
10000.10261
10000.12225
10000.10411
10000.13485
10000.11218
10000.128
10000.11361
10000.13292
10000.10888
10000.13801
10000.09736
10000.14312
10000.0993
10000.14192
10000.096
10000.14407
10000.09511
10000.15801
10000.11388
10000.1584
10000.12743
10000.15498
10000.12692
10000.15648
10000.13268
10000.15548
10000.14393
10000.14452
10000.13793
10000.14664
10000.13628
10000.14966
10000.12737
10000.15288
10000.12989
10000.15168
10000.142
10000.14963
10000.1414
10000.15463
10000.14372
10000.15008
10000.1378
10000.14141
10000.13746
10000.14254
10000.12639
10000.15453
10000.10991
10000.17758
10000.0969
10000.18974
10000.09906
10000.19603
10000.09463
10000.1993
10000.09083
10000.18936
10000.09316
10000.19134
10000.09759
10000.1915
10000.10157
10000.18953
10000.09701
10000.19369
10000.10448
10000.19149
10000.09559
10000.20729
10000.0953
10000.20139
10000.10432
10000.20362
10000.10857
10000.19436
10000.1162
10000.1994
10000.11856
10000.20011
10000.12138
10000.18903
10000.12604
10000.17157
10000.12754
10000.15946
10000.1303
10000.14926
10000.14745
10000.14586
10000.14801
10000.13157
10000.16355
10000.11907
10000.1515
10000.11651
10000.1473
10000.12544
10000.13522
10000.11298
10000.14036
10000.13034
10000.12285
10000.12975
10000.11236
10000.12748
10000.1122
10000.13317
10000.11848
10000.11758
10000.11886
10000.10672
10000.11645
10000.12399
10000.12469
10000.11258
10000.12266
10000.11023
10000.13754
10000.10603
10000.13992
10000.09703
10000.1407
10000.08573
10000.14302
10000.07094
10000.1523
10000.06942
10000.14497
10000.06981
10000.16527
10000.06882
10000.17345
10000.06947
10000.19292
10000.07142
10000.1885
10000.07271
10000.18684
10000.06157
10000.18359
10000.07112
10000.17566
10000.07837
10000.16737
10000.07962
10000.16333
10000.08666
10000.16152
10000.0995
10000.15949
10000.103
10000.15101
10000.09922
10000.14689
10000.10027
10000.15165
10000.1055
10000.1465
10000.11037
10000.13816
10000.11762
10000.14723
10000.11364
10000.14519
10000.1165
10000.14425
10000.11827
10000.15535
10000.12637
10000.15537
10000.12535
10000.15892
10000.12114
10000.16317
10000.11648
10000.15997
10000.12132
10000.16658
10000.10263
10000.15654
10000.10369
10000.15353
10000.09537
10000.15944
10000.09466
10000.1639
10000.09095
10000.16393
10000.08018
10000.17435
10000.07397
10000.16338
10000.0864
10000.15826
10000.09236
10000.16136
10000.10271
10000.14593
10000.11056
10000.15267
10000.10856
10000.15181
10000.10772
10000.14444
10000.11117
10000.15595
10000.10894
10000.14264
10000.11687
10000.14785
10000.10759
10000.16417
10000.1028
10000.15142
10000.09818
10000.14557
10000.09744
10000.144
10000.1006
10000.15059
10000.10737
10000.15238
10000.1092
10000.15153
10000.10419
10000.14451
10000.10223
10000.15101
10000.10925
10000.14067
10000.10031
10000.14996
10000.11873
10000.12701
10000.12324
10000.1209
10000.12544
10000.11951
10000.14246
10000.10887
10000.14384
10000.10613
10000.15079
10000.09592
10000.16701
10000.08921
10000.16828
10000.0801
10000.17385
10000.08378
10000.17933
10000.0853
10000.17193
10000.1019
10000.16618
10000.10453
10000.15354
10000.11716
10000.14835
10000.11305
10000.14696
10000.11545
10000.14046
10000.11823
10000.14627
10000.11017
10000.14289
10000.10735
10000.14623
10000.11131
10000.14223
10000.10005
10000.13642
10000.10608
10000.14414
10000.09603
10000.14729
10000.08906
10000.14834
10000.08854
10000.15613
10000.0813
10000.15241
10000.08249
10000.15644
10000.08906
10000.15991
10000.06893
10000.1648
10000.05745
10000.17041
10000.04103
10000.1694
10000.04012
10000.18692
10000.03534
10000.19271
10000.0347
10000.19786
10000.0266
10000.1946
10000.03553
10000.18462
10000.04281
10000.17836
10000.0507
10000.17657
10000.04566
10000.17545
10000.04725
10000.17572
10000.06475
10000.16697
10000.06909
10000.16149
10000.08219
10000.15727
10000.08842
10000.15555
10000.09204
10000.16737
10000.1018
10000.16503
10000.1066
10000.15142
10000.10986
10000.14685
10000.11391
10000.14563
10000.10871
10000.14406
10000.10815
10000.14995
10000.1099
10000.14873
10000.11248
10000.16248
10000.10975
10000.17488
10000.10494
10000.18315
10000.10306
10000.17784
10000.10441
10000.17255
10000.10947
10000.16945
10000.12359
10000.15053
10000.14466
10000.13422
10000.13264
10000.1273
10000.13694
10000.10248
10000.15079
10000.08561
10000.15762
10000.06967
10000.17018
10000.04775
10000.1866
10000.03323
10000.18369
10000.03642
10000.17558
10000.0403
10000.17716
10000.04075
10000.18967
10000.04855
10000.17611
10000.0631
10000.17618
10000.0768
10000.17077
10000.07061
10000.14921
10000.08007
10000.14703
10000.08016
10000.14594
10000.08869
10000.14465
10000.09475
10000.14489
10000.08949
10000.15115
10000.0883
10000.14612
10000.0817
10000.14239
10000.07721
10000.14701
10000.06417
10000.16238
10000.04944
10000.15354
10000.05025
10000.16162
10000.03531
10000.17964
10000.03076
10000.17603
10000.02857
10000.17873
10000.02602
10000.18663
10000.03541
10000.18384
10000.03999
10000.17034
10000.04094
10000.16512
10000.04493
10000.17242
10000.05957
10000.14938
10000.0735
10000.13371
10000.08595
10000.13193
10000.10172
10000.13025
10000.09732
10000.13423
10000.0969
10000.13524
10000.08681
10000.13901
10000.0802
10000.14123
10000.0796
10000.15057
10000.07466
10000.16155
10000.06022
10000.16562
10000.05628
10000.16887
10000.06276
10000.17221
10000.06998
10000.17356
10000.05011
10000.17949
10000.04215
10000.18078
10000.03038
10000.19169
10000.0375
10000.1919
10000.04607
10000.20394
10000.04662
10000.20966
10000.05076
10000.19865
10000.05235
10000.18578
10000.06574
10000.17558
10000.08571
10000.16528
10000.07143
10000.15201
10000.08277
10000.15181
10000.08062
10000.15176
10000.08902
10000.15194
10000.09492
10000.14378
10000.10024
10000.12861
10000.09116
10000.12976
10000.11023
10000.13214
10000.11173
10000.11405
10000.11974
10000.10759
10000.12516
10000.10298
10000.13152
10000.09873
10000.14178
10000.09644
10000.15467
10000.09449
10000.16704
10000.0765
10000.16581
10000.05825
10000.1638
10000.05942
10000.17229
10000.05354
10000.17857
10000.04416
10000.18629
10000.03722
10000.19604
10000.0205
10000.20565
10000.02186
10000.21175
10000.02141
10000.2185
10000.02808
10000.22641
10000.03148
10000.23725
10000.03686
10000.23547
10000.03583
10000.24074
10000.03431
10000.23921
10000.03246
10000.23638
10000.02739
10000.23273
10000.02887
10000.23945
10000.04786
10000.23898
10000.05718
10000.22519
10000.06631
10000.21843
10000.08735
10000.19383
10000.09034
10000.18163
10000.09982
10000.17676
10000.1123
10000.17309
10000.11131
10000.16608
10000.11624
10000.16598
10000.1031
10000.17524
10000.10709
10000.1669
10000.10782
10000.16231
10000.09589
10000.16442
10000.09699
10000.17201
10000.10382
10000.19753
10000.08331
10000.19928
10000.0747
10000.2157
10000.0594
10000.22045
10000.0629
10000.20771
10000.06271
10000.20636
10000.06356
10000.19739
10000.06556
10000.1817
10000.06392
10000.19347
10000.0727
10000.17803
10000.08557
10000.16417
10000.09082
10000.16668
10000.09599
10000.169
10000.10314
10000.16324
10000.11294
10000.16941
10000.11351
10000.16301
10000.12962
10000.16247
10000.13265
10000.15716
10000.13364
10000.16034
10000.13283
10000.16756
10000.12854
10000.16142
10000.12231
10000.16025
10000.12283
10000.16219
10000.12638
10000.17132
10000.13442
10000.17486
10000.12034
10000.18197
10000.11638
10000.17615
10000.12251
10000.16862
10000.12957
10000.15998
10000.13511
10000.14621
10000.14118
10000.12972
10000.15797
10000.12221
10000.16468
10000.11825
10000.17038
10000.11272
10000.17981
10000.1162
10000.17674
10000.11619
10000.18082
10000.12096
10000.18294
10000.11301
10000.18084
10000.11147
10000.17383
10000.11163
10000.1778
10000.11167
10000.18345
10000.11075
10000.17521
10000.10957
10000.17446
10000.11238
10000.17208
10000.12028
10000.18235
10000.12479
10000.19326
10000.13384
10000.17906
10000.11873
10000.16859
10000.1093
10000.15799
10000.10893
10000.16818
10000.10886
10000.17453
10000.10312
10000.18636
10000.09557
10000.20685
10000.06081
10000.22094
10000.05238
10000.23502
10000.04625
10000.23809
10000.04721
10000.23968
10000.0378
10000.23682
10000.04176
10000.24012
10000.03511
10000.24373
10000.0306
10000.24056
10000.03738
10000.2411
10000.03296
10000.2512
10000.02285
10000.24223
10000.04323
10000.22777
10000.0499
10000.21618
10000.06968
10000.20646
10000.06507
10000.19956
10000.08139
10000.18764
10000.08058
10000.17508
10000.07545
10000.17595
10000.0721
10000.16931
10000.0687
10000.17225
10000.06776
10000.16641
10000.0693
10000.16637
10000.08023
10000.16574
10000.09066
10000.17462
10000.06881
10000.16877
10000.06087
10000.17943
10000.05011
10000.19137
10000.05058
10000.19502
10000.04231
10000.18523
10000.0469
10000.19122
10000.0465
10000.16576
10000.05008
10000.15611
10000.04802
10000.15918
10000.05187
10000.14545
10000.06625
10000.12453
10000.07637
10000.11746
10000.0826
10000.0945
10000.10483
10000.09315
10000.10964
10000.08753
10000.11803
10000.09675
10000.12822
10000.08817
10000.13863
10000.08777
10000.14632
10000.08855
10000.12769
10000.0894
10000.11824
10000.09087
10000.12029
10000.09653
10000.12104
10000.09986
10000.13543
10000.09787
10000.13191
10000.10857
10000.1183
10000.11542
10000.12209
10000.12972
10000.13027
10000.13294
10000.13093
10000.13231
10000.13883
10000.12875
10000.15414
10000.12291
10000.16196
10000.11389
10000.17575
10000.10554
10000.18351
10000.10225
10000.17918
10000.09537
10000.16451
10000.09382
10000.16056
10000.10187
10000.15621
10000.116
10000.15576
10000.11468
10000.15545
10000.1168
10000.15634
10000.11703
10000.14009
10000.11266
10000.13768
10000.11386
10000.13216
10000.11231
10000.13002
10000.10539
10000.12268
10000.09097
10000.12717
10000.09479
10000.12764
10000.08697
10000.13911
10000.08639
10000.13056
10000.08249
10000.13054
10000.08567
10000.13169
10000.0957
10000.13728
10000.09126
10000.14613
10000.09471
10000.15803
10000.07592
10000.17
10000.06991
10000.16735
10000.06845
10000.16674
10000.06484
10000.16498
10000.0702
10000.17288
10000.08067
10000.16567
10000.0723
10000.17026
10000.07774
10000.16436
10000.08102
10000.17524
10000.07973
10000.18376
10000.08607
10000.18757
10000.08746
10000.19118
10000.0884
10000.19137
10000.0897
10000.18899
10000.0983
10000.19724
10000.10535
10000.18924
10000.11021
10000.19285
10000.10289
10000.17496
10000.11579
10000.15337
10000.14412
10000.14256
10000.13758
10000.14076
10000.13951
10000.13384
10000.1443
10000.1287
10000.15261
10000.13705
10000.1493
10000.12071
10000.1633
10000.12386
10000.1648
10000.11227
10000.15864
10000.11119
10000.14808
10000.10408
10000.15851
10000.1032
10000.1616
10000.08928
10000.17341
10000.08315
10000.18
10000.0681
10000.1824
10000.05947
10000.19039
10000.05464
10000.18511
10000.05204
10000.17565
10000.05497
10000.1691
10000.06071
10000.17563
10000.07293
10000.16199
10000.09197
10000.16155
10000.08612
10000.16052
10000.0884
10000.16229
10000.09253
10000.16249
10000.09218
10000.15709
10000.08473
10000.14859
10000.09274
10000.1545
10000.08983
10000.15342
10000.09214
10000.16
10000.10057
10000.15787
10000.09784
10000.15631
10000.08872
10000.15306
10000.09093
10000.15057
10000.08461
10000.15213
10000.09307
10000.15676
10000.09361
10000.14085
10000.09869
10000.139
10000.09133
10000.13182
10000.09162
10000.14107
10000.0891
10000.14389
10000.08964
10000.15077
10000.07475
10000.13426
10000.07733
10000.14034
10000.06976
10000.15205
10000.07231
10000.14317
10000.07538
10000.14463
10000.0668
10000.14996
10000.05907
10000.14376
10000.06754
10000.14975
10000.0758
10000.13903
10000.08394
10000.13757
10000.0921
10000.13042
10000.10283
10000.12865
10000.1106
10000.13403
10000.11613
10000.13502
10000.11557
10000.13694
10000.11789
10000.12221
10000.12094
10000.11379
10000.12475
10000.10907
10000.12624
10000.10538
10000.13404
10000.10374
10000.14059
10000.09735
10000.15084
10000.09836
10000.15897
10000.10014
10000.15877
10000.09814
10000.16263
10000.09668
10000.1619
10000.08934
10000.16966
10000.09143
10000.17487
10000.09369
10000.1724
10000.08946
10000.1731
10000.08988
10000.17747
10000.08641
10000.18617
10000.09012
10000.18669
10000.0847
10000.19752
10000.07665
10000.20365
10000.06793
10000.19283
10000.05704
10000.18408
10000.04906
10000.17767
10000.04975
10000.17213
10000.05586
10000.16103
10000.05932
10000.16125
10000.07534
10000.15773
10000.08182
10000.14807
10000.07955
10000.14467
10000.08675
10000.14291
10000.08032
10000.14534
10000.08424
10000.13616
10000.07423
10000.14819
10000.07485
10000.15014
10000.0663
10000.16547
10000.05616
10000.16859
10000.04612
10000.18073
10000.04808
10000.17403
10000.04643
10000.17387
10000.04371
10000.18357
10000.04351
10000.18282
10000.04931
10000.18258
10000.05811
10000.16793
10000.07446
10000.16965
10000.07246
10000.16648
10000.07918
10000.15034
10000.08291
10000.14928
10000.08696
10000.1486
10000.09559
10000.14701
10000.09373
10000.14636
10000.09013
10000.14414
10000.07945
10000.14385
10000.08904
10000.14759
10000.08158
10000.15801
10000.06342
10000.17892
10000.05816
10000.17728
10000.06517
10000.18876
10000.07165
10000.18476
10000.08033
10000.17475
10000.0816
10000.16908
10000.0855
10000.15336
10000.08851
10000.14229
10000.08815
10000.14135
10000.0836
10000.12993
10000.08315
10000.12584
10000.0885
10000.14065
10000.08463
10000.14671
10000.09359
10000.14466
10000.09639
10000.14937
10000.10305
10000.14447
10000.10536
10000.1346
10000.10783
10000.13354
10000.11487
10000.13479
10000.13038
10000.14019
10000.14168
10000.12637
10000.15566
10000.1251
10000.17475
10000.1167
10000.17999
10000.11577
10000.18005
10000.1118
10000.20643
10000.11201
10000.19402
10000.09265
10000.20173
10000.08359
10000.18479
10000.08292
10000.18379
10000.08203
10000.17859
10000.0752
10000.17021
10000.07522
10000.16505
10000.08054
10000.16623
10000.07877
10000.17417
10000.08916
10000.17132
10000.08954
10000.16911
10000.08736
10000.16407
10000.07763
10000.16065
10000.07431
10000.15613
10000.07504
10000.16458
10000.07506
10000.15455
10000.08225
10000.16035
10000.07638
10000.16942
10000.0756
10000.18596
10000.0821
10000.17613
10000.08592
10000.17674
10000.08782
10000.17558
10000.09162
10000.1639
10000.09653
10000.16062
10000.10103
10000.16089
10000.10168
10000.15865
10000.11301
10000.15749
10000.11035
10000.16287
10000.11879
10000.16239
10000.12517
10000.16091
10000.13931
10000.163
10000.13444
10000.15903
10000.1363
10000.16154
10000.12106
10000.1728
10000.11123
10000.18124
10000.09353
10000.17276
10000.09498
10000.17837
10000.09977
10000.16063
10000.0938
10000.14874
10000.09885
10000.13467
10000.11581
10000.13436
10000.12118
10000.13568
10000.11377
10000.13633
10000.10317
10000.13484
10000.08824
10000.1339
10000.08859
10000.13655
10000.08572
10000.12438
10000.08588
10000.125
10000.09434
10000.11308
10000.09834
10000.10529
10000.10192
10000.0951
10000.11589
10000.08942
10000.12337
10000.07528
10000.14791
10000.07083
10000.14573
10000.06678
10000.15414
10000.06582
10000.15453
10000.06882
10000.16419
10000.06416
10000.16122
10000.06453
10000.14246
10000.05845
10000.14043
10000.06001
10000.1335
10000.04332
10000.12929
10000.04726
10000.13125
10000.04068
10000.12739
10000.05226
10000.12871
10000.0504
10000.12577
10000.04281
10000.13339
10000.05847
10000.12682
10000.07118
10000.12607
10000.07728
10000.12058
10000.08069
10000.14119
10000.08542
10000.14638
10000.09238
10000.15464
10000.08117
10000.15789
10000.07687
10000.15504
10000.0804
10000.15692
10000.07613
10000.15112
10000.07291
10000.15141
10000.06988
10000.15075
10000.0597
10000.16081
10000.06559
10000.17841
10000.0648
10000.16321
10000.07023
10000.14977
10000.07872
10000.14649
10000.09455
10000.14685
10000.09924
10000.15899
10000.09438
10000.17054
10000.0932
10000.17299
10000.09209
10000.18108
10000.0933
10000.18007
10000.081
10000.17657
10000.07385
10000.17925
10000.08294
10000.17437
10000.05796
10000.19231
10000.04786
10000.20179
10000.05115
10000.19869
10000.0536
10000.2131
10000.05589
10000.21166
10000.05086
10000.21132
10000.04938
10000.1986
10000.05243
10000.19005
10000.05593
10000.17424
10000.05675
10000.16759
10000.06142
10000.15518
10000.0705
10000.14849
10000.07703
10000.14755
10000.08099
10000.14971
10000.07159
10000.1533
10000.07667
10000.13584
10000.07805
10000.14911
10000.08422
10000.14827
10000.07598
10000.1409
10000.06697
10000.13878
10000.07211
10000.14052
10000.08035
10000.13948
10000.09106
10000.11552
10000.10744
10000.09644
10000.12027
10000.08595
10000.12745
10000.08867
10000.12968
10000.0631
10000.14305
10000.05626
10000.14511
10000.04635
10000.14472
10000.03651
10000.15545
10000.04086
10000.14865
10000.04745
10000.14378
10000.03864
10000.14348
10000.0415
10000.13927
10000.03055
10000.13104
10000.02938
10000.13275
10000.0317
10000.13206
10000.03574
10000.14678
10000.04606
10000.14748
10000.042
10000.14109
10000.04671
10000.12845
10000.0616
10000.12723
10000.07193
10000.13275
10000.08902
10000.13441
10000.08041
10000.13527
10000.07942
10000.13108
10000.08004
10000.12137
10000.09064
10000.11772
10000.07851
10000.11948
10000.07406
10000.13087
10000.06983
10000.12682
10000.07107
10000.11745
10000.07883
10000.12409
10000.10065
10000.11728
10000.09043
10000.11684
10000.08678
10000.12483
10000.07604
10000.1194
10000.07608
10000.11836
10000.07239
10000.1193
10000.07247
10000.12784
10000.06269
10000.14806
10000.07066
10000.14309
10000.07526
10000.14647
10000.0819
10000.14261
10000.07629
10000.14438
10000.07727
10000.14549
10000.08311
10000.13933
10000.08781
10000.14022
10000.08631
10000.13974
10000.08907
10000.14089
10000.08642
10000.13243
10000.08391
10000.131
10000.09203
10000.13441
10000.11286
10000.14191
10000.09182
10000.14431
10000.0904
10000.15197
10000.08659
10000.1533
10000.08063
10000.16234
10000.07677
10000.15344
10000.07731
10000.15137
10000.07002
10000.14699
10000.07575
10000.1483
10000.08031
10000.1433
10000.08407
10000.13679
10000.09221
10000.13782
10000.10871
10000.13684
10000.1291
10000.11694
10000.13397
10000.11448
10000.13345
10000.11006
10000.1543
10000.10515
10000.16704
10000.09214
10000.1826
10000.08858
10000.17508
10000.07369
10000.18196
10000.07048
10000.17777
10000.06107
10000.17414
10000.05847
10000.161
10000.05684
10000.14805
10000.06292
10000.14745
10000.06875
10000.13423
10000.07533
10000.13129
10000.06998
10000.14128
10000.06826
10000.14524
10000.06486
10000.15385
10000.07494
10000.14006
10000.06541
10000.13376
10000.05491
10000.13177
10000.05433
10000.12734
10000.04967
10000.13027
10000.05144
10000.11619
10000.04501
10000.10976
10000.04679
10000.12692
10000.03805
10000.13068
10000.04503
10000.1335
10000.04204
10000.13411
10000.04688
10000.13593
10000.04633
10000.14015
10000.04954
10000.12563
10000.05135
10000.11736
10000.05989
10000.10285
10000.08096
10000.10694
10000.08755
10000.1202
10000.09511
10000.11756
10000.10259
10000.11831
10000.1023
10000.10513
10000.10199
10000.10272
10000.11541
10000.10824
10000.11527
10000.09478
10000.10726
10000.09474
10000.10412
10000.09822
10000.10421
10000.10787
10000.11775
10000.09274
10000.11911
10000.08802
10000.12405
10000.09228
10000.1355
10000.09335
10000.1256
10000.09907
10000.12122
10000.10948
10000.10908
10000.11784
10000.09412
10000.12028
10000.10465
10000.13225
10000.10678
10000.1236
10000.08863
10000.1314
10000.08085
10000.13322
10000.07652
10000.13353
10000.07437
10000.12746
10000.07478
10000.11353
10000.08188
10000.10869
10000.08932
10000.10814
10000.0845
10000.10419
10000.09438
10000.11221
10000.10209
10000.1025
10000.10698
10000.09537
10000.11183
10000.08812
10000.11044
10000.09944
10000.10063
10000.09828
10000.09155
10000.08674
10000.09027
10000.0808
10000.08449
10000.09266
10000.09014
10000.08916
10000.08533
10000.0842
10000.07404
10000.07762
10000.07687
10000.06693
10000.07988
10000.0654
10000.09298
10000.0546
10000.10663
10000.07349
10000.09135
10000.06519
10000.09659
10000.06305
10000.0953
10000.05945
10000.10253
10000.05716
10000.1025
10000.06097
10000.10701
10000.06379
10000.09878
10000.0621
10000.10113
10000.07123
10000.09113
10000.07078
10000.0883
10000.06598
10000.0912
10000.06414
10000.10806
10000.05714
10000.09504
10000.05095
10000.09359
10000.04993
10000.09408
10000.04703
10000.09206
10000.05232
10000.08406
10000.05813
10000.08328
10000.05857
10000.08031
10000.05921
10000.08263
10000.06011
10000.08688
10000.06424
10000.08544
10000.06039
10000.08894
10000.05715
10000.07801
10000.05874
10000.07904
10000.05732
10000.0762
10000.03921
10000.09349
10000.03013
10000.08797
10000.02783
10000.08673
10000.04488
10000.07785
10000.03924
10000.07889
10000.04345
10000.06847
10000.04704
10000.07384
10000.05596
10000.08233
10000.05749
10000.08049
10000.05861
10000.08622
10000.0657
10000.08253
10000.07641
10000.07921
10000.07326
10000.08344
10000.07777
10000.09192
10000.0834
10000.09075
10000.08778
10000.09665
10000.08314
10000.08794
10000.08821
10000.07844
10000.0952
10000.07967
10000.10709
10000.07646
10000.09163
10000.08277
10000.0833
10000.09094
10000.08595
10000.09439
10000.09485
10000.09177
10000.08471
10000.09642
10000.06502
10000.10068
10000.06923
10000.09701
10000.0741
10000.09761
10000.07564
10000.10048
10000.07268
10000.10326
10000.06553
10000.0916
10000.07011
10000.08761
10000.06659
10000.08764
10000.07521
10000.08883
10000.06433
10000.08695
10000.06993
10000.08398
10000.06769
10000.07849
10000.07658
10000.0895
10000.07914
10000.07441
10000.08936
10000.07103
10000.08422
10000.06618
10000.09296
10000.06958
10000.09129
10000.06741
10000.10011
10000.0719
10000.09526
10000.06922
10000.09411
10000.07255
10000.09325
10000.07096
10000.09641
10000.0749
10000.092
10000.08606
10000.08898
10000.08255
10000.08873
10000.06561
10000.09284
10000.06488
10000.09788
10000.05333
10000.08088
10000.05017
10000.07867
10000.04609
10000.07769
10000.04458
10000.08051
10000.04974
10000.07904
10000.04599
10000.07081
10000.04274
10000.07495
10000.04539
10000.08432
10000.04134
10000.08572
10000.03718
10000.08323
10000.03467
10000.08328
10000.03848
10000.07682
10000.0282
10000.08078
10000.05491
10000.07846
10000.03867
10000.08206
10000.03135
10000.08959
10000.03903
10000.08415
10000.05447
10000.07541
10000.04727
10000.08095
10000.05075
10000.07486
10000.05574
10000.07223
10000.06376
10000.06478
10000.05986
10000.05966
10000.05671
10000.0627
10000.06764
10000.05901
10000.06743
10000.0654
10000.05035
10000.07533
10000.04778
10000.07466
10000.05523
10000.08735
10000.06621
10000.07873
10000.07471
10000.07913
10000.0819
10000.07418
10000.08561
10000.07094
10000.09705
10000.06441
10000.10074
10000.05494
10000.08511
10000.05254
10000.08075
10000.04332
10000.08355
10000.04494
10000.08653
10000.02775
10000.08105
10000.03274
10000.08652
10000.03183
10000.08226
10000.02504
10000.09175
10000.0207
10000.08297
10000.02532
10000.08422
10000.02077
10000.08493
10000.02933
10000.08507
10000.03497
10000.07926
10000.04709
10000.07405
10000.05651
10000.06871
10000.06034
10000.0648
10000.0653
10000.06107
10000.06297
10000.05079
10000.05467
10000.04697
10000.06243
10000.0501
10000.05512
10000.05161
10000.05794
10000.04835
10000.05512
10000.05751
10000.05894
10000.06664
10000.06614
10000.0597
10000.07383
10000.06086
10000.06639
10000.06314
10000.06113
10000.06158
10000.0596
10000.06334
10000.08163
10000.05971
10000.0718
10000.05343
10000.06829
10000.06343
10000.06605
10000.05816
10000.06718
10000.06063
10000.05446
10000.05729
10000.05867
10000.05853
10000.06826
10000.05496
10000.06255
10000.06049
10000.05871
10000.06329
10000.06333
10000.06209
10000.06525
10000.06572
10000.05871
10000.06799
10000.06085
10000.07221
10000.06961
10000.0815
10000.07081
10000.08244
10000.07897
10000.08461
10000.08181
10000.08623
10000.08565
10000.078
10000.08898
10000.0782
10000.09296
10000.07403
10000.08787
10000.07703
10000.08306
10000.07305
10000.06761
10000.0552
10000.06191
10000.05278
10000.04786
10000.04827
10000.04779
10000.04384
10000.05112
10000.04413
10000.05993
10000.04608
10000.06552
10000.03273
10000.06144
10000.03447
10000.05934
10000.0234
10000.07103
10000.02221
10000.06814
10000.01967
10000.06906
10000.02882
10000.06968
10000.03328
10000.07456
10000.03856
10000.06898
10000.04262
10000.06809
10000.04061
10000.07343
10000.05293
10000.06812
10000.05327
10000.05791
10000.06251
10000.05972
10000.07213
10000.05667
10000.05536
10000.0712
10000.0502
10000.07602
10000.05953
10000.06601
10000.07036
10000.07098
10000.06134
10000.08354
10000.03492
10000.08536
10000.04368
10000.08912
10000.04476
10000.08592
10000.0433
10000.08829
10000.04544
10000.08852
10000.04561
10000.07661
10000.04388
10000.07127
10000.04664
10000.07707
10000.04103
10000.07072
10000.0389
10000.0699
10000.02661
10000.06784
10000.034
10000.08276
10000.02899
10000.09258
10000.03318
10000.08281
10000.03579
10000.08087
10000.03903
10000.08171
10000.02863
10000.08338
10000.03513
10000.07568
10000.03322
10000.07253
10000.03787
10000.07774
10000.04476
10000.08334
10000.03515
10000.07733
10000.03977
10000.07201
10000.02939
10000.07448
10000.03708
10000.06257
10000.04178
10000.06703
10000.04347
10000.06143
10000.04581
10000.07116
10000.05888
10000.07061
10000.05723
10000.06946
10000.05537
10000.07416
10000.05263
10000.0825
10000.05301
10000.08792
10000.05133
10000.08571
10000.05899
10000.08564
10000.05275
10000.0869
10000.0539
10000.08269
10000.06425
10000.08188
10000.05814
10000.08635
10000.06225
10000.08211
10000.06056
10000.06837
10000.05648
10000.06086
10000.05649
10000.06351
10000.05251
10000.06329
10000.07455
10000.07654
10000.08379
10000.0663
10000.09443
10000.06715
10000.09054
10000.07029
10000.08953
10000.06839
10000.08943
10000.07388
10000.10846
10000.0647
10000.10081
10000.06557
10000.08396
10000.0849
10000.07831
10000.0636
10000.06821
10000.05528
10000.07169
10000.05345
10000.06216
10000.06217
10000.06175
10000.06339
10000.07066
10000.0639
10000.06444
10000.06048
10000.06572
10000.07185
10000.06428
10000.06328
10000.06428
10000.048
10000.06898
10000.05213
10000.06534
10000.05833
10000.06487
10000.05635
10000.05237
10000.06399
10000.07198
10000.05582
10000.06433
10000.05861
10000.0607
10000.05326
10000.05683
10000.03815
10000.05924
10000.03614
10000.06113
10000.04321
10000.05571
10000.04081
10000.06437
10000.04029
10000.04583
10000.05157
10000.05103
10000.05302
10000.05332
10000.05166
10000.06379
10000.0506
10000.06571
10000.05364
10000.06669
10000.05501
10000.07424
10000.05192
10000.07643
10000.04917
10000.08686
10000.04395
10000.0754
10000.036
10000.07462
10000.02293
10000.07466
10000.02525
10000.08341
10000.02296
10000.0857
10000.02319
10000.089
10000.02707
10000.08718
10000.02143
10000.08879
10000.01994
10000.0814
10000.03311
10000.09031
10000.03521
10000.08657
10000.03672
10000.08534
10000.04506
10000.08607
10000.05414
10000.09148
10000.06115
10000.10075
10000.05488
10000.09513
10000.04617
10000.07998
10000.05895
10000.08374
10000.06389
10000.08897
10000.06133
10000.0852
10000.07369
10000.08493
10000.06219
10000.08371
10000.08102
10000.0878
10000.08328
10000.08877
10000.08287
10000.07748
10000.09975
10000.0686
10000.11386
10000.07119
10000.10052
10000.08167
10000.09833
10000.08674
10000.09666
10000.08071
10000.09435
10000.08405
10000.09272
10000.09148
10000.09388
10000.07034
10000.08919
10000.06279
10000.09361
10000.06349
10000.08635
10000.05931
10000.0842
10000.0672
10000.0876
10000.06276
10000.09501
10000.06066
10000.08623
10000.05918
10000.09066
10000.05305
10000.09749
10000.05598
10000.08663
10000.06482
10000.07851
10000.0738
10000.07706
10000.07891
10000.0842
10000.07767
10000.09294
10000.07719
10000.08916
10000.09176
10000.07739
10000.08137
10000.07349
10000.06982
10000.06865
10000.07106
10000.06459
10000.07175
10000.06248
10000.07674
10000.06056
10000.07073
10000.06513
10000.0717
10000.0631
10000.07053
10000.06816
10000.06804
10000.07599
10000.0689
10000.07254
10000.06834
10000.0732
10000.06291
10000.06716
10000.06449
10000.06586
10000.06065
10000.06891
10000.06629
10000.05796
10000.06038
10000.06633
10000.05486
10000.06136
10000.04543
10000.05996
10000.03602
10000.06304
10000.04608
10000.07207
10000.04554
10000.07608
10000.04226
10000.07897
10000.0513
10000.07004
10000.06416
10000.0831
10000.06809
10000.096
10000.06276
10000.081
10000.07114
10000.0731
10000.07234
10000.07132
10000.07054
10000.07196
10000.07451
10000.07462
10000.08115
10000.06604
10000.08541
10000.05851
10000.07456
10000.0647
10000.08018
10000.06951
10000.08383
10000.06607
10000.08162
10000.06184
10000.08524
10000.06291
10000.08293
10000.06101
10000.08474
10000.05174
10000.07842
10000.04954
10000.07677
10000.05413
10000.07484
10000.06427
10000.07827
10000.05725
10000.09117
10000.05404
10000.08763
10000.04832
10000.08775
10000.06607
10000.0915
10000.05662
10000.08866
10000.06068
10000.09391
10000.05573
10000.09285
10000.05983
10000.09607
10000.05822
10000.10347
10000.04708
10000.09987
10000.04806
10000.09843
10000.05103
10000.10871
10000.0452
10000.12137
10000.04172
10000.12402
10000.05439
10000.11814
10000.05823
10000.10614
10000.06618
10000.09594
10000.0584
10000.09771
10000.05666
10000.09715
10000.05888
10000.10208
10000.04406
10000.10477
10000.03656
10000.11112
10000.03949
10000.11574
10000.03537
10000.12699
10000.03004
10000.13658
10000.02773
10000.13763
10000.0423
10000.12283
10000.04503
10000.10966
10000.03734
10000.10131
10000.03959
10000.10378
10000.04016
10000.10053
10000.04056
10000.10344
10000.02969
10000.08911
10000.02856
10000.07731
10000.03616
10000.07865
10000.05006
10000.07003
10000.04271
10000.07166
10000.04354
10000.07481
10000.05273
10000.06713
10000.0588
10000.06141
10000.04607
10000.06738
10000.04399
10000.08456
10000.03807
10000.07926
10000.03958
10000.07677
10000.03631
10000.08747
10000.03271
10000.08958
10000.0316
10000.08513
10000.02959
10000.08081
10000.02362
10000.0825
10000.01546
10000.09088
10000.02276
10000.07693
10000.02115
10000.06942
10000.02835
10000.07685
10000.02785
10000.06989
10000.03217
10000.06268
10000.04751
10000.05022
10000.03886
10000.05037
10000.04858
10000.04616
10000.04904
10000.04235
10000.05134
10000.04664
10000.05593
10000.043
10000.06129
10000.05616
10000.06791
10000.05461
10000.06546
10000.05484
10000.06286
10000.05586
10000.07146
10000.05231
10000.0688
10000.03434
10000.07264
10000.04063
10000.08109
10000.05444
10000.08292
10000.05871
10000.08269
10000.04676
10000.07899
10000.04863
10000.07633
10000.04801
10000.08001
10000.05134
10000.07708
10000.04941
10000.07362
10000.04282
10000.08016
10000.04525
10000.08291
10000.0549
10000.09122
10000.05494
10000.09911
10000.05129
10000.08931
10000.0462
10000.08482
10000.05335
10000.08186
10000.04995
10000.08212
10000.03612
10000.0768
10000.03705
10000.07762
10000.04495
10000.08336
10000.04399
10000.08788
10000.04838
10000.08807
10000.05109
10000.07775
10000.05339
10000.08401
10000.05364
10000.08304
10000.0586
10000.0918
10000.05494
10000.08663
10000.05155
10000.07843
10000.05014
10000.07806
10000.04076
10000.07126
10000.04067
10000.06855
10000.0443
10000.05825
10000.04374
10000.06871
10000.03053
10000.07202
10000.04473
10000.07703
10000.03952
10000.07684
10000.03664
10000.07258
10000.03735
10000.0727
10000.03681
10000.05714
10000.03485
10000.06258
10000.04587
10000.06553
10000.03877
10000.07243
10000.04843
10000.07647
10000.05752
10000.06958
10000.05242
10000.06552
10000.05833
10000.0635
10000.05569
10000.07117
10000.06723
10000.08045
10000.06404
10000.07761
10000.06452
10000.06686
10000.06742
)
;

boundaryField
{
    sides
    {
        type            zeroGradient;
    }
    empty1
    {
        type            empty;
    }
    empty2
    {
        type            empty;
    }
}


// ************************************************************************* //
