/*--------------------------------*- C++ -*----------------------------------*\
| =========                 |                                                 |
| \\      /  F ield         | OpenFOAM: The Open Source CFD Toolbox           |
|  \\    /   O peration     | Version:  2312                                  |
|   \\  /    A nd           | Website:  www.openfoam.com                      |
|    \\/     M anipulation  |                                                 |
\*---------------------------------------------------------------------------*/
FoamFile
{
    version     2.0;
    format      ascii;
    arch        "LSB;label=32;scalar=64";
    class       volScalarField;
    location    "0.0008";
    object      rhoHat;
}
// * * * * * * * * * * * * * * * * * * * * * * * * * * * * * * * * * * * * * //

dimensions      [1 -3 0 0 0 0 0];

internalField   nonuniform List<scalar> 
5000
(
1.818989404e-12
0
1.818989404e-12
0
1.818989404e-12
0
0
0
0
0
0
0
1.818989404e-12
1.818989404e-12
0
0
1.818989404e-12
0
1.818989404e-12
1.818989404e-12
0
0
0
1.818989404e-12
0
0
0
0
1.818989404e-12
1.818989404e-12
1.818989404e-12
1.818989404e-12
1.818989404e-12
0
1.818989404e-12
1.818989404e-12
0
1.818989404e-12
0
0
0
0
0
0
0
0
0
1.818989404e-12
0
1.818989404e-12
1.818989404e-12
1.818989404e-12
0
0
0
1.818989404e-12
1.818989404e-12
1.818989404e-12
1.818989404e-12
0
0
0
0
1.818989404e-12
0
0
0
0
0
-1.818989404e-12
1.818989404e-12
1.818989404e-12
0
-1.818989404e-12
-3.637978807e-12
1.818989404e-12
1.818989404e-12
1.818989404e-12
0
-1.818989404e-12
0
-1.818989404e-12
-1.818989404e-12
0
-1.818989404e-12
-1.818989404e-12
1.818989404e-12
0
0
0
-1.818989404e-12
0
1.818989404e-12
1.818989404e-12
0
0
1.818989404e-12
1.818989404e-12
1.818989404e-12
1.818989404e-12
1.818989404e-12
0
0
1.818989404e-12
0
1.818989404e-12
1.818989404e-12
0
-1.818989404e-12
0
-1.818989404e-12
1.818989404e-12
0
0
0
-1.818989404e-12
1.818989404e-12
-1.818989404e-12
0
0
0
0
0
0
0
-1.818989404e-12
1.818989404e-12
1.818989404e-12
0
-1.818989404e-12
1.818989404e-12
-1.818989404e-12
-1.818989404e-12
0
0
-1.818989404e-12
-1.818989404e-12
0
0
3.637978807e-12
1.818989404e-12
-3.637978807e-12
1.818989404e-12
-1.818989404e-12
0
0
0
0
0
0
-1.818989404e-12
0
3.637978807e-12
0
0
0
0
0
-1.818989404e-12
0
0
0
-1.818989404e-12
0
0
0
-1.818989404e-12
0
0
0
1.818989404e-12
-9.094947018e-13
0
0
0
-9.094947018e-13
1.818989404e-12
-9.094947018e-13
0
0
-9.094947018e-13
0
9.094947018e-13
1.818989404e-12
-9.094947018e-13
0
0
0
-9.094947018e-13
9.094947018e-13
0
-1.818989404e-12
0
1.818989404e-12
-1.818989404e-12
0
9.094947018e-13
-9.094947018e-13
9.094947018e-13
9.094947018e-13
0
1.818989404e-12
0
-9.094947018e-13
0
0
9.094947018e-13
1.818989404e-12
0
-1.818989404e-12
0
-9.094947018e-13
0
9.094947018e-13
-9.094947018e-13
0
-9.094947018e-13
0
0
0
-9.094947018e-13
0
1.818989404e-12
-9.094947018e-13
0
0
0
0
9.094947018e-13
-9.094947018e-13
0
0
0
0
1.818989404e-12
0
0
-9.094947018e-13
0
0
0
0
-9.094947018e-13
1.818989404e-12
-1.818989404e-12
0
0
-1.818989404e-12
0
0
0
9.094947018e-13
0
-9.094947018e-13
0
1.818989404e-12
-9.094947018e-13
0
0
0
-1.818989404e-12
0
0
0
-1.818989404e-12
0
0
0
0
-1.818989404e-12
-9.094947018e-13
0
0
1.818989404e-12
-1.818989404e-12
0
-1.818989404e-12
0
-1.818989404e-12
0
0
1.818989404e-12
0
0
0
0
0
0
0
0
0
0
2.728484105e-12
3.637978807e-12
1.546140993e-11
4.91127139e-11
1.673470251e-10
5.27506927e-10
1.641637937e-09
4.98494046e-09
1.479293132e-08
4.284083843e-08
1.211592462e-07
3.347331585e-07
9.036202755e-07
2.384162144e-06
6.149813089e-06
1.551197511e-05
3.826916691e-05
9.236360347e-05
0.0002181262535
0.0005041393033
0.001140522253
0.002526024899
0.005477905493
0.01163303135
0.02419504177
0.04929017354
0.09836415767
0.1923040113
0.3683326359
0.6912051492
1.270830979
2.289089558
4.0390831
6.98005986
11.80991609
19.55348905
31.65693443
50.0645437
77.23361733
116.019131
169.3463231
239.6106378
327.8366372
432.7964489
550.4390283
674.2768679
795.6705318
906.5118404
1000.843933
1073.323816
1123.029746
1149.719694
1153.411847
1140.072318
1111.391014
1079.278475
1052.258577
1032.479313
1018.800959
1009.720572
1003.87944
1000.219782
997.9790659
996.6353377
995.8448083
995.3880438
995.1286258
994.983711
994.9040458
994.8609248
994.837933
994.825852
994.819594
994.8163972
994.8147862
994.8139851
994.8135919
994.8134014
994.8133102
994.8132671
994.813247
994.8132377
994.8132334
994.8132315
994.8132307
994.8132303
994.8132301
994.8132301
994.81323
994.81323
994.81323
994.81323
994.81323
994.81323
994.81323
994.81323
994.81323
994.81323
994.81323
994.81323
994.81323
994.81323
994.81323
994.81323
994.81323
994.81323
994.81323
994.81323
994.81323
994.81323
994.81323
994.81323
994.81323
994.81323
994.81323
994.81323
994.81323
994.81323
994.81323
994.81323
994.81323
994.81323
994.81323
994.81323
994.81323
994.81323
994.81323
994.81323
994.81323
994.81323
994.81323
994.81323
994.81323
994.81323
994.81323
994.81323
994.81323
994.81323
994.81323
994.81323
994.81323
994.81323
994.81323
994.81323
994.81323
994.81323
994.81323
994.81323
994.81323
994.81323
994.81323
994.81323
994.81323
994.81323
994.81323
994.81323
994.81323
994.81323
994.81323
994.81323
994.81323
994.81323
994.81323
994.81323
994.81323
994.81323
994.81323
994.81323
994.81323
994.81323
994.81323
994.81323
994.81323
994.81323
994.81323
994.81323
994.81323
994.81323
994.81323
994.81323
994.81323
994.81323
994.81323
994.81323
994.81323
994.81323
994.81323
994.81323
994.81323
994.81323
994.81323
994.81323
994.81323
994.81323
994.81323
994.81323
994.81323
994.81323
994.81323
994.81323
994.81323
994.81323
994.81323
994.81323
994.81323
994.81323
994.81323
994.81323
994.81323
994.81323
994.81323
994.81323
994.81323
994.81323
994.81323
994.81323
994.81323
994.81323
994.81323
994.81323
994.81323
994.81323
994.81323
994.81323
994.81323
994.81323
994.81323
994.81323
994.81323
994.81323
994.81323
994.81323
994.81323
994.81323
994.81323
994.81323
994.81323
994.81323
994.81323
994.81323
994.81323
994.81323
994.81323
994.81323
994.81323
994.81323
994.81323
994.81323
994.81323
994.81323
994.81323
994.81323
994.81323
994.81323
994.81323
994.81323
994.81323
994.81323
994.81323
994.81323
994.81323
994.81323
994.81323
994.81323
994.81323
994.81323
994.81323
994.81323
994.81323
994.81323
994.81323
994.81323
994.81323
994.81323
994.81323
994.81323
994.81323
994.81323
994.81323
994.81323
994.81323
994.81323
994.81323
994.81323
994.81323
994.81323
994.81323
994.81323
994.81323
994.81323
994.81323
994.81323
994.81323
994.81323
994.81323
994.81323
994.81323
994.81323
994.81323
994.81323
994.81323
994.81323
994.81323
994.81323
994.81323
994.81323
994.81323
994.81323
994.81323
994.81323
994.81323
994.81323
994.81323
994.81323
994.81323
994.81323
994.81323
994.81323
994.81323
994.81323
994.81323
994.81323
994.81323
994.81323
994.81323
994.81323
994.81323
994.81323
994.81323
994.81323
994.81323
994.81323
994.81323
994.81323
994.81323
994.81323
994.81323
994.81323
994.81323
994.81323
994.81323
994.81323
994.81323
994.81323
994.81323
994.81323
994.81323
994.81323
994.81323
994.81323
994.81323
994.81323
994.81323
994.81323
994.81323
994.81323
994.81323
994.81323
994.81323
994.81323
994.81323
994.81323
994.81323
994.81323
994.81323
994.81323
994.81323
994.81323
994.81323
994.81323
994.81323
994.81323
994.81323
994.81323
994.81323
994.81323
994.81323
994.81323
994.81323
994.81323
994.81323
994.81323
994.81323
994.81323
994.81323
994.81323
994.81323
994.81323
994.81323
994.81323
994.81323
994.81323
994.81323
994.81323
994.81323
994.81323
994.81323
994.81323
994.81323
994.81323
994.81323
994.81323
994.81323
994.81323
994.81323
994.81323
994.81323
994.81323
994.81323
994.81323
994.81323
994.81323
994.81323
994.81323
994.81323
994.81323
994.81323
994.81323
994.81323
994.81323
994.81323
994.81323
994.81323
994.81323
994.81323
994.81323
994.81323
994.81323
994.81323
994.81323
994.81323
994.81323
994.81323
994.81323
994.81323
994.81323
994.81323
994.81323
994.81323
994.81323
994.81323
994.81323
994.81323
994.81323
994.81323
994.81323
994.81323
994.81323
994.81323
994.81323
994.81323
994.81323
994.81323
994.81323
994.81323
994.81323
994.81323
994.81323
994.81323
994.81323
994.81323
994.81323
994.81323
994.81323
994.81323
994.81323
994.81323
994.81323
994.81323
994.81323
994.81323
994.81323
994.81323
994.81323
994.81323
994.81323
994.81323
994.81323
994.81323
994.81323
994.81323
994.81323
994.81323
994.81323
994.81323
994.81323
994.81323
994.81323
994.81323
994.81323
994.81323
994.81323
994.81323
994.81323
994.81323
994.81323
994.81323
994.81323
994.81323
994.81323
994.81323
994.81323
994.81323
994.81323
994.81323
994.81323
994.81323
994.81323
994.81323
994.81323
994.81323
994.81323
994.81323
994.81323
994.81323
994.81323
994.81323
994.81323
994.81323
994.81323
994.81323
994.81323
994.81323
994.81323
994.81323
994.81323
994.81323
994.81323
994.81323
994.81323
994.81323
994.81323
994.81323
994.81323
994.81323
994.81323
994.81323
994.81323
994.81323
994.81323
994.81323
994.81323
994.81323
994.81323
994.81323
994.81323
994.81323
994.81323
994.81323
994.81323
994.81323
994.81323
994.81323
994.81323
994.81323
994.81323
994.81323
994.81323
994.81323
994.81323
994.81323
994.81323
994.81323
994.81323
994.81323
994.81323
994.81323
994.81323
994.81323
994.81323
994.81323
994.81323
994.81323
994.81323
994.81323
994.81323
994.81323
994.81323
994.81323
994.81323
994.81323
994.81323
994.81323
994.81323
994.81323
994.81323
994.81323
994.81323
994.81323
994.81323
994.81323
994.81323
994.81323
994.81323
994.81323
994.81323
994.81323
994.81323
994.81323
994.81323
994.81323
994.81323
994.81323
994.81323
994.81323
994.81323
994.81323
994.81323
994.81323
994.81323
994.81323
994.81323
994.81323
994.81323
994.81323
994.81323
994.81323
994.81323
994.81323
994.81323
994.81323
994.81323
994.81323
994.81323
994.81323
994.81323
994.81323
994.81323
994.81323
994.81323
994.81323
994.81323
994.81323
994.81323
994.81323
994.81323
994.81323
994.81323
994.81323
994.81323
994.81323
994.81323
994.81323
994.81323
994.81323
994.8132296
994.8132299
994.81323
994.81323
994.81323
994.81323
994.81323
994.81323
994.81323
994.81323
994.81323
994.81323
994.81323
994.81323
994.81323
994.81323
994.81323
994.81323
994.81323
994.81323
994.81323
994.81323
994.81323
994.81323
994.81323
994.8132297
994.81323
994.81323
994.81323
994.81323
994.81323
994.81323
994.81323
994.81323
994.81323
994.81323
994.81323
994.81323
994.81323
994.81323
994.81323
994.81323
994.81323
994.81323
994.81323
994.81323
994.81323
994.81323
994.81323
994.8132298
994.81323
994.81323
994.81323
994.81323
994.81323
994.81323
994.81323
994.81323
994.81323
994.81323
994.81323
994.81323
994.81323
994.8132298
994.81323
994.8132295
994.81323
994.8132298
994.81323
994.81323
994.81323
994.8132298
994.81323
994.8132296
994.81323
994.81323
994.81323
994.8132299
994.81323
994.8132296
994.81323
994.8132295
994.81323
994.81323
994.81323
994.81323
994.81323
994.8132296
994.81323
994.8132296
994.81323
994.8132297
994.81323
994.81323
994.81323
994.8132297
994.81323
994.8132295
994.81323
994.8132297
994.81323
994.81323
994.81323
994.8132298
994.81323
994.8132299
994.81323
994.8132298
994.81323
994.81323
994.81323
994.8132297
994.81323
994.8132298
994.81323
994.8132297
994.81323
994.81323
994.81323
994.8132297
994.81323
994.8132294
994.81323
994.81323
994.81323
994.81323
994.81323
994.81323
994.81323
994.8132297
994.81323
994.81323
994.81323
994.81323
994.81323
994.8132298
994.81323
994.8132296
994.81323
994.8132298
994.81323
994.81323
994.81323
994.81323
994.81323
994.8132296
994.81323
994.81323
994.81323
994.81323
994.81323
994.81323
994.81323
994.8132298
994.81323
994.8132297
994.81323
994.8132299
994.81323
994.8132297
994.81323
994.8132298
994.81323
994.8132298
994.81323
994.81323
994.81323
994.81323
994.81323
994.8132296
994.81323
994.81323
994.81323
994.81323
994.81323
994.8132296
994.81323
994.8132297
994.81323
994.81323
994.81323
994.8132297
994.81323
994.8132295
994.81323
994.8132294
994.81323
994.8132297
994.8132297
994.81323
994.8132296
994.81323
994.81323
994.81323
994.8132298
994.81323
994.8132297
994.81323
994.8132297
994.81323
994.8132298
994.81323
994.8132296
994.81323
994.8132299
994.81323
994.8132297
994.81323
994.81323
994.81323
994.81323
994.81323
994.8132299
994.81323
994.8132296
994.81323
994.81323
994.81323
994.8132297
994.81323
994.8132298
994.81323
994.8132295
994.81323
994.8132296
994.81323
994.81323
994.81323
994.8132298
994.81323
994.8132295
994.81323
994.81323
994.81323
994.8132299
994.81323
994.8132299
994.81323
994.8132297
994.81323
994.81323
994.81323
994.8132297
994.81323
994.8132298
994.81323
994.8132295
994.8132299
994.8132297
994.81323
994.81323
994.81323
994.8132297
994.81323
994.8132298
994.81323
994.8132298
994.81323
994.8132298
994.81323
994.8132299
994.81323
994.8132295
994.81323
994.81323
994.81323
994.81323
994.81323
994.8132298
994.81323
994.8132297
994.81323
994.8132297
994.81323
994.81323
994.81323
994.8132297
994.81323
994.8132295
994.81323
994.8132299
994.81323
994.81323
994.81323
994.8132296
994.81323
994.8132298
994.81323
994.81323
994.81323
994.81323
994.81323
994.8132298
994.81323
994.8132296
994.81323
994.8132298
994.81323
994.81323
994.81323
994.81323
994.81323
994.8132293
994.81323
994.8132299
994.81323
994.81323
994.81323
994.81323
994.81323
994.8132298
994.81323
994.81323
994.8132297
994.81323
994.8132299
994.81323
994.8132296
994.81323
994.81323
994.81323
994.81323
994.81323
994.8132296
994.81323
994.8132296
994.81323
994.81323
994.81323
994.81323
994.81323
994.81323
994.81323
994.8132296
994.81323
994.8132298
994.81323
994.8132298
994.81323
994.8132297
994.81323
994.81323
994.81323
994.81323
994.81323
994.8132295
994.81323
994.8132296
994.81323
994.8132298
994.81323
994.81323
994.81323
994.81323
994.81323
994.81323
994.81323
994.8132298
994.81323
994.8132298
994.81323
994.8132297
994.81323
994.8132298
994.81323
994.81323
994.81323
994.81323
994.81323
994.8132295
994.81323
994.8132296
994.81323
994.81323
994.81323
994.81323
994.81323
994.81323
994.81323
994.8132297
994.81323
994.8132298
994.81323
994.8132297
994.81323
994.8132295
994.81323
994.8132295
994.81323
994.81323
994.81323
994.8132299
994.81323
994.8132297
994.81323
994.8132297
994.81323
994.81323
994.81323
994.81323
994.81323
994.8132298
994.81323
994.8132296
994.81323
994.81323
994.81323
994.81323
994.81323
994.81323
994.81323
994.8132295
994.81323
994.8132297
994.81323
994.8132299
994.81323
994.8132296
994.81323
994.8132295
994.81323
994.81323
994.81323
994.81323
994.81323
994.81323
994.81323
994.8132296
994.81323
994.8132297
994.81323
994.81323
994.81323
994.8132295
994.81323
994.8132295
994.81323
994.81323
994.8132298
994.81323
994.81323
994.81323
994.81323
994.81323
994.81323
994.81323
994.8132295
994.81323
994.8132296
994.81323
994.81323
994.81323
994.81323
994.81323
994.81323
994.81323
994.8132297
994.81323
994.8132294
994.81323
994.81323
994.81323
994.81323
994.81323
994.81323
994.81323
994.81323
994.81323
994.8132296
994.81323
994.8132299
994.81323
994.8132295
994.81323
994.81323
994.81323
994.81323
994.81323
994.8132299
994.81323
994.8132296
994.81323
994.81323
994.81323
994.81323
994.81323
994.81323
994.81323
994.81323
994.81323
994.8132298
994.81323
994.8132299
994.81323
994.8132296
994.81323
994.8132295
994.81323
994.81323
994.81323
994.81323
994.81323
994.81323
994.81323
994.8132294
994.81323
994.8132298
994.81323
994.81323
994.81323
994.81323
994.81323
994.81323
994.81323
994.8132296
994.81323
994.8132297
994.81323
994.81323
994.81323
994.81323
994.81323
994.81323
994.81323
994.81323
994.81323
994.8132295
994.81323
994.8132295
994.81323
994.81323
994.81323
994.81323
994.81323
994.81323
994.81323
994.81323
994.81323
994.81323
994.81323
994.8132298
994.81323
994.8132298
994.81323
994.8132297
994.81323
994.81323
994.81323
994.81323
994.81323
994.8132297
994.81323
994.8132296
994.81323
994.8132299
994.81323
994.81323
994.81323
994.8132298
994.81323
994.8132298
994.81323
994.8132297
994.81323
994.81323
994.8132294
994.81323
994.8132295
994.81323
994.81323
994.81323
994.8132297
994.81323
994.8132297
994.81323
994.81323
994.81323
994.81323
994.81323
994.8132297
994.81323
994.8132296
994.81323
994.8132298
994.81323
994.81323
994.81323
994.8132295
994.81323
994.8132295
994.81323
994.81323
994.81323
994.81323
994.81323
994.81323
994.81323
994.8132297
994.81323
994.81323
994.81323
994.81323
994.81323
994.8132295
994.81323
994.8132299
994.81323
994.8132297
994.81323
994.81323
994.81323
994.81323
994.81323
994.8132295
994.81323
994.8132296
994.81323
994.81323
994.81323
994.8132299
994.81323
994.8132298
994.81323
994.81323
994.81323
994.8132297
994.81323
994.8132297
994.81323
994.8132294
994.81323
994.81323
994.81323
994.81323
994.81323
994.8132298
994.81323
994.8132295
994.81323
994.8132299
994.81323
994.81323
994.81323
994.81323
994.81323
994.81323
994.81323
994.8132298
994.81323
994.8132297
994.81323
994.8132297
994.81323
994.8132295
994.81323
994.81323
994.81323
994.81323
994.81323
994.81323
994.81323
994.8132295
994.81323
994.8132296
994.81323
994.81323
994.81323
994.81323
994.81323
994.81323
994.81323
994.81323
994.81323
994.8132298
994.81323
994.8132298
994.81323
994.8132298
994.81323
994.81323
994.81323
994.81323
994.81323
994.8132296
994.81323
994.8132295
994.81323
994.81323
994.81323
994.81323
994.8132295
994.81323
994.8132294
994.81323
994.8132297
994.81323
994.8132297
994.81323
994.81323
994.81323
994.81323
994.81323
994.81323
994.81323
994.81323
994.81323
994.8132298
994.81323
994.8132298
994.81323
994.81323
994.81323
994.81323
994.81323
994.8132298
994.81323
994.81323
994.81323
994.81323
994.81323
994.81323
994.8132298
994.8132297
994.81323
994.8132295
994.81323
994.8132298
994.81323
994.8132296
994.81323
994.8132295
994.81323
994.81323
994.81323
994.81323
994.81323
994.81323
994.81323
994.8132297
994.81323
994.8132297
994.81323
994.8132298
994.81323
994.8132298
994.81323
994.8132298
994.8132298
994.81323
994.81323
994.81323
994.81323
994.81323
994.8132296
994.81323
994.81323
994.81323
994.81323
994.81323
994.81323
994.8132295
994.81323
994.8132297
994.81323
994.81323
994.8132298
994.81323
994.81323
994.81323
994.81323
994.8132298
994.81323
994.8132296
994.81323
994.8132298
994.81323
994.8132295
994.81323
994.8132298
994.81323
994.81323
994.81323
994.81323
994.81323
994.8132298
994.81323
994.8132296
994.81323
994.8132297
994.81323
994.8132298
994.81323
994.8132297
994.81323
994.8132295
994.81323
994.81323
994.81323
994.81323
994.81323
994.81323
994.8132296
994.81323
994.81323
994.81323
994.81323
994.8132298
994.81323
994.8132296
994.81323
994.8132296
994.81323
994.81323
994.8132297
994.81323
994.8132294
994.81323
994.8132296
994.81323
994.81323
994.81323
994.81323
994.81323
994.81323
994.81323
994.81323
994.81323
994.81323
994.81323
994.81323
994.81323
994.8132296
994.81323
994.8132298
994.81323
994.81323
994.81323
994.8132295
994.81323
994.8132295
994.81323
994.8132298
994.81323
994.81323
994.81323
994.81323
994.81323
994.8132295
994.81323
994.8132295
994.81323
994.8132298
994.81323
994.8132296
994.81323
994.81323
994.81323
994.81323
994.81323
994.81323
994.81323
994.81323
994.81323
994.8132294
994.81323
994.8132298
994.81323
994.81323
994.81323
994.81323
994.81323
994.8132298
994.81323
994.81323
994.81323
994.81323
994.81323
994.81323
994.8132298
994.8132299
994.81323
994.8132295
994.81323
994.8132295
994.81323
994.8132295
994.81323
994.8132296
994.81323
994.81323
994.81323
994.81323
994.81323
994.81323
994.81323
994.8132295
994.81323
994.8132297
994.81323
994.8132297
994.81323
994.8132299
994.81323
994.8132298
994.8132298
994.81323
994.81323
994.81323
994.81323
994.81323
994.81323
994.8132298
994.81323
994.81323
994.81323
994.81323
994.81323
994.8132297
994.81323
994.8132297
994.81323
994.81323
994.8132299
994.81323
994.81323
994.81323
994.81323
994.8132297
994.81323
994.8132298
994.81323
994.8132296
994.81323
994.8132295
994.81323
994.8132298
994.81323
994.81323
994.8132297
994.81323
994.8132295
994.81323
994.81323
994.8132299
994.81323
994.81323
994.8132297
994.81323
994.8132294
994.81323
994.8132297
994.81323
994.8132297
994.81323
994.8132298
994.81323
994.8132295
994.81323
994.8132296
994.81323
994.8132298
994.81323
994.8132298
994.81323
994.8132295
994.81323
994.81323
994.81323
994.81323
994.81323
994.8132296
994.81323
994.8132295
994.81323
994.8132294
994.81323
994.81323
994.81323
994.81323
994.81323
994.81323
994.81323
994.81323
994.81323
994.81323
994.81323
994.81323
994.81323
994.8132297
994.81323
994.8132297
994.81323
994.81323
994.81323
994.8132296
994.81323
994.8132296
994.81323
994.8132297
994.81323
994.81323
994.81323
994.8132298
994.81323
994.8132296
994.81323
994.8132298
994.81323
994.8132299
994.81323
994.8132295
994.81323
994.81323
994.81323
994.81323
994.81323
994.81323
994.8132297
994.81323
994.81323
994.8132294
994.81323
994.8132296
994.81323
994.81323
994.81323
994.81323
994.81323
994.81323
994.81323
994.81323
994.81323
994.81323
994.81323
994.81323
994.81323
994.8132295
994.81323
994.8132295
994.81323
994.8132298
994.81323
994.8132295
994.81323
994.8132297
994.81323
994.81323
994.81323
994.81323
994.81323
994.81323
994.81323
994.8132296
994.81323
994.8132294
994.81323
994.8132299
994.81323
994.8132298
994.81323
994.81323
994.8132298
994.81323
994.8132298
994.8132297
994.81323
994.81323
994.8132296
994.8132295
994.81323
994.8132296
994.81323
994.8132297
994.81323
994.81323
994.8132299
994.81323
994.81323
994.81323
994.81323
994.8132297
994.81323
994.81323
994.8132298
994.8132295
994.81323
994.8132297
994.81323
994.8132295
994.81323
994.81323
994.8132298
994.81323
994.81323
994.8132297
994.81323
994.8132299
994.81323
994.81323
994.8132298
994.8132295
994.81323
994.8132299
994.8132295
994.81323
994.81323
994.8132296
994.81323
994.81323
994.81323
994.81323
994.81323
994.8132299
994.81323
994.81323
994.8132298
994.8132294
994.81323
994.8132297
994.81323
994.8132296
994.81323
994.8132299
994.81323
994.81323
994.81323
994.81323
994.81323
994.8132297
994.8132299
994.81323
994.8132294
994.8132294
994.8132299
994.8132298
994.81323
994.8132298
994.81323
994.8132293
994.81323
994.8132297
994.81323
994.8132297
994.81323
994.8132297
994.81323
994.8132298
994.8132296
994.81323
994.81323
994.8132297
994.8132296
994.81323
994.8132299
994.8132295
994.81323
994.81323
994.81323
994.81323
994.81323
994.8132298
994.81323
994.81323
994.8132296
994.81323
994.8132299
994.8132299
994.81323
994.8132295
994.81323
994.8132295
994.81323
994.8132299
994.81323
994.81323
994.8132298
994.8132297
994.81323
994.81323
994.8132295
994.8132296
994.81323
994.8132297
994.81323
994.8132298
994.81323
994.8132295
994.81323
994.81323
994.8132295
994.81323
994.81323
994.8132298
994.8132295
994.81323
994.8132296
994.81323
994.8132297
994.81323
994.81323
994.8132298
994.81323
994.81323
994.81323
994.81323
994.8132298
994.81323
994.81323
994.8132298
994.8132295
994.81323
994.8132297
994.8132295
994.81323
994.81323
994.81323
994.8132295
994.81323
994.81323
994.81323
994.81323
994.8132298
994.81323
994.81323
994.8132298
994.8132295
994.81323
994.8132295
994.8132296
994.81323
994.81323
994.81323
994.8132299
994.81323
994.81323
994.81323
994.81323
994.8132298
994.81323
994.81323
994.8132298
994.8132295
994.81323
994.8132295
994.81323
994.8132296
994.81323
994.81323
994.8132298
994.81323
994.81323
994.8132299
994.81323
994.8132298
994.81323
994.81323
994.8132297
994.8132294
994.81323
994.8132295
994.8132298
994.81323
994.81323
994.81323
994.8132297
994.8132297
994.81323
994.81323
994.8132297
994.8132297
994.81323
994.81323
994.8132298
994.8132294
994.81323
994.8132298
994.81323
994.8132295
994.81323
994.81323
994.81323
994.81323
994.81323
994.81323
994.81323
994.8132297
994.81323
994.81323
994.8132297
994.8132293
994.81323
994.8132296
994.81323
994.8132298
994.81323
994.8132295
994.81323
994.81323
994.81323
994.8132297
994.81323
994.8132296
994.81323
994.81323
994.8132295
994.81323
994.81323
994.8132297
994.8132296
994.81323
994.81323
994.8132295
994.81323
994.81323
994.8132294
994.81323
994.81323
994.8132297
994.81323
994.81323
994.8132297
994.81323
994.81323
994.81323
994.81323
994.8132295
994.81323
994.81323
994.81323
994.81323
994.8132297
994.81323
994.8132298
994.8132297
994.81323
994.81323
994.8132296
994.8132296
994.81323
994.81323
994.81323
994.8132299
994.81323
994.81323
994.81323
994.81323
994.8132294
994.81323
994.8132297
994.8132297
994.8132294
994.81323
994.8132296
994.81323
994.8132298
994.81323
994.8132295
994.81323
994.81323
994.81323
994.81323
994.81323
994.8132298
994.81323
994.81323
994.8132297
994.8132299
994.81323
994.8132298
994.8132295
994.81323
994.81323
994.81323
994.8132295
994.81323
994.8132298
994.81323
994.81323
994.8132297
994.81323
994.81323
994.8132297
994.8132299
994.81323
994.8132295
994.8132295
994.81323
994.81323
994.81323
994.8132297
994.81323
994.81323
994.81323
994.81323
994.8132298
994.81323
994.81323
994.8132296
994.8132295
994.81323
994.8132296
994.81323
994.81323
994.81323
994.81323
994.8132297
994.81323
994.81323
994.81323
994.81323
994.8132298
994.81323
994.81323
994.8132297
994.8132294
994.81323
994.8132295
994.8132295
994.81323
994.81323
994.81323
994.8132298
994.81323
994.81323
994.81323
994.8132298
994.8132297
994.81323
994.81323
994.8132297
994.8132296
994.81323
994.8132297
994.81323
994.8132295
994.81323
994.81323
994.8132297
994.81323
994.8132295
994.81323
994.8132299
994.8132297
994.81323
994.81323
994.8132297
994.8132298
994.81323
994.81323
994.81323
994.8132295
994.81323
994.81323
994.8132298
994.81323
994.8132295
994.81323
994.81323
994.8132298
994.81323
994.81323
994.8132298
994.8132295
994.81323
994.81323
994.8132295
994.81323
994.81323
994.81323
994.81323
994.81323
994.8132297
994.81323
994.81323
994.8132297
994.81323
994.81323
994.8132295
994.81323
994.81323
994.8132299
994.81323
994.8132295
994.81323
994.81323
994.81323
994.81323
994.8132295
994.8132299
994.81323
994.8132297
994.81323
994.81323
994.8132295
994.8132295
994.81323
994.81323
994.81323
994.8132297
994.81323
994.81323
994.81323
994.8132298
994.8132297
994.81323
994.8132297
994.8132295
994.81323
994.81323
994.8132295
994.81323
994.8132298
994.81323
994.81323
994.81323
994.81323
994.81323
994.81323
994.81323
994.8132295
994.81323
994.81323
994.8132297
994.8132296
994.81323
994.8132295
994.81323
994.81323
994.81323
994.8132296
994.81323
994.81323
994.81323
994.8132298
994.81323
994.8132297
994.81323
994.81323
994.8132297
994.8132296
994.81323
994.8132294
994.8132295
994.81323
994.81323
994.81323
994.8132297
994.8132299
994.81323
994.81323
994.8132294
994.81323
994.81323
994.81323
994.8132298
994.81323
994.81323
994.8132295
994.81323
994.8132297
994.81323
994.81323
994.81323
994.81323
994.8132295
994.81323
994.81323
994.8132295
994.81323
994.81323
994.8132297
994.8132296
994.81323
994.81323
994.81323
994.81323
994.81323
994.81323
994.8132298
994.81323
994.8132294
994.81323
994.81323
994.8132296
994.8132295
994.81323
994.8132299
994.8132295
994.8132298
994.81323
994.8132295
994.81323
994.8132298
994.81323
994.8132295
994.81323
994.8132296
994.81323
994.8132298
994.81323
994.81323
994.81323
994.8132298
994.8132295
994.81323
994.81323
994.81323
994.8132296
994.81323
994.81323
994.8132298
994.81323
994.8132295
994.81323
994.81323
994.8132294
994.81323
994.81323
994.8132298
994.8132296
994.81323
994.81323
994.81323
994.81323
994.8132299
994.81323
994.81323
994.8132298
994.8132295
994.81323
994.81323
994.8132297
994.8132296
994.81323
994.8132298
994.8132295
994.81323
994.81323
994.8132298
994.81323
994.81323
994.81323
994.8132299
994.81323
994.8132295
994.81323
994.8132293
994.81323
994.81323
994.81323
994.8132298
994.8132296
994.81323
994.81323
994.81323
994.8132296
994.81323
994.81323
994.81323
994.81323
994.8132295
994.81323
994.81323
994.8132295
994.81323
994.81323
994.8132296
994.81323
994.8132298
994.81323
994.81323
994.81323
994.81323
994.81323
994.81323
994.81323
994.8132296
994.81323
994.81323
994.8132298
994.8132296
994.81323
994.8132296
994.81323
994.8132298
994.81323
994.8132295
994.8132298
994.81323
994.8132298
994.81323
994.81323
994.8132297
994.8132295
994.8132299
994.81323
994.8132296
994.8132298
994.81323
994.8132295
994.81323
994.8132295
994.81323
994.8132298
994.81323
994.8132297
994.81323
994.8132295
994.81323
994.81323
994.81323
994.8132298
994.8132295
994.81323
994.81323
994.81323
994.8132298
994.81323
994.81323
994.8132299
994.81323
994.8132295
994.81323
994.81323
994.8132298
994.81323
994.81323
994.8132299
994.8132296
994.81323
994.8132298
994.8132296
994.81323
994.81323
994.8132298
994.81323
994.81323
994.8132296
994.81323
994.81323
994.8132296
994.81323
994.81323
994.8132296
994.81323
994.8132298
994.81323
994.81323
994.81323
994.8132295
994.81323
994.8132296
994.8132297
994.8132296
994.81323
994.8132297
994.81323
994.8132298
994.81323
994.8132295
994.81323
994.81323
994.81323
994.8132298
994.8132297
994.8132297
994.8132299
994.8132297
994.81323
994.8132295
994.81323
994.81323
994.8132295
994.81323
994.81323
994.8132298
994.81323
994.81323
994.81323
994.81323
994.81323
994.81323
994.81323
994.81323
994.81323
994.81323
994.81323
994.81323
994.81323
994.8132296
994.81323
994.81323
994.8132298
994.8132297
994.81323
994.8132295
994.81323
994.81323
994.81323
994.8132294
994.81323
994.8132298
994.81323
994.8132298
994.8132295
994.81323
994.81323
994.8132298
994.8132295
994.81323
994.81323
994.81323
994.8132297
994.81323
994.8132295
994.81323
994.8132298
994.81323
994.8132297
994.81323
994.81323
994.81323
994.8132298
994.81323
994.8132296
994.81323
994.81323
994.81323
994.81323
994.8132299
994.8132296
994.81323
994.81323
994.8132294
994.81323
994.81323
994.8132295
994.81323
994.81323
994.81323
994.81323
994.81323
994.81323
994.81323
994.81323
994.81323
994.81323
994.81323
994.81323
994.81323
994.8132296
994.81323
994.81323
994.8132298
994.8132295
994.81323
994.8132296
994.81323
994.8132298
994.81323
994.8132295
994.81323
994.81323
994.81323
994.8132296
994.8132295
994.8132298
994.81323
994.8132294
994.81323
994.8132297
994.81323
994.81323
994.8132297
994.81323
994.81323
994.81323
994.8132297
994.81323
994.81323
994.81323
994.81323
994.8132296
994.81323
994.81323
994.8132298
994.81323
994.81323
994.8132295
994.8132298
994.81323
994.81323
994.8132297
994.81323
994.8132295
994.81323
994.81323
994.8132295
994.81323
994.81323
994.8132295
994.81323
994.8132298
994.81323
994.8132295
994.81323
994.8132299
994.81323
994.8132296
994.81323
994.8132293
994.81323
994.8132297
994.8132297
994.8132297
994.81323
994.81323
994.8132298
994.81323
994.81323
994.8132299
994.8132298
994.81323
994.81323
994.8132297
994.81323
994.8132295
994.81323
994.81323
994.8132296
994.81323
994.81323
994.8132295
994.81323
994.81323
994.81323
994.81323
994.81323
994.81323
994.81323
994.81323
994.81323
994.81323
994.8132296
994.81323
994.81323
994.8132296
994.8132297
994.81323
994.8132295
994.8132297
994.81323
994.81323
994.8132298
994.81323
994.8132294
994.81323
994.81323
994.8132296
994.8132294
994.81323
994.8132295
994.81323
994.8132296
994.81323
994.8132295
994.81323
994.8132296
994.81323
994.8132295
994.81323
994.81323
994.81323
994.8132299
994.81323
994.8132299
994.81323
994.81323
994.81323
994.8132296
994.8132299
994.8132296
994.81323
994.8132296
994.81323
994.81323
994.81323
994.8132296
994.8132299
994.81323
994.8132296
994.81323
994.81323
994.8132296
994.81323
994.81323
994.81323
994.81323
994.8132297
994.81323
994.81323
994.8132298
994.81323
994.81323
994.81323
994.81323
994.8132295
994.8132295
994.8132299
994.8132298
994.8132297
994.8132295
994.81323
994.8132297
994.81323
994.8132298
994.81323
994.8132295
994.81323
994.81323
994.81323
994.8132297
994.8132299
994.8132298
994.81323
994.8132295
994.81323
994.8132297
994.81323
994.81323
994.8132297
994.8132297
994.81323
994.81323
994.8132298
994.81323
994.81323
994.8132297
994.81323
994.8132296
994.81323
994.81323
994.8132295
994.81323
994.81323
994.8132294
994.8132297
994.81323
994.81323
994.8132299
994.81323
994.8132295
994.81323
994.81323
994.8132297
994.81323
994.81323
994.81323
994.81323
994.8132298
994.81323
994.8132296
994.81323
994.8132298
994.81323
994.81323
994.81323
994.8132295
994.8132293
994.81323
994.81323
994.8132297
994.8132295
994.81323
994.8132299
994.81323
994.81323
994.81323
994.8132298
994.81323
994.8132295
994.81323
994.8132299
994.8132295
994.81323
994.81323
994.8132295
994.81323
994.81323
994.81323
994.81323
994.81323
994.8132299
994.81323
994.81323
994.8132299
994.81323
994.81323
994.81323
994.81323
994.8132295
994.81323
994.81323
994.8132295
994.8132297
994.81323
994.8132295
994.8132297
994.81323
994.81323
994.81323
994.8132297
994.81323
994.81323
994.81323
994.8132298
994.8132296
994.81323
994.8132293
994.8132298
994.8132293
994.81323
994.81323
994.81323
994.8132297
994.81323
994.8132296
994.81323
994.81323
994.81323
994.8132297
994.81323
994.8132298
994.81323
994.81323
994.81323
994.8132297
994.8132298
994.8132294
994.81323
994.8132297
994.81323
994.81323
994.8132299
994.8132295
994.81323
994.8132297
994.8132294
994.81323
994.8132299
994.8132296
994.81323
994.8132298
994.81323
994.81323
994.8132298
994.81323
994.81323
994.8132298
994.81323
994.81323
994.81323
994.81323
994.8132295
994.8132296
994.81323
994.81323
994.8132298
994.8132295
994.81323
994.8132296
994.81323
994.8132296
994.81323
994.8132294
994.81323
994.8132296
994.81323
994.8132298
994.8132296
994.81323
994.81323
994.8132295
994.81323
994.8132297
994.81323
994.81323
994.8132298
994.8132299
994.81323
994.81323
994.8132298
994.81323
994.8132298
994.81323
994.81323
994.8132296
994.81323
994.81323
994.8132298
994.81323
994.8132298
994.81323
994.81323
994.81323
994.8132296
994.81323
994.81323
994.8132296
994.81323
994.81323
994.8132295
994.81323
994.8132298
994.81323
994.81323
994.8132295
994.81323
994.81323
994.81323
994.8132294
994.81323
994.81323
994.81323
994.81323
994.8132296
994.81323
994.8132299
994.8132298
994.8132296
994.81323
994.8132299
994.81323
994.8132298
994.81323
994.8132299
994.81323
994.8132293
994.81323
994.81323
994.8132296
994.81323
994.8132299
994.8132295
994.81323
994.81323
994.81323
994.81323
994.81323
994.8132298
994.81323
994.81323
994.8132298
994.81323
994.81323
994.81323
994.81323
994.8132294
994.81323
994.81323
994.8132295
994.8132298
994.81323
994.8132299
994.81323
994.81323
994.81323
994.81323
994.8132298
994.81323
994.81323
994.81323
994.8132295
994.8132295
994.81323
994.8132296
994.81323
994.8132294
994.8132297
994.81323
994.81323
994.8132298
994.81323
994.8132299
994.8132299
994.81323
994.81323
994.8132297
994.81323
994.81323
994.81323
994.81323
994.8132298
994.81323
994.81323
994.8132297
994.81323
994.8132297
994.81323
994.81323
994.81323
994.8132296
994.81323
994.8132297
994.8132295
994.81323
994.81323
994.8132295
994.81323
994.8132297
994.81323
994.81323
994.8132296
994.81323
994.81323
994.8132298
994.81323
994.81323
994.8132295
994.81323
994.81323
994.8132298
994.81323
994.81323
994.8132298
994.8132296
994.8132298
994.81323
994.8132299
994.8132298
994.81323
994.81323
994.81323
994.8132294
994.81323
994.81323
994.8132296
994.81323
994.8132298
994.81323
994.8132295
994.8132298
994.8132297
994.81323
994.8132297
994.81323
994.81323
994.81323
994.8132297
994.81323
994.8132297
994.81323
994.81323
994.8132298
994.81323
994.8132298
994.8132296
994.81323
994.81323
994.81323
994.8132295
994.81323
994.8132297
994.81323
994.8132296
994.8132297
994.81323
994.81323
994.8132298
994.81323
994.81323
994.81323
994.81323
994.81323
994.81323
994.81323
994.8132297
994.81323
994.81323
994.81323
994.81323
994.8132298
994.8132297
994.81323
994.81323
994.8132297
994.8132296
994.81323
994.81323
994.8132297
994.8132298
994.81323
994.8132299
994.8132297
994.8132295
994.81323
994.8132299
994.8132299
994.81323
994.81323
994.8132295
994.8132298
994.81323
994.81323
994.81323
994.81323
994.8132295
994.81323
994.8132299
994.81323
994.8132295
994.81323
994.81323
994.81323
994.8132296
994.81323
994.81323
994.8132298
994.81323
994.81323
994.81323
994.8132296
994.8132298
994.81323
994.8132299
994.8132299
994.81323
994.81323
994.81323
994.81323
994.81323
994.81323
994.8132299
994.81323
994.81323
994.81323
994.81323
994.8132298
994.81323
994.81323
994.81323
994.81323
994.81323
994.8132299
994.81323
994.81323
994.8132298
994.8132295
994.81323
994.81323
994.81323
994.8132298
994.81323
994.81323
994.8132298
994.8132295
994.81323
994.8132298
994.8132296
994.81323
994.81323
994.8132295
994.81323
994.8132295
994.81323
994.81323
994.81323
994.8132295
994.81323
994.8132298
994.81323
994.8132297
994.81323
994.81323
994.81323
994.8132296
994.8132299
994.81323
994.8132295
994.81323
994.81323
994.81323
994.8132295
994.81323
994.81323
994.8132297
994.8132298
994.81323
994.81323
994.8132298
994.8132296
994.8132298
994.81323
994.8132298
994.81323
994.8132298
994.81323
994.8132295
994.81323
994.8132299
994.81323
994.8132296
994.81323
994.81323
994.81323
994.8132295
994.81323
994.8132296
994.81323
994.81323
994.8132296
994.81323
994.81323
994.8132296
994.8132298
994.81323
994.81323
994.8132295
994.81323
994.81323
994.81323
994.81323
994.8132295
994.81323
994.81323
994.8132297
994.81323
994.81323
994.81323
994.81323
994.81323
994.81323
994.81323
994.8132297
994.81323
994.8132297
994.81323
994.81323
994.8132299
994.8132295
994.81323
994.81323
994.8132295
994.8132296
994.81323
994.81323
994.8132297
994.8132298
994.81323
994.8132297
994.8132297
994.8132296
994.81323
994.81323
994.8132298
994.81323
994.81323
994.8132295
994.8132295
994.81323
994.81323
994.81323
994.81323
994.8132295
994.81323
994.81323
994.81323
994.8132296
994.8132298
994.81323
994.81323
994.8132294
994.81323
994.81323
994.8132298
994.81323
994.81323
994.81323
994.8132294
994.81323
994.81323
994.81323
994.8132298
994.81323
994.81323
994.81323
994.8132299
994.81323
994.8132297
994.81323
994.81323
994.81323
994.8132296
994.81323
994.81323
994.81323
994.81323
994.81323
994.81323
994.81323
994.8132298
994.81323
994.81323
994.81323
994.8132297
994.81323
994.81323
994.81323
994.8132299
994.81323
994.81323
994.8132296
994.8132297
994.81323
994.8132298
994.8132297
994.8132299
994.81323
994.8132296
994.81323
994.8132295
994.81323
994.81323
994.81323
994.8132296
994.81323
994.8132298
994.81323
994.8132299
994.81323
994.81323
994.81323
994.8132299
994.81323
994.81323
994.8132295
994.81323
994.81323
994.8132297
994.8132298
994.81323
994.81323
994.8132297
994.8132297
994.81323
994.81323
994.81323
994.8132299
994.81323
994.8132298
994.8132299
994.81323
994.8132298
994.81323
994.8132295
994.81323
994.8132297
994.81323
994.8132296
994.81323
994.81323
994.81323
994.81323
994.8132294
994.8132298
994.81323
994.81323
994.8132296
994.81323
994.81323
994.8132297
994.81323
994.81323
994.81323
994.8132295
994.81323
994.8132298
994.81323
994.8132298
994.8132295
994.81323
994.81323
994.8132299
994.81323
994.8132297
994.81323
994.81323
994.81323
994.81323
994.8132296
994.81323
994.81323
994.81323
994.8132294
994.81323
994.81323
994.8132299
994.8132296
994.81323
994.8132296
994.8132299
994.81323
994.81323
994.8132298
994.8132297
994.81323
994.81323
994.8132296
994.8132295
994.81323
994.81323
994.8132296
994.81323
994.81323
994.81323
994.8132295
994.81323
994.8132297
994.81323
994.81323
994.8132296
994.81323
994.81323
994.81323
994.8132295
994.8132298
994.81323
994.81323
994.8132295
994.81323
994.81323
994.8132295
994.81323
994.81323
994.81323
994.8132295
994.81323
994.81323
994.81323
994.8132299
994.81323
994.81323
994.81323
994.8132297
994.81323
994.8132297
994.81323
994.81323
994.81323
994.8132297
994.81323
994.81323
994.8132297
994.81323
994.81323
994.81323
994.81323
994.8132297
994.81323
994.81323
994.8132299
994.81323
994.8132299
994.81323
994.81323
994.8132298
994.81323
994.81323
994.8132298
994.8132295
994.81323
994.8132297
994.8132298
994.8132297
994.81323
994.8132296
994.81323
994.8132295
994.81323
994.81323
994.81323
994.8132296
994.81323
994.8132297
994.81323
994.8132295
994.81323
994.81323
994.81323
994.8132296
994.81323
994.81323
994.8132296
994.81323
994.81323
994.81323
994.8132296
994.8132297
994.8132299
994.8132298
994.8132299
994.81323
994.81323
994.8132297
994.8132299
994.8132298
994.81323
994.8132297
994.81323
994.8132298
994.81323
994.8132296
994.81323
994.8132299
994.81323
994.81323
994.81323
994.81323
994.8132296
994.81323
994.8132294
994.8132294
994.81323
994.81323
994.8132299
994.81323
994.81323
994.81323
994.8132299
994.81323
994.8132295
994.81323
994.81323
994.81323
994.8132295
994.81323
994.8132295
994.81323
994.8132295
994.81323
994.81323
994.8132298
994.8132297
994.81323
994.81323
994.81323
994.8132296
994.81323
994.81323
994.81323
994.8132296
994.81323
994.81323
994.8132295
994.81323
994.81323
994.8132295
994.8132296
994.81323
994.81323
994.8132297
994.8132297
994.81323
994.81323
994.8132297
994.8132294
994.81323
994.8132299
994.8132298
994.81323
994.81323
994.81323
994.8132295
994.81323
994.8132298
994.81323
994.81323
994.8132296
994.81323
994.81323
994.81323
994.8132296
994.8132298
994.81323
994.81323
994.8132296
994.81323
994.81323
994.8132297
994.81323
994.81323
994.81323
994.8132294
994.81323
994.81323
994.81323
994.8132299
994.81323
994.81323
994.81323
994.8132299
994.81323
994.8132298
994.81323
994.81323
994.81323
994.8132297
994.81323
994.81323
994.8132299
994.81323
994.81323
994.81323
994.81323
994.8132299
994.81323
994.81323
994.8132294
994.81323
994.81323
994.81323
994.81323
994.8132298
994.81323
994.81323
994.81323
994.8132295
994.81323
994.81323
994.8132298
994.8132294
994.81323
994.8132295
994.81323
994.8132299
994.81323
994.81323
994.81323
994.8132299
994.81323
994.81323
994.81323
994.8132296
994.8132298
994.81323
994.81323
994.8132298
994.81323
994.81323
994.8132297
994.81323
994.81323
994.81323
994.8132296
994.81323
994.81323
994.81323
994.8132298
994.81323
994.81323
994.81323
994.8132294
994.81323
994.8132297
994.81323
994.81323
994.8132299
994.8132298
994.81323
994.8132299
994.8132297
994.81323
994.81323
994.81323
994.81323
994.8132296
994.81323
994.8132295
994.8132297
994.81323
994.81323
994.8132296
994.81323
994.81323
994.81323
994.81323
994.81323
994.8132295
994.81323
994.81323
994.8132297
994.8132295
994.81323
994.81323
994.81323
994.8132296
994.81323
994.81323
994.8132299
994.8132299
994.81323
994.81323
994.81323
994.8132295
994.81323
994.81323
994.81323
994.8132296
994.81323
994.8132299
994.8132299
994.81323
994.81323
994.8132298
994.8132295
994.81323
994.81323
994.8132298
994.8132297
994.81323
994.81323
994.8132298
994.8132295
994.81323
994.81323
994.8132297
994.81323
994.81323
994.81323
994.81323
994.8132298
994.8132298
994.81323
994.81323
994.8132295
994.81323
994.81323
994.81323
994.8132296
994.8132299
994.81323
994.81323
994.8132295
994.81323
994.81323
994.8132295
994.81323
994.81323
994.81323
994.8132295
994.8132298
994.81323
994.81323
994.8132298
994.81323
994.81323
994.81323
994.8132297
994.81323
994.8132298
994.81323
994.81323
994.81323
994.81323
994.8132299
994.81323
994.8132299
994.81323
994.81323
994.8132297
994.8132299
994.81323
994.8132296
994.81323
994.8132299
994.8132298
994.8132299
994.81323
994.8132297
994.81323
994.8132299
994.81323
994.81323
994.8132298
994.81323
994.8132299
994.81323
994.81323
994.8132299
994.81323
994.81323
994.81323
994.81323
994.8132298
994.81323
994.81323
994.8132297
994.8132298
994.8132299
994.8132298
994.81323
994.8132299
994.81323
994.81323
994.8132298
994.81323
994.81323
994.8132299
994.81323
994.81323
994.81323
994.81323
994.8132296
994.81323
994.81323
994.81323
994.81323
994.8132299
994.81323
994.81323
994.8132299
994.81323
994.8132298
994.81323
994.81323
994.8132299
994.8132298
994.81323
994.8132298
994.81323
994.8132297
994.81323
994.81323
994.8132299
994.8132297
994.81323
994.8132299
994.81323
994.8132299
994.81323
994.81323
994.8132299
994.81323
994.8132298
994.81323
994.81323
994.8132299
994.8132299
994.81323
994.8132299
994.81323
994.81323
994.8132299
994.81323
994.8132297
994.8132299
994.81323
994.8132299
994.81323
994.8132299
994.8132299
994.81323
994.8132297
994.81323
994.81323
994.8132297
994.81323
994.81323
994.8132299
994.81323
994.8132299
994.81323
994.81323
994.8132299
994.81323
994.81323
994.8132299
994.81323
994.8132299
994.81323
994.81323
994.8132299
994.81323
994.81323
994.8132295
994.81323
994.81323
994.81323
994.81323
994.8132297
994.81323
994.8132298
994.81323
994.81323
994.8132298
994.81323
994.81323
994.8132298
994.81323
994.81323
994.81323
994.81323
994.8132299
994.81323
994.81323
994.81323
994.81323
994.8132299
994.81323
994.81323
994.8132297
994.81323
994.8132298
994.8132299
994.8132297
994.8132299
994.81323
994.81323
994.8132297
994.81323
994.81323
994.8132298
994.81323
994.8132299
994.81323
994.81323
994.8132297
994.8132298
994.81323
994.8132298
994.81323
994.81323
994.8132298
994.8132296
994.81323
994.81323
994.81323
994.8132299
994.81323
994.8132299
994.81323
994.81323
994.8132299
994.81323
994.8132299
994.8132296
994.81323
994.81323
994.81323
994.81323
994.8132298
994.81323
994.81323
994.8132299
994.81323
994.8132299
994.8132297
994.8132298
994.8132299
994.8132298
994.81323
994.8132298
994.8132297
994.81323
994.81323
994.81323
994.81323
994.81323
994.81323
994.8132299
994.81323
994.81323
994.81323
994.81323
994.81323
994.81323
994.81323
994.8132299
994.81323
994.8132297
994.8132298
994.81323
994.8132299
994.81323
994.81323
994.8132298
994.8132299
994.8132297
994.81323
994.81323
994.8132299
994.8132299
994.8132298
994.8132299
994.81323
994.81323
994.81323
994.81323
994.81323
994.81323
994.81323
994.81323
994.81323
994.8132299
994.81323
994.8132299
994.8132299
994.81323
994.81323
994.8132299
994.81323
994.8132297
994.81323
994.81323
994.8132298
994.8132298
994.8132299
994.81323
994.81323
994.8132298
994.81323
994.81323
994.8132298
994.81323
994.81323
994.81323
994.81323
994.8132299
994.8132297
994.81323
994.8132297
994.81323
994.8132298
994.81323
994.81323
994.81323
994.81323
994.81323
994.8132296
994.81323
994.8132298
994.8132299
994.81323
994.81323
994.81323
994.81323
994.8132298
994.8132298
994.8132299
994.8132298
994.8132299
994.8132299
994.81323
994.81323
994.8132299
994.81323
994.81323
994.81323
994.8132298
994.8132299
994.81323
994.81323
994.8132299
994.81323
994.8132299
994.81323
994.8132298
994.81323
994.81323
994.8132299
994.81323
994.8132298
994.8132298
994.81323
994.81323
994.8132298
994.81323
994.8132298
994.8132298
994.81323
994.8132299
994.81323
994.81323
994.8132298
994.8132298
994.81323
994.8132299
994.8132298
994.81323
994.81323
994.81323
994.81323
994.81323
994.8132297
994.8132299
994.81323
994.8132299
994.81323
994.81323
994.8132297
994.81323
994.81323
994.8132298
994.81323
994.81323
994.81323
994.81323
994.8132298
994.81323
994.81323
994.8132297
994.8132298
994.8132298
994.8132299
994.81323
994.8132299
994.81323
994.81323
994.8132298
994.8132298
994.81323
994.81323
994.81323
994.8132299
994.81323
994.81323
994.8132299
994.81323
994.81323
994.81323
994.8132298
994.8132299
994.81323
994.8132299
994.8132299
994.81323
994.8132298
994.81323
994.81323
994.8132299
994.81323
994.8132298
994.81323
994.81323
994.8132298
994.8132298
994.81323
994.8132298
994.81323
994.8132299
994.8132298
994.81323
994.81323
994.81323
994.81323
994.81323
994.81323
994.8132299
994.81323
994.81323
994.8132298
994.81323
994.81323
994.8132299
994.81323
994.8132299
994.81323
994.81323
994.8132297
994.8132298
994.81323
994.8132298
994.8132298
994.8132299
994.81323
994.81323
994.8132296
994.8132298
994.81323
994.8132298
994.8132299
994.8132299
994.81323
994.81323
994.81323
994.81323
994.81323
994.8132298
994.81323
994.8132298
994.81323
994.81323
994.81323
994.81323
994.81323
994.8132296
994.81323
994.8132299
994.81323
994.81323
994.81323
994.81323
994.81323
994.8132297
994.81323
994.8132299
994.81323
994.81323
994.8132299
994.81323
994.81323
994.8132299
994.8132298
994.8132299
994.81323
994.81323
994.81323
994.81323
994.81323
994.81323
994.8132298
994.8132298
994.81323
994.8132298
994.8132299
994.81323
994.8132298
994.8132298
994.81323
994.8132297
994.8132299
994.81323
994.8132298
994.81323
994.81323
994.8132299
994.81323
994.8132296
994.81323
994.81323
994.8132298
994.81323
994.81323
994.8132299
994.8132299
994.8132299
994.8132298
994.8132299
994.81323
994.81323
994.81323
994.81323
994.81323
994.81323
994.81323
994.81323
994.8132299
994.81323
994.81323
994.8132299
994.81323
994.81323
994.81323
994.81323
994.81323
994.81323
994.8132299
994.8132299
994.81323
994.8132299
994.81323
994.81323
994.8132297
994.8132298
994.8132299
994.81323
994.81323
994.81323
994.81323
994.81323
994.81323
994.81323
994.8132298
994.81323
994.81323
994.8132299
994.81323
994.8132298
994.8132299
994.81323
994.8132298
994.81323
994.81323
994.8132298
994.81323
994.81323
994.8132299
994.81323
994.8132299
994.8132298
994.81323
994.8132298
994.81323
994.81323
994.8132298
994.8132297
994.8132299
994.8132298
994.81323
994.81323
994.81323
994.81323
994.81323
994.81323
994.8132299
994.81323
994.81323
994.8132299
994.81323
994.81323
994.8132299
994.81323
994.8132298
994.81323
994.81323
994.8132296
994.8132298
994.81323
994.8132297
994.81323
994.81323
994.81323
994.81323
994.8132299
994.81323
994.81323
994.8132299
994.8132298
994.81323
994.81323
994.81323
994.8132299
994.81323
994.81323
994.8132299
994.81323
994.8132299
994.81323
994.81323
994.81323
994.8132298
994.81323
994.8132299
994.8132299
994.8132297
994.81323
994.81323
994.81323
994.81323
994.81323
994.8132297
994.8132299
994.8132299
994.81323
994.81323
994.8132298
994.81323
994.81323
994.8132297
994.81323
994.81323
994.81323
994.81323
994.81323
994.81323
994.81323
994.8132299
994.81323
994.8132299
994.81323
994.81323
994.8132299
994.81323
994.8132298
994.81323
994.81323
994.8132299
994.81323
994.81323
994.8132299
994.81323
994.81323
994.81323
994.81323
994.8132297
994.81323
994.81323
994.8132298
994.8132298
994.8132299
994.81323
994.81323
994.8132299
994.81323
994.81323
994.81323
994.81323
994.8132299
994.81323
994.81323
994.8132299
994.81323
994.81323
994.8132299
994.81323
994.8132299
994.81323
994.81323
994.81323
994.81323
994.81323
994.81323
994.81323
994.8132299
994.81323
994.81323
994.8132299
994.81323
994.81323
994.8132297
994.8132298
994.8132299
994.81323
994.81323
994.8132299
994.8132299
994.81323
994.81323
994.81323
994.8132297
994.81323
994.81323
994.8132296
994.81323
994.8132297
994.81323
994.81323
994.8132299
994.81323
994.81323
994.8132297
994.81323
994.81323
994.8132299
994.81323
994.8132299
994.81323
994.81323
994.8132299
994.81323
994.81323
994.8132299
994.8132299
994.8132299
994.81323
994.81323
994.81323
994.81323
994.81323
994.81323
994.81323
994.8132299
994.81323
994.81323
994.8132298
994.8132298
994.8132299
994.8132299
994.81323
994.8132299
994.8132297
994.81323
994.8132298
994.81323
994.81323
994.8132297
994.81323
994.81323
994.81323
994.81323
994.8132299
994.81323
994.81323
994.8132298
994.8132297
994.8132299
994.81323
994.81323
994.81323
994.8132298
994.81323
994.8132299
994.8132298
994.8132299
994.81323
994.8132298
994.81323
994.81323
994.81323
994.8132297
994.81323
994.8132299
994.81323
994.81323
994.81323
994.81323
994.8132299
994.81323
994.81323
994.8132299
994.8132297
994.81323
994.8132299
994.81323
994.8132299
994.81323
994.8132298
994.8132299
994.8132299
994.81323
994.81323
994.81323
994.8132298
994.81323
994.81323
994.8132297
994.81323
994.81323
994.8132299
994.81323
994.8132298
994.81323
994.8132299
994.8132299
994.81323
994.81323
994.8132299
994.81323
994.8132299
994.81323
994.81323
994.8132299
994.81323
994.81323
994.8132297
994.8132298
994.8132299
994.81323
994.81323
994.81323
994.8132299
994.81323
994.8132298
994.81323
994.8132299
994.81323
994.81323
994.8132298
994.81323
994.81323
994.8132299
994.81323
994.8132299
994.81323
994.81323
994.81323
994.81323
994.81323
994.8132296
994.81323
994.8132297
994.81323
994.81323
994.8132299
994.8132298
994.81323
994.8132299
994.81323
994.8132297
994.81323
994.81323
994.81323
994.8132299
994.81323
994.81323
994.8132298
994.8132297
994.81323
994.8132298
994.8132299
994.81323
994.81323
994.81323
994.81323
994.8132297
994.81323
994.81323
994.8132297
994.81323
994.81323
994.81323
994.81323
994.8132299
994.81323
994.81323
994.8132299
994.81323
994.81323
994.8132298
994.81323
994.8132297
994.81323
994.81323
994.81323
994.81323
994.81323
994.81323
994.81323
994.8132298
994.81323
994.81323
994.8132299
994.81323
994.81323
994.8132299
994.81323
994.8132296
994.81323
994.81323
994.8132297
994.81323
994.81323
994.81323
994.81323
994.8132299
994.81323
994.8132298
994.8132298
994.81323
994.81323
994.8132299
994.81323
994.8132299
994.8132298
994.81323
994.81323
994.8132299
994.8132299
994.81323
994.81323
994.8132299
994.81323
994.81323
994.8132298
994.81323
994.8132297
994.81323
994.81323
994.8132296
994.81323
994.8132299
994.81323
994.81323
994.8132299
994.81323
994.81323
994.81323
994.81323
994.81323
994.8132299
994.8132298
994.8132299
994.81323
994.8132298
994.81323
994.81323
994.81323
994.81323
994.81323
994.8132295
994.81323
994.81323
994.8132299
994.81323
994.8132298
994.8132299
994.8132298
994.8132298
994.81323
994.81323
994.8132299
994.81323
994.81323
994.8132299
994.81323
994.8132299
994.81323
994.8132299
994.8132299
994.8132297
994.81323
994.8132298
994.81323
994.8132299
994.81323
994.81323
994.81323
994.81323
994.81323
994.8132297
994.81323
994.8132298
994.81323
994.81323
994.8132297
994.81323
994.81323
994.8132299
994.81323
994.8132299
994.81323
994.81323
994.81323
994.81323
994.81323
994.8132298
994.81323
994.81323
994.81323
994.81323
994.8132298
994.81323
994.81323
994.8132299
994.81323
994.8132299
994.81323
994.81323
994.81323
994.81323
994.81323
994.81323
994.81323
994.8132299
994.81323
994.81323
994.8132299
994.81323
994.81323
994.8132299
994.81323
994.8132299
994.81323
)
;

boundaryField
{
    sides
    {
        type            calculated;
        value           nonuniform List<scalar> 2(994.81323 1.818989404e-12);
    }
    empty1
    {
        type            empty;
    }
    empty2
    {
        type            empty;
    }
}


// ************************************************************************* //
