/*--------------------------------*- C++ -*----------------------------------*\
| =========                 |                                                 |
| \\      /  F ield         | OpenFOAM: The Open Source CFD Toolbox           |
|  \\    /   O peration     | Version:  2312                                  |
|   \\  /    A nd           | Website:  www.openfoam.com                      |
|    \\/     M anipulation  |                                                 |
\*---------------------------------------------------------------------------*/
FoamFile
{
    version     2.0;
    format      ascii;
    arch        "LSB;label=32;scalar=64";
    class       volScalarField;
    location    "0.0008";
    object      thermo:psiGasEff;
}
// * * * * * * * * * * * * * * * * * * * * * * * * * * * * * * * * * * * * * //

dimensions      [-2 4 2 0 0 0 0];

internalField   nonuniform List<scalar> 
5000
(
8.634e-14
8.634e-14
8.634e-14
8.634e-14
8.634e-14
8.634e-14
8.634e-14
8.634e-14
8.634e-14
8.634e-14
8.634e-14
8.634e-14
8.634e-14
8.634e-14
8.634e-14
8.634e-14
8.634e-14
8.634e-14
8.634e-14
8.634e-14
8.634e-14
8.634e-14
8.634e-14
8.634e-14
8.634e-14
8.634e-14
8.634e-14
8.634e-14
8.634e-14
8.634e-14
8.634e-14
8.634e-14
8.634e-14
8.634e-14
8.634e-14
8.634e-14
8.634e-14
8.634e-14
8.634e-14
8.634e-14
8.634e-14
8.634e-14
8.634e-14
8.634e-14
8.634e-14
8.634e-14
8.634e-14
8.634e-14
8.634e-14
8.634e-14
8.634e-14
8.634e-14
8.634e-14
8.634e-14
8.634e-14
8.634e-14
8.634e-14
8.634e-14
8.634e-14
8.634e-14
8.634e-14
8.634e-14
8.634e-14
8.634e-14
8.634e-14
8.634e-14
8.634e-14
8.634e-14
8.634e-14
8.634e-14
8.634e-14
8.634e-14
8.634e-14
8.634000001e-14
8.634000002e-14
8.634000006e-14
8.634000014e-14
8.634000032e-14
8.634000067e-14
8.634000136e-14
8.634000275e-14
8.63400055e-14
8.634001087e-14
8.634002124e-14
8.634004101e-14
8.634007821e-14
8.634014733e-14
8.634027423e-14
8.634050417e-14
8.634091499e-14
8.63416385e-14
8.634289371e-14
8.634503784e-14
8.634864188e-14
8.635459925e-14
8.636427608e-14
8.637971041e-14
8.640386201e-14
8.644090463e-14
8.649653546e-14
8.657825268e-14
8.669552263e-14
8.685972643e-14
8.708374489e-14
8.738099952e-14
8.776365376e-14
8.823918408e-14
8.880524046e-14
8.945278087e-14
9.017438316e-14
9.096491665e-14
9.181978081e-14
9.273434648e-14
9.370403985e-14
9.472451963e-14
9.579181566e-14
9.690240718e-14
9.805324669e-14
9.924174482e-14
1.004657316e-13
1.017234065e-13
1.03013285e-13
1.043341479e-13
1.056849944e-13
1.070650016e-13
1.084734888e-13
1.099098869e-13
1.113737118e-13
1.128645413e-13
1.143819935e-13
1.159257067e-13
1.174953199e-13
1.190904513e-13
1.20710642e-13
1.223552434e-13
1.240233758e-13
1.25713957e-13
1.274259689e-13
1.291582396e-13
1.309091979e-13
1.326768669e-13
1.344587753e-13
1.362518137e-13
1.380520645e-13
1.398545792e-13
1.416530887e-13
1.434396548e-13
1.452043974e-13
1.469352084e-13
1.486163031e-13
1.50228919e-13
1.51752708e-13
1.531715781e-13
1.544631834e-13
1.562274175e-13
1.587536981e-13
1.618252863e-13
1.652385746e-13
1.687765997e-13
1.721247945e-13
1.75476089e-13
1.78603781e-13
1.818038007e-13
1.847852842e-13
1.879263043e-13
1.909215755e-13
1.940818382e-13
1.971031287e-13
2.002993183e-13
2.034090497e-13
2.066874261e-13
2.09896076e-13
2.132562004e-13
2.165440465e-13
2.199979256e-13
2.234028135e-13
2.269629059e-13
2.304757816e-13
2.341417144e-13
2.377619343e-13
2.415452546e-13
2.452974013e-13
2.492050635e-13
2.530789502e-13
2.571121344e-13
2.611131961e-13
2.652812893e-13
2.694249809e-13
2.737325393e-13
2.7801415e-13
2.824649398e-13
2.868939714e-13
2.914969356e-13
2.960852217e-13
3.008452095e-13
3.0559445e-13
3.105193708e-13
3.154392555e-13
3.205396726e-13
3.256392436e-13
3.309228872e-13
3.362082537e-13
3.416841205e-13
3.4716575e-13
3.528454466e-13
3.585359233e-13
3.644301399e-13
3.703374071e-13
3.764570612e-13
3.825853685e-13
3.888576648e-13
3.951124724e-13
4.015040423e-13
4.079066818e-13
4.143679441e-13
4.207813689e-13
4.271107602e-13
4.332246863e-13
4.389360623e-13
4.439598703e-13
4.480689872e-13
4.510887069e-13
4.529028633e-13
4.537442339e-13
4.539632707e-13
4.539471846e-13
4.539090977e-13
4.538323852e-13
4.537566497e-13
4.537566532e-13
4.538084381e-13
4.539479146e-13
4.541919217e-13
4.545553296e-13
4.550416594e-13
4.556341131e-13
4.56287345e-13
4.568576731e-13
4.571770188e-13
4.573883995e-13
4.575892527e-13
4.577941634e-13
4.579929307e-13
4.581650512e-13
4.583176928e-13
4.584612895e-13
4.586004033e-13
4.587353729e-13
4.588643974e-13
4.589862507e-13
4.591010178e-13
4.592085614e-13
4.593125192e-13
4.594135645e-13
4.595113989e-13
4.59605958e-13
4.596971908e-13
4.597839654e-13
4.598673404e-13
4.599478593e-13
4.600248302e-13
4.600984533e-13
4.601689038e-13
4.602367958e-13
4.603028607e-13
4.603668802e-13
4.604287983e-13
4.604884163e-13
4.605459078e-13
4.606015673e-13
4.606554707e-13
4.607077165e-13
4.607590545e-13
4.608096116e-13
4.608591847e-13
4.609070824e-13
4.609524376e-13
4.609968928e-13
4.610388642e-13
4.610788169e-13
4.611196061e-13
4.611575793e-13
4.611981889e-13
4.612377119e-13
4.612769346e-13
4.613154727e-13
4.613533753e-13
4.613896335e-13
4.614238015e-13
4.614578015e-13
4.614911983e-13
4.615242593e-13
4.615558405e-13
4.615877282e-13
4.616200199e-13
4.616522857e-13
4.61683101e-13
4.617138968e-13
4.617452994e-13
4.617767739e-13
4.618068575e-13
4.61837265e-13
4.6186835e-13
4.618989573e-13
4.619286181e-13
4.619593397e-13
4.619900657e-13
4.620208488e-13
4.62052364e-13
4.620833033e-13
4.621149318e-13
4.62147392e-13
4.621803313e-13
4.622133571e-13
4.622483335e-13
4.622851459e-13
4.623232665e-13
4.623649662e-13
4.624094558e-13
4.624596994e-13
4.625175166e-13
4.625869476e-13
4.626759573e-13
4.627962078e-13
4.629682735e-13
4.632237527e-13
4.636121142e-13
4.642073515e-13
4.651169533e-13
4.664920416e-13
4.685378463e-13
4.715227959e-13
4.757822902e-13
4.817168559e-13
4.897763866e-13
5.004204328e-13
5.140875431e-13
5.308792275e-13
5.512651475e-13
5.750884918e-13
6.008295277e-13
6.288595003e-13
6.56902281e-13
6.835941273e-13
7.115725031e-13
7.332017389e-13
7.547278512e-13
7.638398365e-13
7.725134295e-13
7.772026187e-13
7.800193359e-13
7.817530696e-13
7.828828696e-13
7.836252945e-13
7.840928275e-13
7.843489409e-13
7.844651481e-13
7.845022258e-13
7.845149605e-13
7.845256264e-13
7.845342387e-13
7.845357874e-13
7.845269916e-13
7.845094447e-13
7.844902783e-13
7.844791403e-13
7.844701332e-13
7.844640683e-13
7.844571085e-13
7.844479878e-13
7.844385311e-13
7.844289548e-13
7.844199647e-13
7.844123626e-13
7.84405507e-13
7.843988079e-13
7.843919834e-13
7.843847825e-13
7.843771045e-13
7.843691305e-13
7.843613627e-13
7.843537172e-13
7.843460293e-13
7.843382276e-13
7.843302362e-13
7.843220063e-13
7.8431356e-13
7.843049892e-13
7.842964394e-13
7.842878893e-13
7.842793104e-13
7.842706819e-13
7.84261993e-13
7.842532337e-13
7.842444327e-13
7.84235677e-13
7.842269788e-13
7.842183235e-13
7.842097011e-13
7.842011203e-13
7.841925926e-13
7.841841305e-13
7.841757377e-13
7.841674116e-13
7.841591701e-13
7.84151019e-13
7.841429409e-13
7.841349437e-13
7.84127033e-13
7.841192086e-13
7.841114792e-13
7.841038217e-13
7.840962389e-13
7.840887373e-13
7.840813168e-13
7.840739765e-13
7.840666954e-13
7.840594583e-13
7.840522711e-13
7.840451393e-13
7.840380721e-13
7.840310818e-13
7.840241647e-13
7.840173084e-13
7.840105066e-13
7.840037529e-13
7.839970452e-13
7.83990379e-13
7.839837468e-13
7.839771392e-13
7.839705581e-13
7.839640097e-13
7.839574808e-13
7.839509585e-13
7.839444309e-13
7.839378967e-13
7.839313843e-13
7.839249084e-13
7.839184705e-13
7.839120591e-13
7.839056727e-13
7.838993076e-13
7.838929622e-13
7.83886639e-13
7.83880339e-13
7.838740591e-13
7.838677927e-13
7.83861532e-13
7.838552707e-13
7.838490042e-13
7.838427278e-13
7.838364375e-13
7.838301257e-13
7.83823798e-13
7.838174541e-13
7.838110957e-13
7.838047257e-13
7.837983493e-13
7.837919719e-13
7.837855992e-13
7.837792356e-13
7.83772884e-13
7.837665504e-13
7.83760235e-13
7.837539162e-13
7.837475881e-13
7.8374125e-13
7.837348959e-13
7.837285246e-13
7.837221298e-13
7.837157082e-13
7.837092538e-13
7.837027628e-13
7.836962306e-13
7.836896541e-13
7.836830325e-13
7.836763668e-13
7.836696624e-13
7.836629242e-13
7.836561597e-13
7.836493706e-13
7.836425496e-13
7.836356958e-13
7.836288093e-13
7.836218881e-13
7.836149305e-13
7.83607933e-13
7.836008922e-13
7.835938063e-13
7.835866745e-13
7.835794984e-13
7.835722799e-13
7.835650201e-13
7.835577184e-13
7.835503734e-13
7.835429831e-13
7.835355451e-13
7.835280606e-13
7.835205335e-13
7.835129691e-13
7.835053633e-13
7.834977138e-13
7.834900249e-13
7.834822983e-13
7.834745331e-13
7.834667275e-13
7.834588784e-13
7.834509865e-13
7.834430545e-13
7.834350878e-13
7.834270927e-13
7.83419076e-13
7.834110431e-13
7.834029977e-13
7.833949404e-13
7.833868696e-13
7.833787837e-13
7.833706821e-13
7.833625652e-13
7.833544249e-13
7.8334626e-13
7.83338081e-13
7.833298964e-13
7.833217063e-13
7.833135059e-13
7.833052876e-13
7.832970458e-13
7.832887761e-13
7.83280479e-13
7.8327216e-13
7.832638236e-13
7.832554769e-13
7.83247124e-13
7.832387637e-13
7.832303799e-13
7.832219665e-13
7.832135245e-13
7.832050551e-13
7.831965631e-13
7.831880612e-13
7.831795612e-13
7.831710739e-13
7.831626059e-13
7.831541558e-13
7.831457126e-13
7.831372598e-13
7.83128777e-13
7.831202413e-13
7.831116392e-13
7.831029718e-13
7.830942511e-13
7.83085494e-13
7.830767201e-13
7.83067942e-13
7.830591614e-13
7.830503751e-13
7.830415771e-13
7.830327619e-13
7.830239226e-13
7.830150556e-13
7.830061604e-13
7.829972408e-13
7.829883039e-13
7.829793545e-13
7.829703885e-13
7.829613935e-13
7.82952355e-13
7.829432579e-13
7.829340919e-13
7.829248586e-13
7.829155709e-13
7.829062431e-13
7.828968852e-13
7.828875036e-13
7.828781034e-13
7.828686873e-13
7.828592504e-13
7.828497823e-13
7.828402711e-13
7.828307103e-13
7.82821104e-13
7.828114611e-13
7.828017847e-13
7.827920874e-13
7.827823762e-13
7.827726505e-13
7.827629026e-13
7.827531121e-13
7.827432721e-13
7.827334032e-13
7.827235171e-13
7.827136269e-13
7.827037464e-13
7.826938908e-13
7.826840719e-13
7.826742899e-13
7.826645324e-13
7.82654742e-13
7.826449061e-13
7.826350313e-13
7.826251284e-13
7.826152041e-13
7.826052785e-13
7.825953313e-13
7.825853832e-13
7.825754529e-13
7.825655429e-13
7.825556272e-13
7.825456977e-13
7.825357548e-13
7.825258071e-13
7.825158623e-13
7.825059289e-13
7.824960379e-13
7.824862161e-13
7.824764554e-13
7.824667325e-13
7.824570078e-13
7.824472243e-13
7.824373592e-13
7.824274053e-13
7.82417373e-13
7.824072597e-13
7.823971025e-13
7.823869483e-13
7.823768254e-13
7.823667192e-13
7.823565995e-13
7.82346432e-13
7.82336175e-13
7.823257987e-13
7.823152956e-13
7.823046791e-13
7.822939832e-13
7.822832509e-13
7.822725103e-13
7.822617562e-13
7.822509503e-13
7.822400376e-13
7.822289656e-13
7.822177006e-13
7.822062374e-13
7.821946079e-13
7.82182876e-13
7.821711099e-13
7.821593557e-13
7.82147614e-13
7.821358574e-13
7.821240408e-13
7.821120945e-13
7.820999476e-13
7.820875638e-13
7.820749706e-13
7.820622389e-13
7.820494311e-13
7.820365835e-13
7.820237268e-13
7.820108659e-13
7.819979679e-13
7.819849664e-13
7.819717706e-13
7.819583842e-13
7.819448524e-13
7.819312347e-13
7.819175947e-13
7.819040136e-13
7.818905495e-13
7.818772019e-13
7.818639099e-13
7.818505267e-13
7.818369281e-13
7.81823118e-13
7.818091355e-13
7.817950325e-13
7.817808579e-13
7.81766697e-13
7.817526424e-13
7.817387423e-13
7.817249672e-13
7.81711228e-13
7.816973543e-13
7.81683253e-13
7.816689424e-13
7.816544759e-13
7.816398945e-13
7.816252791e-13
7.816107217e-13
7.815962852e-13
7.815819447e-13
7.815676101e-13
7.815530759e-13
7.815382381e-13
7.815231277e-13
7.81507816e-13
7.814923588e-13
7.814768644e-13
7.814614629e-13
7.81446264e-13
7.814312827e-13
7.814164321e-13
7.81401559e-13
7.813863742e-13
7.813708255e-13
7.813549742e-13
7.813389116e-13
7.813226962e-13
7.813064276e-13
7.812902319e-13
7.812742155e-13
7.812583809e-13
7.812426414e-13
7.812267356e-13
7.812104825e-13
7.811939103e-13
7.811771022e-13
7.811601156e-13
7.811430359e-13
7.811260231e-13
7.811092429e-13
7.810927508e-13
7.810764793e-13
7.810600995e-13
7.810433219e-13
7.81026121e-13
7.81008554e-13
7.80990731e-13
7.809727277e-13
7.809547355e-13
7.809370034e-13
7.809196981e-13
7.809028382e-13
7.808862524e-13
7.808694396e-13
7.808521382e-13
7.80834322e-13
7.808160862e-13
7.807975821e-13
7.807789343e-13
7.807603913e-13
7.807422022e-13
7.807244743e-13
7.807070958e-13
7.806896822e-13
7.806716992e-13
7.80653082e-13
7.806339222e-13
7.806144068e-13
7.805946602e-13
7.805749469e-13
7.805555806e-13
7.805367554e-13
7.805184114e-13
7.805002608e-13
7.804815729e-13
7.804620546e-13
7.804417499e-13
7.804208547e-13
7.803995641e-13
7.803780652e-13
7.803567193e-13
7.803359031e-13
7.803157722e-13
7.80296204e-13
7.802767156e-13
7.802564389e-13
7.802352356e-13
7.802132009e-13
7.801905882e-13
7.801675989e-13
7.801445637e-13
7.801219322e-13
7.801000655e-13
7.800790116e-13
7.800584264e-13
7.800372438e-13
7.800149668e-13
7.799916133e-13
7.799674538e-13
7.799428563e-13
7.799180969e-13
7.79893684e-13
7.79870176e-13
7.798477996e-13
7.798262721e-13
7.798047188e-13
7.797819011e-13
7.797576503e-13
7.797321253e-13
7.797057287e-13
7.796787654e-13
7.796516632e-13
7.796251476e-13
7.795997929e-13
7.795756132e-13
7.795520805e-13
7.795280362e-13
7.795022372e-13
7.794746451e-13
7.794455643e-13
7.794153525e-13
7.793844536e-13
7.793536844e-13
7.793238573e-13
7.792953351e-13
7.792677937e-13
7.792403183e-13
7.792110355e-13
7.791794214e-13
7.791457381e-13
7.791105439e-13
7.79074302e-13
7.7903788e-13
7.790022503e-13
7.78968191e-13
7.78935782e-13
7.789043837e-13
7.788721103e-13
7.788373421e-13
7.788000813e-13
7.787607196e-13
7.787200417e-13
7.786786825e-13
7.786376689e-13
7.785981578e-13
7.785609364e-13
7.785260074e-13
7.784922502e-13
7.784567911e-13
7.784186261e-13
7.783777161e-13
7.783349123e-13
7.782912902e-13
7.782476237e-13
7.782050656e-13
7.781649266e-13
7.781277563e-13
7.780930522e-13
7.780580884e-13
7.780200282e-13
7.779786077e-13
7.77934479e-13
7.778887539e-13
7.778424287e-13
7.777962061e-13
7.777520131e-13
7.77711225e-13
7.776741247e-13
7.776393135e-13
7.776021284e-13
7.775606317e-13
7.775149455e-13
7.774661502e-13
7.774154871e-13
7.773635401e-13
7.773125974e-13
7.772648978e-13
7.772218296e-13
7.771829171e-13
7.771448789e-13
7.771024695e-13
7.77054902e-13
7.770032129e-13
7.769482772e-13
7.768912816e-13
7.768340879e-13
7.767794465e-13
7.76729408e-13
7.76684458e-13
7.766428942e-13
7.765998819e-13
7.765517441e-13
7.764989736e-13
7.764405596e-13
7.763785583e-13
7.763153593e-13
7.762537566e-13
7.761965696e-13
7.761459133e-13
7.761014843e-13
7.760602121e-13
7.760146886e-13
7.759635402e-13
7.759035793e-13
7.75837715e-13
7.757687701e-13
7.756996768e-13
7.756324442e-13
7.755709027e-13
7.755190617e-13
7.754764594e-13
7.754337331e-13
7.75381668e-13
7.753195777e-13
7.752471243e-13
7.751727428e-13
7.750950813e-13
7.750180957e-13
7.749398497e-13
7.7487149e-13
7.748158621e-13
7.747671207e-13
7.747086144e-13
7.746399315e-13
7.745559287e-13
7.744610406e-13
7.743218322e-13
7.741045827e-13
7.73959343e-13
7.740644249e-13
7.757532032e-13
7.850925829e-13
8.234357258e-13
9.592935638e-13
1.434547802e-12
3.610107879e-12
1.399605672e-11
6.346793349e-11
3.144527918e-10
1.621650542e-09
8.502799364e-09
4.474326494e-08
2.338120523e-07
1.194858826e-06
5.797708069e-06
2.523900656e-05
8.993505908e-05
0.0002371449236
0.0004449709538
0.0006306753965
0.0007491002262
0.0008109363964
0.0008400862542
0.0008531921026
0.0008589524161
0.0008614690118
0.0008625536822
0.0008630316911
0.0008632329176
0.0008633242935
0.0008633604373
0.0008633784466
0.0008633846003
0.0008633878598
0.0008633906727
0.0008633915264
0.0008633901451
0.000863393409
0.0008633907852
0.0008633916342
0.0008633915272
0.0008633911904
0.0008633928702
0.0008633907166
0.0008633929232
0.0008633908166
0.000863393246
0.0008633907338
0.000863392791
0.0008633901753
0.0008633931482
0.0008633905278
0.0008633940537
0.0008633901999
0.0008633945822
0.0008633903147
0.0008633945088
0.0008633912435
0.0008633943094
0.0008633911931
0.0008633944987
0.0008633915925
0.0008633948312
0.000863391498
0.0008633938173
0.0008633902599
0.0008633933152
0.0008633906579
0.0008633941391
0.000863391162
0.0008633940696
0.000863390325
0.0008633946704
0.0008633895861
0.0008633951142
0.0008633889347
0.0008633957514
0.0008633886946
0.0008633959962
0.0008633882169
0.00086339599
0.0008633875684
0.0008633970224
0.0008633871548
0.0008633960465
0.0008633858973
0.0008633972038
0.000863384797
0.0008633979433
0.0008633833514
0.0008633974526
0.0008633806711
0.0008634005186
0.0008633795709
0.0008634009334
0.0008633805848
0.0008634003737
0.0008633782504
0.0008634018336
0.0008633786898
0.0008634023323
0.0008633770527
0.0008634028452
0.0008633767956
0.0008634036625
0.000863375886
0.00086340405
0.0008633728739
0.0008634032664
0.0008633730231
0.000863402864
0.0008633736015
0.0008634029766
0.000863373728
0.0008634043817
0.0008633743062
0.0008634050693
0.0008633733475
0.0008634051995
0.0008633722135
0.00086340411
0.0008633707256
0.0008634029441
0.0008633697468
0.0008634021013
0.0008633684119
0.0008634007999
0.0008633682978
0.0008634000184
0.0008633691438
0.000863399363
0.000863368188
0.0008633997325
0.0008633689832
0.0008634002766
0.0008633703875
0.0008634003122
0.0008633693386
0.0008633987165
0.0008633669132
0.0008633987636
0.0008633676931
0.0008633972239
0.0008633689591
0.0008633962402
0.0008633696423
0.0008633975365
0.0008633705799
0.0008633986582
0.0008633719064
0.000863396202
0.0008633728672
0.0008633939933
0.0008633739913
0.0008633932692
0.0008633739942
0.0008633933636
0.0008633734501
0.00086339156
0.0008633721341
0.0008633920895
0.0008633720217
0.0008633927772
0.0008633748435
0.000863392766
0.0008633769383
0.0008633939147
0.0008633768977
0.0008633935554
0.0008633774382
0.0008633946377
0.0008633764597
0.0008633941975
0.0008633764835
0.000863394687
0.000863377687
0.000863394984
0.0008633763292
0.0008633951685
0.0008633762253
0.0008633959168
0.0008633748206
0.0008633966669
0.0008633719801
0.0008633975565
0.0008633723658
0.0008633983206
0.0008633692454
0.0008633983621
0.0008633684177
0.0008633984307
0.0008633702214
0.0008633969341
0.0008633690721
0.0008633956705
0.0008633696334
0.000863394828
0.0008633693218
0.0008633956078
0.0008633716771
0.0008633950322
0.0008633714027
0.0008633967867
0.0008633702711
0.0008633971007
0.0008633706885
0.0008633977402
0.0008633704327
0.0008633958047
0.000863373227
0.0008633942751
0.0008633749578
0.000863392126
0.000863377268
0.000863389109
0.0008633803352
0.0008633830096
0.0008633853408
0.0008633788842
0.0008633889457
0.0008633758971
0.000863392403
0.0008633734637
0.000863394396
0.0008633716023
0.0008633985618
0.0008633724919
0.0008633994714
0.0008633718431
0.0008634003708
0.0008633708973
0.0008633993884
0.0008633707036
0.0008633980164
0.0008633710585
0.0008633982021
0.0008633723997
0.0008633983251
0.0008633729972
0.0008633982838
0.000863372304
0.0008633990963
0.0008633692302
0.0008633988566
0.0008633689487
0.0008633991056
0.000863369416
0.0008633996519
0.0008633687157
0.0008633998499
0.0008633696783
0.0008633990782
0.0008633699408
0.0008633981002
0.0008633708613
0.0008633976375
0.0008633712568
0.0008633970057
0.0008633711393
0.0008633969927
0.0008633728521
0.0008633985588
0.0008633722989
0.0008633991758
0.0008633717842
0.0008634002016
0.0008633733337
0.0008634020613
0.000863373114
0.0008634015623
0.0008633711214
0.0008634011317
0.0008633706174
0.0008634027616
0.0008633678664
0.0008634034932
0.0008633689883
0.0008634022377
0.000863371179
0.0008634014924
0.0008633709036
0.0008633999982
0.0008633707165
0.0008634004205
0.0008633700792
0.0008633985194
0.0008633701607
0.0008633993439
0.0008633691057
0.0008633980339
0.00086337158
0.0008633981821
0.0008633719086
0.0008633988293
0.0008633710416
0.0008633983073
0.0008633705206
0.0008633984992
0.0008633712873
0.0008633974872
0.0008633736137
0.0008633970142
0.0008633712115
0.0008633979928
0.0008633710392
0.0008633990673
0.0008633715308
0.0008633978289
0.0008633718264
0.0008633969905
0.0008633721347
0.0008633964134
0.0008633715799
0.0008633971867
0.0008633710153
0.0008633956058
0.0008633730039
0.0008633941977
0.0008633722036
0.0008633942376
0.0008633748618
0.0008633938954
0.0008633731864
0.0008633929821
0.0008633724119
0.0008633917653
0.0008633727733
0.0008633892402
0.0008633744992
0.0008633897774
0.0008633747365
0.000863389193
0.0008633750276
0.0008633877017
0.0008633767805
0.0008633861001
0.0008633808017
0.0008633838599
0.0008633834681
0.0008633804241
0.0008633870183
0.0008633796902
0.0008633892815
0.0008633786829
0.0008633917575
0.0008633776877
0.0008633918598
0.0008633765108
0.0008633909291
0.0008633756344
0.0008633914316
0.0008633743474
0.0008633930231
0.0008633714584
0.0008633946009
0.0008633736846
0.0008633957885
0.0008633739336
0.0008633961534
0.0008633735398
0.0008633982606
0.0008633715399
0.0008633984487
0.0008633726284
0.000863398917
0.0008633720962
0.0008633998156
0.0008633729914
0.0008633997223
0.000863373161
0.0008633995431
0.0008633748725
0.0008634009561
0.0008633749483
0.0008634003316
0.0008633744531
0.0008633999497
0.0008633756085
0.0008633979359
0.0008633742503
0.000863396003
0.000863373522
0.0008633953717
0.0008633732017
0.0008633963263
0.0008633727134
0.0008633979231
0.0008633733644
0.0008633991906
0.0008633753781
0.0008634007409
0.000863376533
0.0008634018514
0.0008633760188
0.0008634021636
0.0008633757018
0.0008634018814
0.0008633754221
0.0008634015351
0.0008633750172
0.0008634020086
0.0008633772659
0.0008634015797
0.0008633776341
0.0008634015242
0.0008633774257
0.000863401981
0.0008633772368
0.0008634027531
0.0008633757613
0.0008634021613
0.0008633724911
0.000863403442
0.0008633718494
0.0008634023378
0.0008633720909
0.0008634022806
0.0008633715079
0.0008634020283
0.0008633702239
0.0008634023943
0.0008633690772
0.0008634024988
0.0008633709425
0.0008634014807
0.0008633733307
0.0008633997645
0.0008633730762
0.0008634001498
0.0008633717601
0.0008634003636
0.0008633745726
0.0008634002326
0.0008633747153
0.0008633993499
0.0008633745611
0.0008634004437
0.0008633742574
0.0008634014488
0.0008633741406
0.0008634031806
0.000863373339
0.00086340348
0.0008633759751
0.0008634022082
0.0008633742913
0.0008634013339
0.0008633758095
0.0008634009133
0.0008633757854
0.000863399107
0.0008633761155
0.0008633982888
0.0008633770317
0.0008633983082
0.0008633770082
0.0008633978473
0.0008633781423
0.0008633963852
0.0008633782683
0.0008633942146
0.0008633791508
0.0008633937115
0.0008633806401
0.0008633894997
0.0008633830272
0.0008633861131
0.0008633851402
0.0008633850435
0.0008633870931
0.000863383862
0.0008633866697
0.0008633816578
0.000863388429
0.0008633796422
0.0008633885373
0.0008633786129
0.0008633895588
0.0008633771074
0.0008633904765
0.0008633774115
0.0008633907282
0.0008633755014
0.0008633919668
0.0008633729612
0.0008633934442
0.0008633747142
0.0008633932904
0.0008633740992
0.0008633927028
0.0008633740569
0.0008633921773
0.0008633734697
0.0008633925379
0.0008633721315
0.0008633938841
0.0008633722852
0.0008633934688
0.0008633711578
0.0008633937535
0.0008633730146
0.0008633939788
0.0008633749282
0.0008633946362
0.000863374689
0.0008633933228
0.0008633740762
0.0008633940899
0.0008633735261
0.0008633948227
0.0008633752847
0.0008633943782
0.0008633756632
0.0008633942604
0.0008633756844
0.0008633946178
0.0008633751219
0.0008633955731
0.0008633726406
0.0008633972826
0.0008633746472
0.0008633970969
0.0008633742593
0.0008633971716
0.0008633743611
0.0008633966224
0.0008633746099
0.0008633949126
0.0008633745574
0.0008633959307
0.0008633737342
0.0008633973335
0.0008633747234
0.0008633982702
0.0008633732633
0.0008633970729
0.0008633739749
0.0008633985668
0.000863374917
0.0008633969924
0.0008633739258
0.0008633981978
0.0008633741165
0.0008633984032
0.0008633733713
0.00086339579
0.0008633761747
0.0008633950426
0.00086337618
0.000863394531
0.0008633777794
0.0008633942362
0.0008633780381
0.0008633948584
0.000863378409
0.0008633941539
0.0008633788972
0.0008633941562
0.0008633782363
0.0008633934522
0.0008633784072
0.0008633930079
0.0008633773498
0.0008633926957
0.0008633783126
0.0008633948976
0.0008633786497
0.0008633950743
0.0008633764303
0.0008633950206
0.0008633741993
0.0008633946873
0.0008633754804
0.0008633941532
0.0008633769179
0.0008633943904
0.0008633773084
0.0008633943376
0.0008633777904
0.0008633951409
0.0008633782054
0.0008633941242
0.0008633810655
0.0008633938577
0.0008633811896
0.0008633943789
0.000863382148
0.0008633920332
0.000863383331
0.0008633909323
0.0008633858468
0.0008633878087
0.0008633899859
0.0008633832828
0.0008633943521
0.0008633807236
0.0008633976346
0.0008633780274
0.0008633989147
0.0008633744282
0.0008633996663
0.0008633734766
0.0008633993617
0.0008633732776
0.0008633989572
0.0008633734606
0.0008634008802
0.0008633725452
0.0008634011653
0.0008633709418
0.0008634016593
0.0008633722564
0.0008634014498
0.000863374291
0.0008634020445
0.0008633741368
0.000863401585
0.0008633755342
0.0008634004532
0.000863374957
0.0008634007495
0.0008633743415
0.0008634023014
0.0008633751248
0.0008634014614
0.0008633751749
0.0008634022102
0.0008633744872
0.0008634020389
0.0008633738492
0.0008634010542
0.0008633723725
0.000863401497
0.0008633725426
0.0008634012493
0.0008633729386
0.0008634015491
0.0008633728563
0.0008634010942
0.0008633730757
0.0008634026675
0.0008633713401
0.0008634031962
0.0008633710421
0.0008634018387
0.0008633711038
0.0008634012139
0.000863371397
0.0008634022518
0.0008633738926
0.0008634020577
0.0008633722732
0.0008634013842
0.0008633712539
0.0008634021872
0.0008633698706
0.0008634025621
0.0008633695485
0.0008634016247
0.0008633711595
0.0008634001148
0.0008633717641
0.0008633986022
0.0008633704109
0.0008633981447
0.000863372817
0.0008633972391
0.0008633732932
0.0008633957169
0.0008633713533
0.000863395811
0.0008633712357
0.0008633950748
0.0008633715789
0.0008633957807
0.000863369896
0.0008633975125
0.000863370555
0.0008633971025
0.0008633703191
0.000863396958
0.0008633718444
0.0008633954329
0.0008633721111
0.0008633940079
0.0008633732395
0.0008633930379
0.0008633729904
0.0008633921642
0.0008633712244
0.0008633939944
0.0008633732488
0.0008633926208
0.0008633769855
0.0008633928037
0.0008633766548
0.0008633925802
0.0008633790327
0.0008633953448
0.000863377711
0.0008633944856
0.0008633793004
0.0008633942268
0.0008633780903
0.0008633941909
0.0008633765643
0.0008633929613
0.0008633776256
0.0008633911418
0.0008633777893
0.0008633904624
0.0008633771706
0.0008633893047
0.0008633793844
0.0008633875945
0.0008633826625
0.0008633834865
0.0008633869988
0.0008633772285
0.0008633907342
0.0008633765856
0.0008633923292
0.0008633763756
0.0008633925192
0.0008633770899
0.0008633927529
0.0008633773828
0.0008633923214
0.0008633776933
0.0008633936218
0.0008633775711
0.0008633923802
0.0008633771038
0.0008633928693
0.0008633750303
0.000863391546
0.0008633741128
0.000863390969
0.0008633777428
0.0008633908261
0.0008633765534
0.0008633902791
0.0008633762355
0.0008633907803
0.0008633776045
0.00086339097
0.0008633774597
0.0008633914591
0.0008633759674
0.0008633886937
0.000863375124
0.0008633917153
0.0008633746921
0.0008633935762
0.0008633760402
0.0008633946614
0.0008633738148
0.0008633948405
0.0008633756794
0.0008633926398
0.000863376222
0.0008633938829
0.0008633756735
0.0008633931545
0.000863376551
0.0008633955812
0.0008633776537
0.0008633955717
0.0008633750324
0.0008633961995
0.0008633737069
0.0008633946106
0.0008633751772
0.0008633935138
0.0008633787808
0.0008633896689
0.0008633805448
0.0008633899558
0.0008633805983
0.0008633874254
0.000863379814
0.00086338692
0.0008633792641
0.0008633864461
0.0008633779079
0.0008633868095
0.000863377031
0.0008633881558
0.0008633754008
0.000863390426
0.0008633742695
0.0008633892619
0.0008633750954
0.0008633912204
0.000863373661
0.0008633925036
0.0008633728055
0.0008633940292
0.0008633704155
0.0008633961003
0.0008633685291
0.0008633975082
0.0008633682336
0.0008633981363
0.0008633684252
0.000863397424
0.0008633673931
0.0008633968508
0.0008633682975
0.0008633971616
0.0008633680116
0.0008633975278
0.0008633678608
0.0008633971637
0.0008633688076
0.0008633968999
0.0008633705552
0.0008633962392
0.0008633703174
0.0008633954129
0.0008633713427
0.000863393894
0.0008633722384
0.0008633911916
0.0008633766514
0.0008633881214
0.0008633796428
0.0008633877562
0.0008633809512
0.000863384556
0.0008633820595
0.000863382728
0.0008633813888
0.000863383726
0.0008633815097
0.0008633848118
0.0008633824768
0.00086338138
0.000863384173
0.0008633801354
0.000863386086
0.0008633798456
0.0008633878759
0.000863375844
0.0008633884526
0.0008633758924
0.0008633893451
0.000863374994
0.0008633904842
0.0008633751404
0.0008633910582
0.0008633745601
0.0008633908393
0.0008633742375
0.0008633924594
0.0008633740381
0.0008633935507
0.0008633727643
0.0008633946884
0.0008633721064
0.0008633954731
0.0008633693849
0.0008633963988
0.000863369613
0.0008633968855
0.000863367966
0.0008633981966
0.0008633661589
0.0008633987269
0.0008633665005
0.000863397907
0.0008633684172
0.000863397737
0.0008633680332
0.0008633978424
0.0008633670229
0.0008633980877
0.0008633672346
0.0008633969401
0.0008633690172
0.0008633965044
0.0008633681683
0.0008633951468
0.0008633708752
0.0008633951351
0.0008633714354
0.0008633949083
0.000863372496
0.0008633956469
0.0008633729659
0.0008633955346
0.0008633715038
0.0008633953981
0.0008633717108
0.0008633937153
0.0008633716229
0.0008633920742
0.0008633723568
0.0008633910094
0.0008633722096
0.0008633888103
0.0008633716593
0.0008633882336
0.0008633717111
0.0008633897123
0.0008633710793
0.0008633903618
0.0008633698822
0.0008633924136
0.0008633666845
0.0008633933863
0.0008633646167
0.0008633941538
0.0008633663113
0.0008633940662
0.0008633661051
0.0008633942579
0.0008633672876
0.0008633925655
0.0008633673291
0.0008633925569
0.0008633666361
0.0008633924774
0.0008633679263
0.0008633936074
0.0008633670173
0.0008633936134
0.0008633699757
0.0008633919082
0.0008633706151
0.0008633921613
0.000863373612
0.0008633913448
0.0008633751688
0.0008633907548
0.0008633762413
0.0008633912849
0.0008633760975
0.0008633911371
0.0008633776532
0.0008633925731
0.0008633766427
0.000863393236
0.0008633763805
0.0008633939045
0.0008633754518
0.0008633941925
0.0008633759912
0.0008633930786
0.000863377074
0.0008633914407
0.0008633782263
0.0008633919611
0.0008633791086
0.0008633927705
0.0008633799818
0.0008633923521
0.0008633779804
0.0008633902646
0.0008633778469
0.0008633881666
0.0008633800099
0.0008633869707
0.0008633832901
0.0008633822781
0.0008633868248
0.0008633787168
0.0008633891271
0.0008633769376
0.0008633900626
0.0008633753422
0.0008633919967
0.0008633723562
0.0008633954111
0.0008633685603
0.0008633983651
0.0008633651676
0.0008633983133
0.0008633633143
0.0008633984809
0.0008633650405
0.0008633990881
0.0008633626879
0.0008633986308
0.0008633625499
0.0008633980822
0.0008633634701
0.000863397562
0.0008633615545
0.0008633974117
0.00086336167
0.0008633963547
0.0008633642981
0.0008633947193
0.0008633651517
0.0008633946808
0.0008633664793
0.0008633957516
0.0008633639849
0.000863395177
0.0008633642723
0.0008633968197
0.0008633657069
0.0008633962
0.0008633669127
0.0008633952506
0.0008633685994
0.0008633941486
0.0008633678551
0.000863394139
0.0008633680409
0.0008633950996
0.0008633674222
0.0008633946875
0.0008633673178
0.0008633954293
0.0008633655221
0.0008633958271
0.0008633638555
0.0008633946678
0.0008633646657
0.0008633956798
0.0008633639566
0.0008633961338
0.0008633647509
0.0008633966963
0.0008633632058
0.000863395295
0.0008633624498
0.0008633941051
0.0008633614719
0.000863393946
0.0008633631391
0.0008633939036
0.0008633634033
0.0008633922535
0.0008633616984
0.0008633918995
0.0008633651066
0.0008633907707
0.0008633700143
0.000863389772
0.0008633714096
0.0008633886754
0.0008633722496
0.0008633891881
0.0008633720617
0.0008633898418
0.0008633732636
0.0008633907138
0.000863372266
0.0008633896282
0.0008633721751
0.0008633890757
0.0008633721066
0.0008633884061
0.0008633710111
0.0008633891939
0.0008633719605
0.0008633908228
0.0008633692384
0.0008633902672
0.0008633673585
0.0008633927222
0.0008633633217
0.0008633938072
0.0008633633461
0.0008633950129
0.0008633653989
0.00086339636
0.0008633660114
0.000863396075
0.0008633676477
0.0008633956594
0.0008633668653
0.0008633952057
0.0008633665743
0.0008633954937
0.0008633678242
0.0008633958288
0.0008633677337
0.000863396392
0.0008633689235
0.0008633961383
0.0008633698217
0.0008633956481
0.0008633696134
0.0008633941164
0.0008633724177
0.0008633908199
0.000863372973
0.0008633907994
0.0008633723924
0.0008633912444
0.0008633720569
0.0008633909957
0.0008633698647
0.0008633906597
0.0008633708875
0.0008633898994
0.0008633693716
0.0008633894337
0.0008633684811
0.0008633897132
0.0008633692618
0.0008633906938
0.0008633704013
0.0008633923762
0.000863371633
0.000863392011
0.0008633717676
0.0008633918361
0.0008633717702
0.0008633908266
0.0008633697558
0.0008633921221
0.0008633685847
0.0008633891509
0.0008633702558
0.0008633895226
0.0008633714364
0.0008633890863
0.0008633714434
0.0008633883861
0.0008633697729
0.0008633870061
0.0008633704059
0.0008633849081
0.0008633713644
0.0008633864632
0.0008633710919
0.0008633866605
0.0008633716505
0.0008633876715
0.0008633702795
0.0008633877961
0.0008633705118
0.000863388717
0.0008633701216
0.0008633894401
0.0008633699071
0.0008633885574
0.0008633708491
0.0008633871041
0.0008633698725
0.0008633900931
0.0008633682904
0.0008633904183
0.0008633679749
0.0008633891483
0.0008633680334
0.000863389788
0.0008633697693
0.0008633916709
0.00086337133
0.0008633921217
0.0008633704248
0.0008633934887
0.0008633689316
0.0008633926547
0.0008633662441
0.0008633921566
0.0008633659743
0.0008633926075
0.0008633652157
0.0008633933208
0.000863362884
0.0008633932277
0.0008633637708
0.0008633927562
0.00086336421
0.0008633923797
0.0008633638127
0.0008633913398
0.0008633661065
0.00086338822
0.0008633688249
0.0008633858762
0.0008633704683
0.0008633843446
0.0008633719932
0.0008633834699
0.0008633726677
0.0008633845799
0.000863373916
0.0008633856995
0.0008633747494
0.00086338587
0.0008633747595
0.0008633854563
0.0008633756863
0.0008633831254
0.000863375345
0.0008633857822
0.0008633738364
0.0008633869839
0.0008633756949
0.000863388249
0.0008633760785
0.0008633878913
0.0008633764315
0.0008633879483
0.0008633788482
0.0008633882233
0.0008633766225
0.0008633863131
0.0008633768518
0.0008633836895
0.0008633750559
0.0008633851473
0.0008633746062
0.0008633838282
0.0008633747064
0.0008633832967
0.0008633769351
0.0008633818186
0.0008633781507
0.0008633783037
0.0008633788234
0.0008633777952
0.0008633782232
0.0008633770907
0.0008633806461
0.0008633735793
0.0008633824125
0.0008633747346
0.0008633821413
0.0008633752254
0.0008633794661
0.0008633757973
0.0008633826301
0.0008633750717
0.00086338245
0.0008633748264
0.0008633815952
0.0008633742561
0.0008633807208
0.0008633726804
0.000863381898
0.0008633740897
0.0008633818992
0.0008633749002
0.0008633824383
0.0008633758954
0.0008633803978
0.000863374269
0.0008633804717
0.000863372617
0.0008633795815
0.0008633698195
0.000863379981
0.00086337317
0.0008633800578
0.0008633737015
0.0008633806712
0.0008633741307
0.0008633822257
0.0008633735845
0.0008633807273
0.0008633734144
0.0008633805759
0.0008633724595
0.0008633808194
0.0008633715335
0.0008633829288
0.0008633701344
0.0008633832569
0.0008633702819
0.0008633831802
0.0008633703201
0.0008633845271
0.0008633699932
0.0008633848983
0.0008633710191
0.0008633829876
0.0008633716051
0.0008633822515
0.0008633716684
0.0008633840196
0.0008633713706
0.0008633856217
0.0008633707465
0.0008633882654
0.0008633705617
0.0008633863468
0.0008633702117
0.0008633867388
0.0008633685514
0.0008633869734
0.0008633704628
0.0008633860952
0.0008633712644
0.0008633853267
0.0008633709489
0.0008633850225
0.0008633712871
0.0008633832771
0.0008633707853
0.0008633836871
0.0008633699159
0.0008633838654
0.0008633678426
0.0008633849904
0.0008633658734
0.0008633865108
0.0008633648942
0.0008633854651
0.0008633691446
0.0008633857927
0.0008633689273
0.0008633868373
0.0008633682969
0.0008633883053
0.0008633673817
0.0008633893951
0.0008633685515
0.0008633891564
0.0008633686018
0.0008633897786
0.0008633680495
0.0008633890806
0.0008633677003
0.0008633893884
0.0008633668573
0.0008633884599
0.0008633656972
0.0008633870621
0.0008633640012
0.0008633854852
0.0008633660879
0.0008633834803
0.0008633698423
0.0008633822225
0.0008633698981
0.0008633823906
0.0008633731488
0.0008633803584
0.0008633733319
0.0008633787617
0.0008633736543
0.00086337732
0.0008633771765
0.000863376926
0.0008633781341
0.0008633788205
0.0008633762259
0.0008633792912
0.0008633767961
0.0008633800718
0.0008633766499
0.0008633777523
0.0008633757694
0.000863376179
0.00086337503
0.0008633753819
0.0008633768472
0.0008633741926
0.0008633780235
0.0008633713232
0.0008633788803
0.0008633710748
0.0008633780438
0.0008633729535
0.0008633784652
0.0008633731675
0.0008633782021
0.0008633730699
0.0008633799749
0.0008633712558
0.000863379916
0.0008633730773
0.0008633832489
0.00086337353
0.0008633851159
0.0008633711236
0.0008633860197
0.0008633698026
0.0008633888358
0.000863366099
0.0008633890853
0.0008633671893
0.0008633882666
0.0008633686338
0.000863387058
0.0008633669941
0.0008633857447
0.0008633696715
0.000863384051
0.0008633718989
0.0008633841794
0.0008633727479
0.0008633838471
0.0008633746357
0.0008633808641
0.0008633770729
0.0008633826894
0.0008633785493
0.000863381379
0.000863378122
0.0008633804624
0.000863378346
0.0008633779505
0.0008633797056
0.0008633815975
0.0008633792388
0.0008633839066
0.0008633793805
0.0008633829954
0.0008633816049
0.0008633806372
0.0008633807243
0.0008633810183
0.0008633817092
0.000863380322
0.0008633803318
0.0008633782071
0.0008633806882
0.0008633785084
0.000863384251
0.0008633806962
0.0008633824998
0.000863380386
0.0008633827543
0.0008633799975
0.0008633823472
0.0008633793294
0.0008633801496
0.0008633791887
0.0008633794298
0.0008633793868
0.0008633808549
0.0008633805522
0.0008633823209
0.0008633807804
0.0008633817474
0.0008633805764
0.0008633822516
0.0008633804986
0.0008633791828
0.0008633810956
0.0008633789629
0.0008633798995
0.0008633776575
0.0008633805405
0.0008633759284
0.0008633784126
0.0008633768633
0.0008633773783
0.0008633766981
0.0008633778223
0.0008633760435
0.0008633785683
0.0008633745346
0.0008633807294
0.0008633744526
0.0008633827633
0.0008633712172
0.0008633822006
0.0008633720546
0.0008633818194
0.0008633720468
0.0008633807227
0.0008633726381
0.000863380338
0.0008633758582
0.0008633794167
0.0008633772611
0.0008633802615
0.0008633789938
0.0008633801734
0.0008633785713
0.0008633814235
0.0008633794746
0.0008633816768
0.0008633804746
0.0008633813163
0.0008633814331
0.0008633813831
0.0008633816818
0.0008633807458
0.0008633815151
0.0008633798571
0.000863381969
0.0008633788752
0.0008633817338
0.0008633770185
0.0008633803242
0.0008633775848
0.0008633803919
0.0008633773484
0.0008633811981
0.0008633758638
0.0008633831884
0.0008633755957
0.0008633837616
0.0008633745757
0.000863383727
0.0008633748235
0.0008633832735
0.0008633730144
0.0008633803362
0.0008633726537
0.000863377994
0.0008633729315
0.0008633780872
0.0008633732858
0.0008633770993
0.0008633731495
0.0008633748261
0.0008633750435
0.0008633758963
0.0008633746729
0.000863376472
0.0008633738663
0.0008633776944
0.00086337328
0.0008633772641
0.000863374751
0.0008633751774
0.0008633738257
0.0008633752826
0.0008633742494
0.0008633751635
0.0008633731582
0.000863376215
0.0008633758903
0.0008633762623
0.0008633756871
0.0008633781775
0.000863373624
0.0008633807156
0.0008633690273
0.0008633832635
0.0008633669436
0.0008633832016
0.0008633661424
0.0008633836573
0.0008633652885
0.0008633843194
0.0008633676011
0.0008633839104
0.000863367258
0.0008633831578
0.0008633669405
0.0008633824571
0.0008633669665
0.0008633829333
0.0008633668685
0.0008633822698
0.0008633660188
0.0008633837937
0.0008633645154
0.0008633835454
0.00086336522
0.0008633819832
0.0008633651522
0.0008633815552
0.0008633661302
0.0008633802422
0.0008633649586
0.0008633792182
0.0008633651392
0.0008633787451
0.0008633676856
0.0008633782326
0.0008633700487
0.0008633782839
0.0008633721677
0.0008633784073
0.0008633742372
0.0008633748372
0.0008633748042
0.0008633747435
0.0008633772856
0.0008633717678
0.0008633794312
0.0008633735344
0.0008633798862
0.0008633742597
0.0008633786374
0.0008633766535
0.0008633804935
0.0008633757622
0.0008633778004
0.0008633784831
0.0008633784996
0.0008633802933
0.0008633779886
0.0008633806286
0.0008633772971
0.0008633795441
0.0008633796982
0.0008633803928
0.0008633815853
0.0008633789515
0.000863379502
0.000863378473
0.000863380557
0.0008633788267
0.0008633812767
0.0008633762292
0.0008633819943
0.0008633761572
0.0008633835405
0.0008633759982
0.0008633855038
0.0008633762251
0.0008633877473
0.0008633733883
0.0008633880136
0.0008633752705
0.0008633876407
0.0008633714681
0.0008633878172
0.0008633697461
0.000863387088
0.0008633675931
0.0008633876729
0.0008633674469
0.0008633877565
0.0008633677363
0.0008633890643
0.0008633682964
0.0008633874224
0.0008633693649
0.0008633864538
0.0008633711033
0.0008633865612
0.0008633717935
0.0008633850358
0.0008633721059
0.0008633828163
0.0008633727687
0.0008633822175
0.0008633739236
0.0008633828563
0.0008633746388
0.0008633829966
0.0008633735028
0.0008633817788
0.0008633750164
0.0008633806385
0.0008633764413
0.0008633797032
0.0008633742649
0.0008633803668
0.0008633752302
0.0008633808048
0.0008633751001
0.0008633795627
0.0008633728713
0.0008633784836
0.0008633731715
0.0008633783541
0.0008633722577
0.0008633790801
0.0008633706158
0.0008633798764
0.0008633720796
0.0008633799762
0.0008633715358
0.0008633819587
0.0008633729815
0.0008633823936
0.0008633731791
0.0008633838403
0.0008633724737
0.0008633830454
0.0008633717006
0.0008633842948
0.0008633713881
0.0008633855494
0.0008633707999
0.0008633872264
0.0008633714884
0.0008633850769
0.0008633726812
0.0008633849672
0.0008633718231
0.0008633819554
0.0008633748131
0.0008633812154
0.0008633739256
0.0008633812563
0.0008633740897
0.0008633814059
0.000863375355
0.0008633808033
0.0008633733749
0.0008633808803
0.0008633756737
0.0008633798335
0.0008633741581
0.000863381423
0.0008633713531
0.0008633819388
0.0008633738489
0.0008633830545
0.0008633745631
0.0008633831643
0.000863375152
0.0008633826181
0.000863373985
0.0008633823776
0.0008633737046
0.000863381131
0.0008633735305
0.0008633820123
0.000863374742
0.0008633820426
0.0008633742233
0.0008633820466
0.0008633757112
0.0008633826812
0.0008633741096
0.0008633794916
0.0008633780631
0.0008633790381
0.0008633791243
0.0008633783203
0.0008633790564
0.0008633754043
0.0008633815104
0.0008633754709
0.0008633819741
0.0008633739567
0.0008633834346
0.0008633720803
0.0008633845928
0.0008633718439
0.0008633861678
0.0008633696761
0.0008633855383
0.0008633699458
0.0008633843441
0.0008633703183
0.0008633824122
0.0008633716107
0.0008633816461
0.0008633734813
0.0008633800719
0.0008633743861
0.0008633804831
0.0008633749221
0.0008633800577
0.0008633757431
0.0008633798977
0.0008633747499
0.0008633806677
0.000863375316
0.0008633814666
0.0008633747537
0.0008633810791
0.0008633754362
0.00086338242
0.0008633764563
0.0008633819837
0.0008633751093
0.0008633834134
0.0008633742468
0.0008633846375
0.00086337471
0.0008633843895
0.0008633727343
0.0008633859624
0.000863373687
0.0008633857565
0.0008633726829
0.0008633846242
0.0008633720822
0.0008633883969
0.0008633715427
0.0008633903881
0.0008633705763
0.0008633926039
0.0008633704476
0.000863393071
0.0008633677245
0.0008633939015
0.0008633667228
0.0008633940045
0.0008633658375
0.0008633954108
0.000863366091
0.0008633935599
0.0008633681248
0.0008633929143
0.0008633695079
0.0008633912456
0.0008633685881
0.000863392112
0.0008633694141
0.0008633921541
0.0008633687368
0.0008633885051
0.0008633708716
0.0008633883847
0.0008633721098
0.0008633858032
0.0008633728482
0.00086338473
0.000863373147
0.0008633844173
0.0008633701685
0.0008633827303
0.0008633718154
0.0008633815883
0.0008633738529
0.0008633810317
0.0008633746449
0.0008633803292
0.0008633745437
0.0008633815343
0.0008633751288
0.0008633816208
0.0008633750207
0.0008633813257
0.0008633734037
0.0008633805766
0.0008633722518
0.0008633810482
0.0008633701074
0.0008633815783
0.0008633683716
0.0008633818942
0.0008633692941
0.000863381972
0.0008633699013
0.0008633810964
0.0008633716595
0.0008633783583
0.0008633736866
0.000863375026
0.0008633771315
0.0008633771028
0.000863378009
0.00086337635
0.0008633823022
0.0008633739635
0.0008633852208
0.0008633724772
0.0008633879699
0.0008633706196
0.0008633917533
0.00086336778
0.0008633942575
0.00086336828
0.0008633937182
0.0008633696773
0.0008633927338
0.0008633691171
0.0008633926572
0.0008633675477
0.0008633916191
0.0008633695855
0.0008633891102
0.0008633698886
0.0008633864259
0.0008633705079
0.0008633869088
0.0008633742381
0.0008633858629
0.000863374915
0.0008633861652
0.0008633744893
0.0008633846847
0.0008633747252
0.0008633845498
0.0008633749751
0.0008633848478
0.0008633738987
0.0008633847547
0.0008633747724
0.000863385898
0.0008633757012
0.000863386669
0.0008633743154
0.00086338892
0.0008633716577
0.0008633914655
0.0008633734897
0.0008633913125
0.0008633723945
0.0008633939135
0.0008633680741
0.0008633943846
0.0008633692878
0.0008633950675
0.0008633694538
0.0008633955022
0.0008633677548
0.0008633951168
0.0008633679614
0.000863393084
0.0008633702796
0.0008633929298
0.0008633714809
0.0008633922462
0.0008633711519
0.0008633894026
0.0008633742018
0.0008633873134
0.0008633766017
0.0008633851573
0.0008633772235
0.0008633821282
0.0008633775082
0.0008633831981
0.0008633771276
0.0008633829721
0.0008633766297
0.0008633850079
0.0008633763189
0.0008633861545
0.0008633752914
0.0008633862525
0.0008633749239
0.0008633871066
0.0008633723961
0.0008633893017
0.0008633710963
0.0008633902866
0.0008633708423
0.000863388856
0.0008633702616
0.0008633879128
0.0008633700347
0.0008633910473
0.0008633690076
0.0008633930204
0.0008633678702
0.0008633956735
0.0008633678139
0.0008633932143
0.0008633671635
0.0008633920395
0.0008633647897
0.0008633919555
0.0008633634887
0.0008633912334
0.0008633654019
0.0008633909597
0.0008633670125
0.0008633886474
0.0008633696788
0.0008633852008
0.0008633711645
0.000863387361
0.0008633734431
0.0008633860098
0.0008633740917
0.0008633863828
0.0008633734953
0.000863384627
0.0008633734469
0.0008633836132
0.0008633754817
0.0008633835987
0.0008633778153
0.0008633833175
0.0008633775894
0.0008633806728
0.0008633774878
0.0008633810151
0.0008633803008
0.0008633796271
0.0008633814238
0.0008633780819
0.0008633825217
0.0008633772909
0.0008633829606
0.0008633755168
0.0008633833338
0.0008633732981
0.0008633836846
0.0008633714609
0.0008633867902
0.0008633713604
0.0008633896461
0.000863371721
0.0008633897386
0.0008633699361
0.0008633907498
0.000863369484
0.0008633932851
0.0008633678299
0.0008633938728
0.0008633658422
0.0008633961603
0.0008633647928
0.0008633959209
0.0008633631401
0.0008633953875
0.000863362264
0.0008633951619
0.0008633599974
0.0008633945659
0.0008633590303
0.0008633939299
0.0008633593508
0.000863393809
0.0008633584402
0.000863394075
0.0008633583774
0.0008633944023
0.0008633591857
0.0008633949668
0.0008633601191
0.0008633953187
0.0008633583479
0.000863392643
0.0008633584298
0.0008633898255
0.0008633620229
0.0008633882405
0.0008633625916
0.0008633852253
0.0008633656117
0.0008633843993
0.0008633689468
0.0008633824618
0.0008633694885
0.0008633802903
0.0008633698026
0.0008633807854
0.0008633713305
0.0008633799163
0.000863371348
0.0008633821986
0.0008633697346
0.0008633818109
0.0008633708772
0.0008633816827
0.0008633719774
0.0008633831413
0.0008633716034
0.0008633835521
0.0008633699965
0.0008633820768
0.0008633649881
0.0008633853103
0.0008633655978
0.0008633871032
0.0008633627411
0.0008633888308
0.0008633622443
0.0008633891396
0.0008633638293
0.0008633888653
0.0008633640652
0.0008633887281
0.0008633668263
0.0008633889793
0.0008633683243
0.0008633889604
0.0008633668898
0.0008633874529
0.000863368952
0.0008633855291
0.0008633713456
0.0008633846177
0.0008633715272
0.0008633837312
0.0008633708125
0.0008633821926
0.0008633718048
0.0008633804968
0.0008633710604
0.0008633803949
0.0008633715448
0.0008633773172
0.0008633722493
0.0008633770943
0.0008633728676
0.0008633766208
0.0008633720054
0.0008633770625
0.0008633710741
0.0008633778071
0.0008633721167
0.0008633785721
0.0008633723306
0.0008633791066
0.000863372294
0.0008633781713
0.000863370424
0.0008633770847
0.0008633701077
0.0008633792239
0.000863368569
0.0008633799031
0.0008633698916
0.000863378853
0.000863370582
0.0008633779119
0.000863372378
0.0008633763878
0.00086337444
0.0008633756171
0.0008633766973
0.000863372719
0.0008633788988
0.0008633715592
0.0008633798859
0.0008633705841
0.0008633805331
0.0008633689465
0.0008633796326
0.000863369805
0.0008633799231
0.0008633684716
0.0008633788174
0.0008633681105
0.0008633804881
0.0008633687666
0.0008633804422
0.0008633699934
0.0008633807317
0.0008633695896
0.0008633807124
0.0008633692385
0.0008633808734
0.0008633697468
0.000863380781
0.0008633698674
0.0008633806045
0.0008633702767
0.0008633795306
0.0008633685185
0.0008633784541
0.0008633666292
0.0008633777945
0.0008633690681
0.0008633794975
0.0008633706108
0.0008633814104
0.0008633724127
0.0008633811946
0.0008633709602
0.0008633812032
0.000863370165
0.0008633821949
0.0008633678203
0.0008633831955
0.0008633645857
0.0008633894932
0.0008633621512
0.0008633909632
0.0008633597227
0.0008633920116
0.0008633588806
0.0008633918583
0.000863358917
0.000863393457
0.0008633591121
0.0008633931093
0.0008633576107
0.0008633939335
0.0008633570194
0.0008633947167
0.0008633581626
0.0008633935406
0.0008633586685
0.0008633943121
0.0008633569263
0.0008633951482
0.0008633581782
0.0008633925356
0.0008633606655
0.0008633913815
0.0008633623664
0.0008633882802
0.0008633640465
0.0008633887602
0.0008633652361
0.0008633862533
0.0008633675975
0.0008633860804
0.0008633697722
0.0008633866703
0.0008633705218
0.0008633872467
0.0008633707689
0.0008633881356
0.0008633705576
0.0008633883067
0.0008633712526
0.0008633880355
0.0008633715812
0.0008633861415
0.0008633713765
0.0008633846468
0.0008633701539
0.0008633890266
0.0008633708512
0.0008633895007
0.0008633687119
0.0008633913384
0.0008633660594
0.0008633915587
0.0008633663186
0.0008633930055
0.0008633680183
0.0008633919029
0.000863366984
0.0008633910525
0.0008633704584
0.0008633916709
0.0008633730415
0.0008633926212
0.0008633728189
0.0008633907369
0.0008633751836
0.0008633885577
0.0008633788053
0.0008633868098
0.0008633797143
0.0008633860448
0.0008633833784
0.0008633828009
0.0008633839214
0.0008633813658
0.0008633851813
0.0008633796298
0.0008633835988
0.0008633775484
0.0008633847785
0.0008633757658
0.0008633848413
0.0008633744249
0.0008633847071
0.0008633779531
0.0008633848735
0.0008633798712
0.0008633843053
0.0008633792556
0.0008633830234
0.0008633790853
0.0008633830664
0.0008633763057
0.0008633831023
0.0008633775264
0.0008633812539
0.0008633795724
0.0008633797588
0.0008633786149
0.0008633785109
0.0008633775121
0.0008633773435
0.0008633773879
0.0008633771533
0.0008633763378
0.0008633777715
0.0008633724528
0.0008633787872
0.0008633723544
0.0008633791015
0.0008633696506
0.0008633817867
0.0008633680094
0.0008633823484
0.0008633687503
0.0008633835249
0.0008633725115
0.000863383799
0.000863371361
0.0008633824077
0.000863373938
0.000863379675
0.0008633734048
0.0008633792833
0.0008633731582
0.0008633795338
0.0008633727008
0.0008633797895
0.0008633755057
0.000863380247
0.0008633762309
0.0008633803405
0.0008633774883
0.0008633805888
0.0008633778541
0.0008633818098
0.0008633785121
0.0008633842795
0.0008633783552
0.0008633839304
0.0008633776599
0.0008633849953
0.0008633759712
0.0008633847414
0.0008633777982
0.0008633857564
0.0008633774536
0.0008633852025
0.0008633772598
0.0008633834757
0.0008633759918
0.0008633842424
0.000863374767
0.0008633839434
0.0008633730172
0.0008633872054
0.00086337095
0.0008633876129
0.0008633707936
0.0008633884816
0.0008633715078
0.0008633897294
0.0008633715127
0.0008633875659
0.0008633710549
0.0008633857626
0.0008633713959
0.0008633878203
0.0008633709026
0.0008633862699
0.0008633710184
0.0008633860235
0.0008633700388
0.000863385003
0.0008633685768
0.0008633854424
0.0008633676152
0.0008633848985
0.000863366986
0.0008633847349
0.0008633672605
0.0008633845107
0.0008633670548
0.0008633830339
0.000863365637
0.0008633818035
0.0008633673284
0.0008633809741
0.000863367
0.0008633819302
0.0008633694878
0.0008633802984
0.0008633735168
0.0008633763313
0.000863375078
0.0008633765411
0.0008633760115
0.0008633759082
0.0008633768838
0.0008633747786
0.0008633777792
0.0008633739553
0.0008633760217
0.0008633739183
0.000863379164
0.0008633715009
0.0008633786057
0.0008633715382
0.0008633809182
0.0008633729036
0.0008633817144
0.0008633744396
0.0008633823173
0.0008633729466
0.0008633821649
0.0008633720919
0.0008633842945
0.0008633697573
0.0008633853259
0.000863368921
0.0008633879374
0.0008633682
0.0008633900411
0.0008633674234
0.0008633905635
0.0008633683429
0.0008633913134
0.000863369669
0.0008633905059
0.0008633705001
0.0008633895202
0.0008633696725
0.0008633874042
0.0008633720261
0.0008633841176
0.0008633724111
0.0008633851231
0.0008633722835
0.0008633850428
0.0008633722795
0.0008633840158
0.0008633722447
0.0008633843886
0.0008633728776
0.000863385368
0.0008633743419
0.0008633836801
0.0008633730171
0.0008633847916
0.000863372603
0.0008633843897
0.0008633726766
0.0008633829397
0.0008633724322
0.0008633830857
0.0008633733442
0.0008633837729
0.0008633735532
0.0008633842989
0.0008633740105
0.0008633850885
0.0008633737217
0.0008633839239
0.0008633726291
0.0008633847565
0.0008633756861
0.0008633826304
0.0008633763033
0.0008633842414
0.0008633775444
0.0008633838725
0.0008633756359
0.0008633846201
0.0008633754568
0.0008633845196
0.0008633739655
0.0008633870798
0.0008633765137
0.0008633878766
0.0008633757683
0.0008633876384
0.0008633740637
0.0008633862814
0.0008633752815
0.0008633869967
0.0008633750102
0.0008633884559
0.0008633741328
0.0008633897983
0.0008633754784
0.0008633880329
0.0008633738306
0.0008633866089
0.0008633759952
0.0008633858123
0.0008633765474
0.000863384394
0.0008633777837
0.0008633819421
0.0008633774768
0.0008633806003
0.0008633768653
0.0008633790403
0.0008633763615
0.0008633812708
0.0008633766585
0.0008633796416
0.0008633792003
0.000863379116
0.0008633800454
0.00086337876
0.0008633808687
0.0008633778973
0.0008633818077
0.0008633768561
0.0008633817698
0.0008633757304
0.0008633834992
0.0008633730357
0.0008633830194
0.00086337285
0.000863382711
0.0008633722818
0.0008633830595
0.0008633716204
0.0008633829858
0.0008633720514
0.0008633845825
0.0008633697764
0.0008633842223
0.000863370106
0.0008633838234
0.0008633699332
0.0008633845579
0.000863370403
0.0008633841605
0.0008633696882
0.0008633847755
0.0008633687335
0.0008633841453
0.0008633677677
0.0008633853757
0.000863366189
0.0008633867638
0.0008633651449
0.0008633882689
0.0008633666911
0.0008633898573
0.0008633685225
0.0008633915252
0.000863369614
0.0008633914069
0.0008633702927
0.000863390359
0.000863372183
0.0008633900564
0.0008633721601
0.0008633869832
0.0008633727523
0.000863386794
0.0008633753553
0.0008633859533
0.0008633759198
0.0008633841141
0.0008633756226
0.0008633861312
0.0008633746008
0.0008633866673
0.0008633752618
0.0008633881037
0.0008633744326
0.0008633870618
0.0008633737628
0.0008633885497
0.0008633711316
0.0008633902996
0.0008633705849
0.0008633920405
0.0008633690916
0.0008633913958
0.000863369949
0.000863392282
0.0008633696782
0.0008633924537
0.000863369202
0.0008633918772
0.0008633696638
0.0008633917804
0.0008633681641
0.0008633899676
0.0008633710039
0.0008633874462
0.0008633710066
0.0008633871794
0.0008633715596
0.000863386329
0.0008633737331
0.0008633856841
0.000863374224
0.000863385289
0.0008633743382
0.0008633834898
0.0008633749312
0.0008633850097
0.000863374418
0.0008633847553
0.000863375099
0.0008633853705
0.0008633751788
0.0008633849263
0.0008633745041
0.0008633859136
0.000863372718
0.0008633890501
0.0008633687989
0.0008633899584
0.0008633690928
0.0008633887431
0.0008633671021
0.0008633879303
0.0008633680986
0.0008633864297
0.0008633698242
0.0008633859112
0.0008633717071
0.0008633852343
0.000863373525
0.0008633847181
0.0008633754262
0.000863384471
0.0008633765015
0.0008633846652
0.0008633778576
0.0008633859395
0.0008633779659
0.000863385028
0.0008633766225
0.0008633850857
0.000863374665
0.0008633838407
0.0008633750161
0.0008633830453
0.0008633745176
0.0008633822012
0.0008633753616
0.0008633821132
0.00086337675
0.0008633816775
0.000863376942
0.0008633798646
0.0008633767277
0.0008633774862
0.0008633760964
0.0008633758377
0.0008633769601
0.0008633731238
0.0008633784059
0.0008633701256
0.0008633798503
0.0008633686173
0.0008633800102
0.0008633692095
0.0008633803904
0.0008633643585
0.0008633809596
0.0008633661938
0.0008633836954
0.0008633654819
0.0008633855655
0.0008633668694
0.000863385679
0.0008633682686
0.0008633858428
0.0008633691625
0.0008633873141
0.0008633706041
0.0008633870091
0.0008633715016
0.0008633860981
0.0008633712933
0.0008633864007
0.0008633699234
0.000863384298
0.0008633704201
0.0008633848439
0.0008633707956
0.0008633849152
0.0008633713556
0.0008633866089
0.0008633731691
0.000863387162
0.0008633721318
0.0008633873463
0.0008633715892
0.0008633870353
0.0008633736095
0.0008633861017
0.0008633726056
0.000863387115
0.0008633710615
0.0008633866429
0.0008633687916
0.0008633858246
0.0008633695849
0.000863385466
0.0008633691783
0.0008633845348
0.000863369684
0.0008633841768
0.0008633713918
0.0008633836451
0.0008633722608
0.0008633825439
0.0008633722238
0.0008633827468
0.000863372606
0.0008633804843
0.0008633731072
0.0008633806422
0.0008633721811
0.0008633794905
0.0008633719539
0.0008633783866
0.0008633719197
0.0008633759314
0.0008633721692
0.0008633764852
0.0008633725344
0.0008633761546
0.0008633721112
0.0008633790961
0.000863370465
0.0008633807915
0.0008633686996
0.0008633841624
0.0008633701659
0.0008633832929
0.0008633700983
0.0008633827717
0.0008633734907
0.0008633838054
0.0008633746063
0.0008633829349
0.0008633767444
0.0008633796958
0.000863376809
0.0008633787675
0.0008633768691
0.0008633806645
0.0008633767583
0.0008633824861
0.0008633767216
0.0008633844596
0.0008633768734
0.0008633847061
0.0008633767227
0.000863385197
0.0008633788247
0.000863384867
0.0008633787223
0.0008633837134
0.0008633804654
0.0008633830139
0.000863381527
0.0008633824024
0.0008633835678
0.0008633799912
0.0008633845631
0.0008633783906
0.0008633867011
0.0008633753715
0.0008633874636
0.0008633748334
0.0008633884721
0.0008633730717
0.0008633886347
0.0008633733265
0.0008633881132
0.0008633716481
0.0008633889201
0.0008633718511
0.0008633891631
0.0008633754044
0.0008633899038
0.0008633757525
0.0008633899437
0.0008633769489
0.0008633922059
0.0008633773747
0.0008633918495
0.0008633776424
0.0008633929584
0.0008633777056
0.0008633909784
0.0008633786825
0.0008633912986
0.0008633782745
0.0008633926103
0.0008633769731
0.0008633899031
0.0008633780997
0.0008633880094
0.0008633785298
0.0008633866605
0.000863379487
0.0008633863652
0.0008633756154
0.0008633852498
0.000863374725
0.0008633837444
0.0008633729956
0.0008633859803
0.0008633727378
0.0008633867324
0.0008633732299
0.0008633861127
0.000863372903
0.0008633865582
0.000863373595
0.0008633874007
0.0008633741727
0.0008633879337
0.0008633736538
0.0008633893923
0.0008633722447
0.0008633886769
0.000863368873
0.0008633888162
0.0008633718158
0.000863387267
0.000863374143
0.0008633864036
0.000863374707
0.0008633836771
0.0008633746375
0.0008633828623
0.0008633722432
0.000863383709
0.0008633705534
0.0008633839048
0.0008633698224
0.0008633840987
0.0008633687299
0.000863383585
0.0008633689117
0.0008633863206
0.0008633692008
0.0008633872377
0.0008633690677
0.0008633856772
0.0008633701824
0.0008633899916
0.000863367706
0.0008633920325
0.0008633654709
0.0008633911682
0.0008633647644
0.0008633907502
0.0008633635087
0.0008633903495
0.0008633637539
0.0008633912141
0.0008633635175
0.0008633914733
0.0008633657058
0.0008633909462
0.0008633668826
0.000863390647
0.0008633696036
0.0008633895914
0.0008633710669
0.0008633896973
0.0008633732025
0.0008633878238
0.0008633740498
0.0008633867034
0.0008633748298
0.0008633857183
0.0008633744483
0.0008633873278
0.0008633744384
0.0008633867554
0.0008633765513
0.0008633865191
0.0008633742475
0.0008633857694
0.0008633741089
0.0008633859354
0.0008633756708
0.0008633884646
0.0008633760403
0.0008633875445
0.0008633748077
0.0008633864265
0.0008633759281
0.0008633845802
0.0008633803528
0.0008633814493
0.0008633833474
0.0008633795332
0.0008633848495
0.0008633782995
0.0008633856098
0.0008633772936
0.000863389096
0.0008633750034
0.0008633905909
0.0008633749468
0.0008633919875
0.0008633740953
0.0008633937001
0.0008633728666
0.0008633932431
0.0008633743263
0.000863391814
0.0008633751726
0.0008633930119
0.0008633749303
0.0008633928386
0.0008633762557
0.0008633947215
0.0008633770637
0.0008633958444
0.0008633779804
0.0008633945218
0.0008633771924
0.0008633938233
0.0008633746638
0.0008633920503
0.0008633745274
0.0008633927453
0.0008633756366
0.0008633928508
0.0008633778211
0.0008633896588
0.0008633780298
0.0008633875779
0.0008633770691
0.0008633855549
0.0008633767946
0.0008633861128
0.0008633766234
0.0008633862862
0.0008633773743
0.0008633861808
0.0008633790443
0.0008633843471
0.000863379063
0.0008633861438
0.0008633796761
0.0008633869063
0.0008633773983
0.000863387945
0.0008633781015
0.0008633877279
0.0008633797117
0.0008633860855
0.0008633794857
0.0008633826166
0.0008633797539
0.0008633843821
0.0008633798226
0.0008633847141
0.0008633784455
0.0008633868739
0.0008633793757
0.0008633859539
0.0008633795668
0.0008633875107
0.0008633797001
0.000863386565
0.0008633779214
0.0008633891782
0.0008633744418
0.0008633890105
0.0008633749798
0.0008633870032
0.0008633747103
0.0008633861637
0.0008633750661
0.0008633871318
0.0008633747698
0.0008633869591
0.0008633751864
0.000863385646
0.0008633759301
0.0008633851434
0.0008633767047
0.0008633847731
0.0008633758781
0.0008633849409
0.0008633753593
0.0008633847559
0.0008633771572
0.0008633852055
0.0008633776685
0.0008633841127
0.0008633767961
0.0008633808023
0.0008633754947
0.0008633844633
0.000863375084
0.0008633843791
0.0008633737623
0.0008633850454
0.0008633735285
0.0008633857771
0.000863371975
0.0008633867422
0.0008633731872
0.0008633869584
0.0008633741734
0.0008633875973
0.0008633749147
0.0008633869292
0.0008633740947
0.0008633861262
0.000863375561
0.0008633857862
0.0008633760776
0.0008633840782
0.0008633758915
0.0008633812281
0.0008633766813
0.0008633774059
0.0008633798071
0.000863376861
0.0008633802286
0.0008633766625
0.0008633809966
0.0008633733545
0.0008633815415
0.0008633711499
0.000863384082
0.0008633684723
0.0008633850267
0.0008633697621
0.0008633875763
0.0008633688823
0.0008633878268
0.0008633689962
0.0008633894514
0.000863370858
0.0008633898991
0.0008633718876
0.0008633892777
0.0008633744376
0.0008633888355
0.0008633748401
0.0008633875201
0.0008633771211
0.0008633866918
0.0008633773324
0.0008633879163
0.0008633756068
0.0008633882085
0.0008633749138
0.0008633888014
0.0008633731381
0.00086338706
0.0008633758047
0.0008633896295
0.0008633768966
0.000863390514
0.0008633772488
0.0008633903153
0.0008633780087
0.0008633914267
0.0008633778047
0.000863391112
0.0008633799479
0.0008633925263
0.000863380136
0.0008633919261
0.0008633783826
0.0008633931227
0.0008633783511
0.0008633922221
0.000863376944
0.0008633927619
0.0008633768169
0.0008633919
0.0008633768402
0.000863392308
0.0008633755104
0.0008633914219
0.0008633783006
0.0008633911509
0.0008633794368
0.0008633905474
0.0008633819321
0.0008633860347
0.0008633815471
0.0008633848677
0.0008633795478
0.0008633838807
0.0008633793928
0.0008633822839
0.000863379879
0.00086338234
0.000863381536
0.0008633823901
0.0008633825674
0.0008633800671
0.0008633816141
0.0008633800984
0.0008633839293
0.0008633814783
0.0008633839538
0.0008633820217
0.0008633827274
0.0008633817005
0.0008633813795
0.0008633796704
0.0008633833777
0.000863379126
0.0008633848018
0.0008633788779
0.0008633840611
0.0008633769231
0.0008633838837
0.0008633783052
0.00086338289
0.0008633793711
0.0008633810964
0.000863381164
0.0008633796514
0.0008633834461
0.0008633789217
0.0008633819339
0.000863377466
0.0008633815643
0.0008633786633
0.000863384694
0.0008633769989
0.0008633857221
0.0008633770201
0.0008633867802
0.0008633772445
0.0008633883726
0.0008633776858
0.0008633873859
0.0008633803979
0.000863385866
0.0008633812297
0.000863384272
0.0008633816292
0.0008633844927
0.0008633820117
0.000863383708
0.0008633806297
0.0008633823644
0.0008633819907
0.000863382449
0.0008633829271
0.0008633809855
0.0008633838871
0.0008633818386
0.0008633825124
0.0008633823191
0.0008633833401
0.0008633832782
0.0008633847097
0.0008633844278
0.0008633860597
0.0008633854068
0.000863383684
0.0008633844339
0.0008633843066
0.0008633855643
0.0008633854655
0.0008633875255
0.0008633856735
0.0008633867318
0.0008633884501
0.0008633862037
0.0008633886997
0.0008633839421
0.0008633908793
0.0008633815969
0.0008633873076
0.0008633842203
0.0008633887448
0.0008633833149
0.0008633894119
0.0008633847688
0.0008633900401
0.0008633825882
0.0008633901298
0.0008633823023
0.0008633894736
0.0008633818172
0.0008633889814
0.0008633826544
0.0008633892663
0.0008633828263
0.000863388023
0.000863384272
0.000863387758
0.0008633847579
0.0008633886096
0.00086338425
0.0008633892265
0.0008633816408
0.0008633898273
0.0008633838994
0.0008633912028
0.0008633838361
0.0008633913745
0.0008633837611
0.0008633918811
0.0008633841006
0.0008633912667
0.0008633851769
0.0008633890566
0.0008633856144
0.0008633902011
0.0008633861344
0.0008633897724
0.0008633860245
0.0008633893224
0.0008633853026
0.0008633889033
0.0008633852495
0.0008633892707
0.0008633846413
0.0008633901273
0.000863386227
0.0008633898564
0.0008633863565
0.0008633898025
0.0008633871398
0.0008633932293
0.0008633841587
0.0008633947947
0.0008633845055
0.0008633961052
0.0008633850287
0.0008633931523
0.0008633865527
0.0008633932277
0.0008633866802
0.0008633927972
0.0008633881777
0.0008633918771
0.000863387553
0.0008633900392
0.0008633857785
0.0008633900726
0.0008633861048
0.0008633895779
0.0008633851028
0.0008633886523
0.0008633854536
0.0008633877176
0.0008633863126
0.0008633876399
0.0008633856228
0.0008633865645
0.0008633841204
0.0008633855984
0.000863384027
0.0008633851496
0.0008633829961
0.0008633856457
0.0008633848212
0.0008633850723
0.0008633861503
0.0008633835502
0.0008633862423
0.0008633824254
0.0008633867906
0.0008633844919
0.0008633854096
0.0008633855967
0.000863384606
0.0008633851611
0.0008633837033
0.0008633839232
0.0008633841497
0.000863385065
0.0008633833407
0.0008633887736
0.000863382942
0.0008633880428
0.0008633832299
0.0008633872021
0.0008633840614
0.000863386942
0.0008633826416
0.000863387759
0.0008633821642
0.000863388681
0.0008633841823
0.0008633882025
0.0008633848691
0.0008633881973
0.0008633851719
0.000863387008
0.0008633846556
0.000863388898
0.0008633849937
0.0008633882228
0.0008633854981
0.0008633880032
0.0008633864448
0.0008633870801
0.000863384859
0.0008633863324
0.0008633862369
0.0008633845685
0.000863387744
0.000863385453
0.0008633882689
0.0008633836349
0.0008633880013
0.0008633845407
0.0008633880432
0.0008633824241
0.0008633875836
0.0008633832286
0.0008633877566
0.0008633840537
0.0008633883828
0.0008633838992
0.0008633877432
0.0008633830465
0.0008633873766
0.0008633841124
0.000863384829
0.0008633849338
0.000863385456
0.0008633849766
0.0008633877575
0.0008633842775
0.0008633888009
0.0008633827879
0.0008633910873
0.0008633863551
0.000863390422
0.0008633867086
0.0008633920459
0.0008633865959
0.0008633926049
0.0008633860798
0.0008633911114
0.0008633872725
0.000863391754
0.0008633874592
0.0008633926286
0.0008633861458
0.0008633924596
0.0008633854427
0.0008633931623
0.0008633851978
0.0008633938948
0.0008633856293
0.0008633943119
0.0008633853133
0.0008633930515
0.0008633864389
0.0008633954244
0.000863386054
0.0008633905244
0.0008633864523
0.0008633924163
0.0008633858253
0.0008633942781
0.0008633845312
0.000863392969
0.0008633857669
0.0008633902924
0.0008633869768
0.0008633918309
0.0008633860348
0.0008633921465
0.000863386754
0.0008633903682
0.0008633875477
0.000863389903
0.0008633891063
0.0008633896584
0.0008633897001
0.0008633902132
0.0008633891747
0.000863388316
0.0008633898065
0.0008633880513
0.000863388708
0.0008633913147
0.0008633879056
0.0008633914203
0.0008633874193
0.0008633907793
0.0008633852101
0.000863388874
0.0008633864048
0.0008633873938
0.0008633863409
0.0008633867684
0.0008633868858
0.0008633852286
0.0008633877546
0.0008633829159
0.000863388872
0.0008633829256
0.0008633902106
0.0008633852989
0.0008633912319
0.0008633860564
0.000863392519
0.0008633855624
0.0008633922386
0.0008633853772
0.0008633949164
0.0008633859919
0.0008633943386
0.0008633859712
0.0008633948127
0.0008633858006
0.0008633953745
0.0008633850607
0.0008633954931
0.0008633856873
0.0008633959381
0.0008633854523
0.0008633967189
0.000863385036
0.0008633946275
0.000863385306
0.0008633936633
0.0008633866168
0.0008633915659
0.0008633872099
0.0008633902435
0.0008633878392
0.0008633895811
0.0008633888059
0.000863388721
0.0008633894641
0.0008633891095
0.0008633909348
0.0008633908724
0.000863391892
0.0008633892036
0.0008633916688
0.0008633904799
0.0008633910745
0.0008633899921
0.0008633916596
0.0008633901832
0.0008633897601
0.0008633898197
0.0008633885048
0.000863388588
0.0008633896842
0.0008633872375
0.0008633894816
0.0008633885589
0.000863389098
0.0008633891258
0.000863389383
0.0008633897056
0.0008633890535
0.000863385619
0.0008633896786
0.0008633866917
0.0008633907882
0.0008633878957
0.0008633887211
0.000863388613
0.0008633899657
0.0008633883999
0.0008633895259
0.0008633905971
0.0008633904081
0.0008633898626
0.0008633898915
0.0008633885303
0.0008633905095
0.0008633888952
0.0008633895454
0.0008633898645
0.0008633893775
0.0008633890711
0.0008633889514
0.0008633890495
0.0008633895668
0.0008633889521
0.0008633885594
0.0008633894952
0.0008633875259
0.0008633870595
0.000863386854
0.0008633877801
0.0008633857488
0.0008633863625
0.0008633856974
0.0008633852699
0.0008633848022
0.0008633855155
0.0008633865334
0.0008633846358
0.0008633864917
0.000863383944
0.0008633872206
0.0008633848241
0.0008633866973
0.0008633856627
0.0008633876946
0.0008633880207
0.0008633901568
0.0008633893127
0.000863390889
0.0008633917334
0.00086339167
0.0008633920479
0.0008633921212
0.000863391175
0.0008633923815
0.0008633896523
0.0008633920395
0.0008633886842
0.0008633943541
0.0008633893902
0.000863394347
0.000863389449
0.0008633959574
0.0008633877357
0.0008633961798
0.0008633882257
0.0008633965986
0.0008633877681
0.0008633950304
0.0008633879662
0.0008633945533
0.0008633871268
0.0008633933442
0.0008633880949
0.0008633926352
0.0008633879371
0.0008633929882
0.000863388241
0.0008633908437
0.0008633879305
0.0008633917178
0.0008633900028
0.0008633882964
0.0008633899952
0.0008633875332
0.0008633902155
0.0008633904456
0.0008633886131
0.0008633916339
0.0008633868761
0.0008633897171
0.0008633886008
0.0008633878493
0.000863388654
0.0008633891016
0.0008633852625
0.0008633948947
0.0008633852647
0.0008633924476
0.0008633846201
0.0008633922674
0.0008633848412
0.0008633925229
0.0008633838723
0.000863391837
0.0008633850206
0.0008633921258
0.0008633867691
0.0008633924264
0.0008633876936
0.0008633919529
0.0008633869956
0.000863392894
0.0008633874875
0.0008633933005
0.0008633876144
0.0008633953996
0.000863387994
0.000863394432
0.0008633854043
0.0008633949942
0.0008633849214
0.0008633942692
0.0008633866031
0.0008633935259
0.0008633860376
0.0008633935582
0.0008633855822
0.0008633950608
0.0008633859064
0.0008633942391
0.000863386938
0.0008633942642
0.0008633874529
0.0008633934517
0.0008633869187
0.0008633922535
0.0008633865201
0.0008633936083
0.000863386655
0.0008633943546
0.0008633875598
0.0008633946184
0.0008633871406
0.0008633945039
0.0008633895038
0.0008633924788
0.000863389332
0.0008633924902
0.000863389396
0.0008633923923
0.0008633874067
0.0008633901335
0.0008633875111
0.0008633901166
0.000863387708
0.0008633904379
0.0008633862795
0.0008633909127
0.000863385753
0.0008633908491
0.0008633845174
0.0008633911365
0.000863385198
0.0008633907235
0.0008633852103
0.00086339089
0.0008633850069
0.0008633906852
0.0008633854111
0.0008633898149
0.0008633858715
0.0008633902527
0.0008633853959
0.0008633892524
0.000863385817
0.0008633892432
0.0008633881928
0.0008633902443
0.0008633894929
0.0008633902463
0.00086338934
0.0008633900196
0.0008633890675
0.0008633874319
0.0008633864794
0.0008633855334
0.0008633885582
0.0008633836961
0.0008633880966
0.0008633843594
0.0008633875656
0.0008633845387
0.0008633878853
0.000863384871
0.0008633872416
0.0008633815724
0.00086338852
0.0008633825866
0.0008633886811
0.0008633855054
0.0008633850417
0.0008633867707
0.0008633887172
0.0008633879156
0.0008633904487
0.0008633888577
0.0008633898563
0.0008633892571
0.000863389264
0.0008633893352
0.0008633890554
0.0008633881061
0.0008633889653
0.0008633879603
0.0008633892512
0.0008633883535
0.0008633885047
0.0008633888993
0.0008633887652
0.0008633889056
0.000863390807
0.0008633880805
0.0008633906986
0.0008633887219
0.0008633899276
0.0008633890978
0.0008633902705
0.0008633909573
0.0008633892356
0.0008633872933
0.0008633903628
0.0008633888798
0.0008633898655
0.0008633895337
0.0008633907961
0.0008633901937
0.0008633934201
0.00086338885
0.0008633937588
0.0008633894697
0.0008633922163
0.0008633900636
0.0008633932685
0.000863388882
0.0008633930379
0.0008633924006
0.0008633910987
0.0008633911763
0.0008633908557
0.000863389886
0.0008633901596
0.0008633893044
0.0008633912544
0.0008633877227
0.0008633916655
0.0008633884866
0.0008633901955
0.0008633874848
0.0008633910339
0.0008633868034
0.0008633918136
0.0008633849969
0.0008633924125
0.0008633866853
0.0008633937662
0.0008633871146
0.0008633960501
0.0008633871047
0.0008633953366
0.0008633859004
0.0008633960351
0.0008633855103
0.0008633959947
0.00086338493
0.0008633962357
0.0008633849454
0.0008633965973
0.0008633846685
0.0008633965573
0.0008633859455
0.0008633945864
0.0008633844043
0.0008633942225
0.0008633853556
0.0008633936604
0.0008633849589
0.000863392217
0.0008633851193
0.0008633906598
0.0008633851263
0.0008633903474
0.0008633825996
0.0008633905192
0.0008633835765
0.0008633920289
0.0008633858812
0.0008633901304
0.000863385537
0.0008633889629
0.0008633846421
0.0008633891
0.0008633855864
0.000863387589
0.0008633853348
0.0008633889596
0.0008633858475
0.0008633857035
0.0008633848438
0.0008633856202
0.0008633843646
0.0008633856825
0.0008633866234
0.000863382473
0.0008633881533
0.000863380359
0.000863387394
0.0008633826363
0.0008633856012
0.0008633830233
0.0008633847122
0.0008633833085
0.0008633860709
0.0008633837102
0.0008633854836
0.0008633836747
0.000863384213
0.0008633837902
0.000863387852
0.0008633845989
0.0008633891576
0.0008633838366
0.0008633893408
0.0008633850859
0.0008633897577
0.0008633854624
0.0008633887011
0.0008633848665
0.0008633891627
0.0008633835967
0.0008633895271
0.0008633851108
0.0008633897822
0.0008633843435
0.0008633908365
0.0008633840787
0.0008633900316
0.0008633853386
0.0008633888071
0.0008633864479
0.00086338756
0.0008633863843
0.0008633860687
0.0008633854619
0.0008633865897
0.0008633842554
0.0008633866716
0.0008633846033
0.0008633841607
0.0008633866344
0.0008633856315
0.0008633873133
0.0008633882657
0.0008633881415
0.0008633877205
0.0008633891553
0.0008633876121
0.0008633888954
0.0008633876569
0.0008633892539
0.0008633877787
0.0008633887509
0.000863387622
0.0008633894022
0.00086338781
0.00086338855
0.0008633882724
0.0008633871454
0.0008633881014
0.0008633871846
0.0008633878918
0.0008633873557
0.0008633888375
0.0008633884021
0.0008633888633
0.0008633886361
0.0008633895224
0.000863388102
0.0008633876481
0.0008633899813
0.0008633895772
0.0008633894584
0.0008633908296
0.0008633890957
0.0008633921542
0.0008633896569
0.0008633946947
0.0008633891122
0.0008633923339
0.0008633875562
0.0008633921409
0.0008633868645
0.0008633926992
0.0008633863602
0.0008633911403
0.0008633876058
0.0008633892184
0.0008633859538
0.000863388547
0.0008633837335
0.0008633891673
0.000863386004
0.0008633877046
0.0008633873855
0.000863387506
0.0008633876858
0.000863388126
0.0008633872626
0.0008633871326
0.0008633880401
0.0008633862851
0.0008633885848
0.0008633861563
0.0008633898995
0.0008633874336
0.0008633888251
0.000863386152
0.0008633882993
0.0008633855216
0.0008633888949
0.0008633859112
0.0008633890217
0.0008633849722
0.0008633891376
0.0008633856782
0.0008633894648
0.0008633862804
0.0008633910635
0.0008633861534
0.0008633914452
0.0008633870382
0.0008633909565
0.0008633870863
0.0008633885992
0.0008633864789
0.0008633898161
0.0008633851628
0.0008633906649
0.0008633848689
0.0008633916658
0.000863384843
0.0008633876803
0.0008633842008
0.0008633899217
0.0008633846883
0.0008633892164
0.0008633837906
0.0008633903816
0.0008633830546
0.0008633896663
0.0008633834077
0.0008633899559
0.0008633818298
0.0008633918676
0.0008633827537
0.0008633914015
0.0008633827006
0.0008633911909
0.0008633812385
0.0008633921904
0.000863378123
0.0008633927991
0.00086337859
0.0008633902988
0.0008633796041
0.0008633899506
0.0008633819752
0.0008633882679
0.0008633834273
0.0008633899206
0.0008633834278
0.0008633911211
0.0008633835347
0.0008633895243
0.0008633826724
0.0008633933064
0.000863381605
0.0008633936855
0.0008633811106
0.0008633934974
0.000863380018
0.0008633935675
0.00086337777
0.0008633948268
0.0008633764083
0.0008633952127
0.0008633762368
0.0008633929907
0.0008633787877
0.0008633925585
0.0008633810572
0.0008633932072
0.0008633822289
0.0008633931824
0.0008633823666
0.0008633927674
0.0008633823313
0.0008633929981
0.0008633821401
0.0008633951722
0.0008633846129
0.0008633953764
0.0008633866486
0.000863393753
0.0008633864217
0.000863391655
0.0008633879038
0.0008633929338
0.000863387937
0.0008633915691
0.0008633867744
0.0008633905932
0.0008633884076
0.0008633889407
0.0008633903043
0.0008633917373
0.0008633883653
0.0008633924139
0.0008633853868
0.0008633934218
0.0008633863245
0.0008633931689
0.0008633867437
0.0008633940297
0.0008633839861
0.0008633943522
0.0008633845288
0.0008633945471
0.0008633856068
0.0008633945861
0.0008633860387
0.0008633959233
0.000863385755
0.0008633973399
0.0008633839972
0.00086339697
0.000863386421
0.0008633963433
0.0008633877054
0.0008633951192
0.0008633867282
0.000863394877
0.0008633876302
0.0008633947498
0.0008633891943
0.0008633921064
0.0008633903996
0.0008633923636
0.0008633913171
0.0008633913172
0.0008633917237
0.0008633915293
0.0008633917759
0.0008633914464
0.0008633919489
0.0008633903283
0.0008633916672
0.0008633903462
0.0008633902976
0.0008633882603
0.0008633905689
0.0008633886994
0.0008633908359
0.0008633888469
0.0008633903484
0.0008633876572
0.0008633906623
0.0008633881224
0.0008633940778
0.0008633877581
0.0008633926725
0.000863385996
0.0008633915189
0.0008633853721
0.0008633901695
0.0008633857211
0.0008633916197
0.0008633863581
0.0008633919042
0.0008633871268
0.0008633917171
0.0008633861774
0.0008633902181
0.0008633869956
0.0008633914701
0.0008633872724
0.0008633926226
0.0008633864671
0.0008633921891
0.0008633856659
0.0008633914379
0.0008633839403
0.0008633914251
0.0008633828854
0.0008633908364
0.0008633848695
0.0008633923465
0.0008633853544
0.0008633907767
0.0008633861641
0.000863391682
0.0008633855165
0.0008633937677
0.0008633870346
0.0008633932981
0.0008633866046
0.0008633922337
0.0008633856037
0.0008633921005
0.0008633851187
0.0008633916616
0.0008633857104
0.0008633908442
0.0008633862768
0.0008633917022
0.0008633854927
0.0008633907357
0.0008633853531
0.0008633898785
0.000863384154
0.0008633905146
0.0008633847417
0.000863390785
0.0008633864503
0.0008633922597
0.0008633868398
0.0008633920431
0.0008633873822
0.0008633926842
0.000863388471
0.0008633926453
0.0008633896393
0.0008633927529
0.0008633878296
0.0008633947374
0.0008633875642
0.0008633919679
0.0008633866865
0.0008633928794
0.0008633864354
0.000863393678
0.0008633871612
0.0008633935458
0.0008633877501
0.00086339364
0.0008633904304
0.0008633943019
0.0008633894993
0.0008633923653
0.0008633886852
0.0008633936246
0.0008633874797
0.000863391639
0.0008633871017
0.0008633900658
0.0008633879787
0.0008633909555
0.0008633886846
0.000863389919
0.0008633887381
0.0008633906872
0.0008633874089
0.0008633883989
0.0008633860974
0.0008633886398
0.0008633869059
0.0008633888595
0.0008633881467
0.00086338836
)
;

boundaryField
{
    sides
    {
        type            calculated;
        value           nonuniform List<scalar> 2(0.00086338836 8.634e-14);
    }
    empty1
    {
        type            empty;
    }
    empty2
    {
        type            empty;
    }
}


// ************************************************************************* //
