/*--------------------------------*- C++ -*----------------------------------*\
| =========                 |                                                 |
| \\      /  F ield         | OpenFOAM: The Open Source CFD Toolbox           |
|  \\    /   O peration     | Version:  2312                                  |
|   \\  /    A nd           | Website:  www.openfoam.com                      |
|    \\/     M anipulation  |                                                 |
\*---------------------------------------------------------------------------*/
FoamFile
{
    version     2.0;
    format      ascii;
    arch        "LSB;label=32;scalar=64";
    class       volScalarField;
    location    "0.003";
    object      cSound;
}
// * * * * * * * * * * * * * * * * * * * * * * * * * * * * * * * * * * * * * //

dimensions      [0 1 -1 0 0 0 0];

internalField   nonuniform List<scalar> 
8000
(
1471.301712
1471.301705
1471.301706
1471.301701
1471.301708
1471.301705
1471.301716
1471.301724
1471.301721
1471.301724
1471.301714
1471.301711
1471.301714
1471.301715
1471.301711
1471.301715
1471.301722
1471.301723
1471.301718
1471.301715
1471.301716
1471.301711
1471.301711
1471.301711
1471.301711
1471.301714
1471.301714
1471.301712
1471.301712
1471.301711
1471.301711
1471.301715
1471.301715
1471.301712
1471.301714
1471.301714
1471.301714
1471.301702
1471.301704
1471.301703
1471.301709
1471.301714
1471.301709
1471.301714
1471.301715
1471.301715
1471.301711
1471.301715
1471.301721
1471.301712
1471.301712
1471.301722
1471.301718
1471.301711
1471.301711
1471.301716
1471.301714
1471.301715
1471.301714
1471.301721
1471.301709
1471.301716
1471.301714
1471.301722
1471.301719
1471.301712
1471.301722
1471.301722
1471.301722
1471.301719
1471.301709
1471.301709
1471.301712
1471.301709
1471.301716
1471.301711
1471.301706
1471.301712
1471.301714
1471.301718
1471.301722
1471.301714
1471.301712
1471.301711
1471.301708
1471.301712
1471.301721
1471.301714
1471.301714
1471.301711
1471.301722
1471.301716
1471.301719
1471.301709
1471.301709
1471.301716
1471.301722
1471.301722
1471.301719
1471.301722
1471.301716
1471.301716
1471.301708
1471.301714
1471.301716
1471.301712
1471.301712
1471.301714
1471.301714
1471.301712
1471.301712
1471.301712
1471.301721
1471.301714
1471.301714
1471.301711
1471.301712
1471.301714
1471.301711
1471.301711
1471.301721
1471.301721
1471.301722
1471.301718
1471.301722
1471.301719
1471.301721
1471.301714
1471.301712
1471.301715
1471.301709
1471.301711
1471.301714
1471.301715
1471.301714
1471.301711
1471.301719
1471.301722
1471.301722
1471.301719
1471.301716
1471.301722
1471.301714
1471.301722
1471.301721
1471.301719
1471.301721
1471.301715
1471.301716
1471.301718
1471.301712
1471.301714
1471.301709
1471.301711
1471.301714
1471.301714
1471.301714
1471.301719
1471.301715
1471.301715
1471.301711
1471.301719
1471.301709
1471.301712
1471.301712
1471.301709
1471.301711
1471.301708
1471.301712
1471.301714
1471.301708
1471.301718
1471.301709
1471.301714
1471.301711
1471.301714
1471.301718
1471.301709
1471.301716
1471.301716
1471.301711
1471.301712
1471.301708
1471.301711
1471.301708
1471.301714
1471.301709
1471.301712
1471.301714
1471.301722
1471.301712
1471.301713
1471.301711
1471.301715
1471.301716
1471.301709
1471.301711
1471.301712
1471.301721
1471.301722
1471.301722
1471.301721
1471.301722
1471.301722
1471.301721
1471.301715
1471.301722
1471.301722
1471.301718
1471.301721
1471.301721
1471.301722
1471.301718
1471.301722
1471.301721
1471.301706
1471.301708
1471.301715
1471.301715
1471.301709
1471.301712
1471.301711
1471.301709
1471.301711
1471.301722
1471.301722
1471.301715
1471.301722
1471.301711
1471.301712
1471.301714
1471.301722
1471.301722
1471.301722
1471.301722
1471.301722
1471.301721
1471.301722
1471.301706
1471.301712
1471.301709
1471.301712
1471.301712
1471.301714
1471.301712
1471.301709
1471.301722
1471.301722
1471.301712
1471.301711
1471.301722
1471.301715
1471.301718
1471.301722
1471.301714
1471.301714
1471.301722
1471.301712
1471.301712
1471.301714
1471.301722
1471.301721
1471.301715
1471.301712
1471.301715
1471.301708
1471.301711
1471.301711
1471.301711
1471.301714
1471.301716
1471.301712
1471.301714
1471.301712
1471.301714
1471.301712
1471.301709
1471.301712
1471.301715
1471.301712
1471.301711
1471.301716
1471.301708
1471.301714
1471.301708
1471.301709
1471.301716
1471.301715
1471.301712
1471.301709
1471.301713
1471.301718
1471.301716
1471.301722
1471.301715
1471.301718
1471.301721
1471.301721
1471.301712
1471.301712
1471.301721
1471.301722
1471.301722
1471.301718
1471.301718
1471.301713
1471.301706
1471.301715
1471.301712
1471.30171
1471.301713
1471.301713
1471.301712
1471.301706
1471.30172
1471.301717
1471.30171
1471.30171
1471.301721
1471.301721
1471.30171
1471.301711
1471.301717
1471.301712
1471.301715
1471.301714
1471.301721
1471.301721
1471.301721
1471.301721
1471.30172
1471.30172
1471.30172
1471.301719
1471.301708
1471.301711
1471.301711
1471.301706
1471.301705
1471.301706
1471.301709
1471.30171
1471.301718
1471.301717
1471.301706
1471.301709
1471.301706
1471.301707
1471.301704
1471.301705
1471.301705
1471.301707
1471.30171
1471.301706
1471.301715
1471.301714
1471.301714
1471.301713
1471.301711
1471.301709
1471.301712
1471.301699
1471.301705
1471.301698
1471.301707
1471.301708
1471.301707
1471.301707
1471.301706
1471.301696
1471.301691
1471.301696
1471.301697
1471.301699
1471.301697
1471.301685
1471.301687
1471.301686
1471.301678
1471.301683
1471.301682
1471.301682
1471.301679
1471.301672
1471.301674
1471.301679
1471.301674
1471.301664
1471.301663
1471.30166
1471.301656
1471.301654
1471.301654
1471.301653
1471.301644
1471.301647
1471.301646
1471.30165
1471.301647
1471.301643
1471.301639
1471.301635
1471.301618
1471.301616
1471.30162
1471.301616
1471.301612
1471.301607
1471.301602
1471.301596
1471.30159
1471.30158
1471.301566
1471.301564
1471.301564
1471.30155
1471.301538
1471.301536
1471.301532
1471.301521
1471.301517
1471.301508
1471.301498
1471.301489
1471.301478
1471.301468
1471.301454
1471.30144
1471.301434
1471.301422
1471.301405
1471.30139
1471.301382
1471.301368
1471.301352
1471.301339
1471.301321
1471.301307
1471.30129
1471.301273
1471.30125
1471.301236
1471.301211
1471.301186
1471.30117
1471.301155
1471.301133
1471.301104
1471.301087
1471.30106
1471.301038
1471.30101
1471.300975
1471.300949
1471.300921
1471.3009
1471.30087
1471.300836
1471.300797
1471.300774
1471.30074
1471.300704
1471.300669
1471.300632
1471.300594
1471.300555
1471.300515
1471.300473
1471.30043
1471.300385
1471.300337
1471.300295
1471.300246
1471.300199
1471.300145
1471.300097
1471.300042
1471.299982
1471.299933
1471.299868
1471.299805
1471.299749
1471.299693
1471.299635
1471.299569
1471.299504
1471.299437
1471.299365
1471.299295
1471.299224
1471.299148
1471.299072
1471.298996
1471.29891
1471.298832
1471.298755
1471.29867
1471.298584
1471.298496
1471.298405
1471.298314
1471.29822
1471.298125
1471.298018
1471.297929
1471.297828
1471.297724
1471.297621
1471.29751
1471.297398
1471.297295
1471.297182
1471.297056
1471.296945
1471.296826
1471.296709
1471.29659
1471.296466
1471.296336
1471.296211
1471.296082
1471.295949
1471.295809
1471.295679
1471.295532
1471.295401
1471.29526
1471.295116
1471.294963
1471.294817
1471.294666
1471.294513
1471.294363
1471.294216
1471.294059
1471.293898
1471.29373
1471.293579
1471.293416
1471.293251
1471.293067
1471.292905
1471.292744
1471.292577
1471.292388
1471.292222
1471.29204
1471.29187
1471.291696
1471.291513
1471.291342
1471.291158
1471.290958
1471.290779
1471.290599
1471.290412
1471.290231
1471.290044
1471.289863
1471.289678
1471.289487
1471.2893
1471.28911
1471.28892
1471.28873
1471.288539
1471.288349
1471.288159
1471.287968
1471.28777
1471.287587
1471.287382
1471.287187
1471.287001
1471.286812
1471.286638
1471.286438
1471.286252
1471.286066
1471.285879
1471.285708
1471.285538
1471.285358
1471.285179
1471.285002
1471.284821
1471.284635
1471.28447
1471.284306
1471.284142
1471.283968
1471.283803
1471.283656
1471.283501
1471.283346
1471.283181
1471.283035
1471.282896
1471.282756
1471.282614
1471.282481
1471.282345
1471.28222
1471.282095
1471.281974
1471.281857
1471.281745
1471.281621
1471.281531
1471.281432
1471.281337
1471.281247
1471.281133
1471.281082
1471.280992
1471.280937
1471.280867
1471.280811
1471.280757
1471.280693
1471.280648
1471.280601
1471.2806
1471.280573
1471.280555
1471.280545
1471.280539
1471.280539
1471.280538
1471.280531
1471.28057
1471.280585
1471.280635
1471.280675
1471.280722
1471.280769
1471.280811
1471.280875
1471.280958
1471.281031
1471.281147
1471.281251
1471.281331
1471.281468
1471.28159
1471.281704
1471.281832
1471.281968
1471.282124
1471.282307
1471.282476
1471.282651
1471.282835
1471.283025
1471.283217
1471.283427
1471.283646
1471.283865
1471.284095
1471.284339
1471.284587
1471.284839
1471.285097
1471.285371
1471.285651
1471.285938
1471.286232
1471.286535
1471.286831
1471.287146
1471.287477
1471.287814
1471.288152
1471.288503
1471.288852
1471.289218
1471.289584
1471.289944
1471.290334
1471.290727
1471.291124
1471.291518
1471.291928
1471.292346
1471.292758
1471.293186
1471.293619
1471.294055
1471.294492
1471.294942
1471.29539
1471.295853
1471.296312
1471.296781
1471.297253
1471.297724
1471.298204
1471.298685
1471.299168
1471.29966
1471.300147
1471.30064
1471.301142
1471.301636
1471.302144
1471.302648
1471.303151
1471.303659
1471.304169
1471.304679
1471.305187
1471.305698
1471.30621
1471.306722
1471.307232
1471.307742
1471.308252
1471.308762
1471.309267
1471.309772
1471.310277
1471.310775
1471.311275
1471.31177
1471.312267
1471.312761
1471.313251
1471.313736
1471.314213
1471.31469
1471.315167
1471.31564
1471.316101
1471.316564
1471.317017
1471.317461
1471.317906
1471.31835
1471.318782
1471.319209
1471.319628
1471.320047
1471.320452
1471.320846
1471.321241
1471.321627
1471.322011
1471.322382
1471.322749
1471.323106
1471.323457
1471.323796
1471.32413
1471.324454
1471.324773
1471.32508
1471.325378
1471.32567
1471.325953
1471.326227
1471.326496
1471.326753
1471.327
1471.327237
1471.327468
1471.327687
1471.3279
1471.328103
1471.328301
1471.328488
1471.328665
1471.328831
1471.328991
1471.329139
1471.329282
1471.329417
1471.329541
1471.329656
1471.329756
1471.329853
1471.329948
1471.33003
1471.330105
1471.330173
1471.330231
1471.330282
1471.330321
1471.33035
1471.330376
1471.330396
1471.330409
1471.330411
1471.330409
1471.330401
1471.330385
1471.330368
1471.330341
1471.330308
1471.33027
1471.330225
1471.330174
1471.330118
1471.330056
1471.329989
1471.329916
1471.329838
1471.329755
1471.329668
1471.32958
1471.329486
1471.329384
1471.329282
1471.329176
1471.329066
1471.328953
1471.328835
1471.328718
1471.3286
1471.328477
1471.32835
1471.328221
1471.328088
1471.327956
1471.327823
1471.327689
1471.327553
1471.327414
1471.327277
1471.32714
1471.327001
1471.32686
1471.32672
1471.326578
1471.326436
1471.326299
1471.326159
1471.32602
1471.325882
1471.325742
1471.325606
1471.325471
1471.325338
1471.325205
1471.325073
1471.324941
1471.324812
1471.324682
1471.324559
1471.324434
1471.324312
1471.324192
1471.324073
1471.323958
1471.323845
1471.323735
1471.323627
1471.32352
1471.323414
1471.323313
1471.323214
1471.323118
1471.323022
1471.32293
1471.322843
1471.322756
1471.322671
1471.322587
1471.322512
1471.322436
1471.322361
1471.322291
1471.322221
1471.322155
1471.322091
1471.322029
1471.32197
1471.321913
1471.321858
1471.321804
1471.32175
1471.321705
1471.321659
1471.321613
1471.321573
1471.321533
1471.321495
1471.321459
1471.321423
1471.321389
1471.321356
1471.321326
1471.321296
1471.321269
1471.321244
1471.321219
1471.321194
1471.321168
1471.321145
1471.321122
1471.3211
1471.321081
1471.321059
1471.321042
1471.32102
1471.320997
1471.320982
1471.320962
1471.320942
1471.320924
1471.320905
1471.320887
1471.320867
1471.320845
1471.320824
1471.320802
1471.320779
1471.320752
1471.320728
1471.320705
1471.320678
1471.32065
1471.32062
1471.32059
1471.320559
1471.320526
1471.320493
1471.320456
1471.320418
1471.320378
1471.320337
1471.320297
1471.320252
1471.320204
1471.320155
1471.320105
1471.320052
1471.319998
1471.319941
1471.319881
1471.319818
1471.319754
1471.319687
1471.319618
1471.319547
1471.319474
1471.319398
1471.319317
1471.319237
1471.319151
1471.319065
1471.318976
1471.318886
1471.318787
1471.318695
1471.318595
1471.318493
1471.318387
1471.31828
1471.31817
1471.318059
1471.317942
1471.317829
1471.317708
1471.317585
1471.317457
1471.317326
1471.317193
1471.317061
1471.316924
1471.316793
1471.316653
1471.316512
1471.316367
1471.316219
1471.31607
1471.315917
1471.315762
1471.315608
1471.31545
1471.31529
1471.315129
1471.314965
1471.314799
1471.31463
1471.31446
1471.314288
1471.314116
1471.313942
1471.313765
1471.313588
1471.313409
1471.313227
1471.313043
1471.31286
1471.312673
1471.312489
1471.312301
1471.312114
1471.311924
1471.311735
1471.311543
1471.31135
1471.311158
1471.310965
1471.310769
1471.310573
1471.310378
1471.310183
1471.309987
1471.30979
1471.309593
1471.309395
1471.309194
1471.308998
1471.3088
1471.308601
1471.308403
1471.308204
1471.308009
1471.307812
1471.307614
1471.307417
1471.307219
1471.307021
1471.306824
1471.306631
1471.306436
1471.306241
1471.306045
1471.305851
1471.305664
1471.305473
1471.305273
1471.305088
1471.304901
1471.304715
1471.304529
1471.304343
1471.304158
1471.303966
1471.303788
1471.303609
1471.303429
1471.303251
1471.303075
1471.3029
1471.302725
1471.302554
1471.302381
1471.30221
1471.30204
1471.301872
1471.301706
1471.301541
1471.301381
1471.301221
1471.301062
1471.300905
1471.300749
1471.30059
1471.300441
1471.300292
1471.300142
1471.299998
1471.299852
1471.299709
1471.299568
1471.299428
1471.29929
1471.299154
1471.29902
1471.298889
1471.29876
1471.298633
1471.298506
1471.298379
1471.298261
1471.298138
1471.298019
1471.297906
1471.297789
1471.297679
1471.297571
1471.297463
1471.297354
1471.297255
1471.297152
1471.297052
1471.296954
1471.296859
1471.296765
1471.29667
1471.296582
1471.296496
1471.29641
1471.296325
1471.296243
1471.29616
1471.296087
1471.296011
1471.295938
1471.295866
1471.295798
1471.295728
1471.295663
1471.295601
1471.295537
1471.295479
1471.295417
1471.295364
1471.295303
1471.295258
1471.295205
1471.295158
1471.295111
1471.295062
1471.295019
1471.294979
1471.294939
1471.294903
1471.294867
1471.29483
1471.294798
1471.294767
1471.294736
1471.294706
1471.294683
1471.294656
1471.294634
1471.294613
1471.294592
1471.294573
1471.294554
1471.294538
1471.294525
1471.29451
1471.2945
1471.294491
1471.294482
1471.29447
1471.294467
1471.294462
1471.294458
1471.294455
1471.294447
1471.294453
1471.294449
1471.294451
1471.294453
1471.29446
1471.294465
1471.29447
1471.294474
1471.294483
1471.29449
1471.2945
1471.294509
1471.294523
1471.294527
1471.294545
1471.29456
1471.294571
1471.294587
1471.294602
1471.294617
1471.294631
1471.294649
1471.294666
1471.294669
1471.294703
1471.294722
1471.294741
1471.294758
1471.294779
1471.294798
1471.294818
1471.294838
1471.294858
1471.294875
1471.2949
1471.294921
1471.294942
1471.294963
1471.294982
1471.295004
1471.295027
1471.295048
1471.29507
1471.29509
1471.295111
1471.295132
1471.295151
1471.295173
1471.295193
1471.295212
1471.295226
1471.29525
1471.295268
1471.295285
1471.295303
1471.295322
1471.295338
1471.295347
1471.295363
1471.295384
1471.295401
1471.295417
1471.295432
1471.295446
1471.295459
1471.295472
1471.295482
1471.295494
1471.295505
1471.295514
1471.295523
1471.29553
1471.295535
1471.295539
1471.295548
1471.295553
1471.295558
1471.295563
1471.295567
1471.295568
1471.29557
1471.295572
1471.295572
1471.295571
1471.295569
1471.295565
1471.295563
1471.295559
1471.295552
1471.295548
1471.295542
1471.295535
1471.295526
1471.295513
1471.295504
1471.295491
1471.295481
1471.29547
1471.295457
1471.295443
1471.295429
1471.295413
1471.295395
1471.295379
1471.295361
1471.295342
1471.295322
1471.295299
1471.29528
1471.295258
1471.295235
1471.295208
1471.295185
1471.295161
1471.295135
1471.295099
1471.295075
1471.29504
1471.295024
1471.294993
1471.294961
1471.294932
1471.294903
1471.294869
1471.294839
1471.294805
1471.294771
1471.294734
1471.294701
1471.294666
1471.294628
1471.294594
1471.294558
1471.294521
1471.294483
1471.29444
1471.294405
1471.294364
1471.294324
1471.294286
1471.294245
1471.294207
1471.294155
1471.294118
1471.294083
1471.294041
1471.294001
1471.293956
1471.293914
1471.293851
1471.293822
1471.293785
1471.29374
1471.293699
1471.293654
1471.293613
1471.293568
1471.29352
1471.293481
1471.293439
1471.293392
1471.29335
1471.293305
1471.293258
1471.293217
1471.293174
1471.293131
1471.293088
1471.293046
1471.293002
1471.292958
1471.292914
1471.292866
1471.292825
1471.292783
1471.292743
1471.292702
1471.292659
1471.292614
1471.29258
1471.292539
1471.292496
1471.292457
1471.292414
1471.292372
1471.292336
1471.292297
1471.29225
1471.292218
1471.292183
1471.292145
1471.292109
1471.29207
1471.292025
1471.291998
1471.291964
1471.291929
1471.291894
1471.29186
1471.291826
1471.291792
1471.291755
1471.291712
1471.291677
1471.291659
1471.291633
1471.291601
1471.291574
1471.291541
1471.291505
1471.291473
1471.291462
1471.291435
1471.291408
1471.291381
1471.291353
1471.291329
1471.291305
1471.291284
1471.291261
1471.291239
1471.291206
1471.291188
1471.291171
1471.291155
1471.291133
1471.291116
1471.291096
1471.291074
1471.291063
1471.291047
1471.291032
1471.291017
1471.291003
1471.290989
1471.290971
1471.29096
1471.29095
1471.290937
1471.290928
1471.290918
1471.290908
1471.290899
1471.290888
1471.290883
1471.290876
1471.290867
1471.290861
1471.290858
1471.290853
1471.290848
1471.29084
1471.290841
1471.290838
1471.290828
1471.290831
1471.290835
1471.290835
1471.290831
1471.290837
1471.290836
1471.29084
1471.29084
1471.290837
1471.290849
1471.290852
1471.290857
1471.290857
1471.290868
1471.290873
1471.29088
1471.29089
1471.290894
1471.2909
1471.290902
1471.290907
1471.290929
1471.290942
1471.290955
1471.290966
1471.290972
1471.290984
1471.291002
1471.291015
1471.29102
1471.291023
1471.291059
1471.291072
1471.29108
1471.291103
1471.291122
1471.291141
1471.291152
1471.291174
1471.291194
1471.291212
1471.291231
1471.291248
1471.291268
1471.291286
1471.291304
1471.291316
1471.291342
1471.291374
1471.291396
1471.291418
1471.29144
1471.291457
1471.291487
1471.291508
1471.291534
1471.291558
1471.291582
1471.291606
1471.291629
1471.291656
1471.291681
1471.291707
1471.291733
1471.291759
1471.291786
1471.291804
1471.29184
1471.291865
1471.291893
1471.291923
1471.291947
1471.291979
1471.292007
1471.292034
1471.292062
1471.292093
1471.29212
1471.292151
1471.29218
1471.29221
1471.292237
1471.292267
1471.292299
1471.292328
1471.292358
1471.292388
1471.292419
1471.292449
1471.29248
1471.292511
1471.292542
1471.292573
1471.292604
1471.292636
1471.292667
1471.292699
1471.29273
1471.292762
1471.292793
1471.292824
1471.292853
1471.292884
1471.292917
1471.292949
1471.292979
1471.293013
1471.293045
1471.293078
1471.293108
1471.293142
1471.293172
1471.293202
1471.293238
1471.29327
1471.293296
1471.293334
1471.293364
1471.293398
1471.29343
1471.293462
1471.293494
1471.293527
1471.293555
1471.293589
1471.293619
1471.293655
1471.293685
1471.293717
1471.293751
1471.293771
1471.293815
1471.293847
1471.293879
1471.293911
1471.293943
1471.293971
1471.293993
1471.294037
1471.294063
1471.294095
1471.294123
1471.294158
1471.29419
1471.294224
1471.294262
1471.294294
1471.294324
1471.294358
1471.29439
1471.294421
1471.294445
1471.294482
1471.294515
1471.294547
1471.294578
1471.29461
1471.294634
1471.294672
1471.294704
1471.294736
1471.294769
1471.294799
1471.294832
1471.294864
1471.294892
1471.294925
1471.294959
1471.294989
1471.295023
1471.295055
1471.295087
1471.295117
1471.295139
1471.295181
1471.295215
1471.295246
1471.295276
1471.295308
1471.295331
1471.295365
1471.295406
1471.295429
1471.295471
1471.295502
1471.295535
1471.295569
1471.295602
1471.295635
1471.295667
1471.295698
1471.295733
1471.295765
1471.295798
1471.295831
1471.295863
1471.295898
1471.295929
1471.295963
1471.295996
1471.296029
1471.296063
1471.296088
1471.29612
1471.296154
1471.296195
1471.296235
1471.296257
1471.296295
1471.296328
1471.29637
1471.2964
1471.296433
1471.296464
1471.296467
1471.296466
1471.296478
1471.296498
1471.296527
1471.296565
1471.29663
1471.296679
1471.296719
1471.296768
1471.296798
1471.296846
1471.296892
1471.296933
1471.296967
1471.297003
1471.297058
1471.297107
1471.297152
1471.297199
1471.297246
1471.297284
1471.297319
1471.297367
1471.297403
1471.297443
1471.297471
1471.297497
1471.297527
1471.297556
1471.2976
1471.297646
1471.2977
1471.297766
1471.297807
1471.29786
1471.2979
1471.297944
1471.297971
1471.298013
1471.298055
1471.298098
1471.298141
1471.298187
1471.29823
1471.298276
1471.298311
1471.29836
1471.298405
1471.298449
1471.298485
1471.298516
1471.298557
1471.298596
1471.298618
1471.298668
1471.298716
1471.298756
1471.298766
1471.298775
1471.298807
1471.298867
1471.298918
1471.298961
1471.299007
1471.299055
1471.299098
1471.299148
1471.299203
1471.29925
1471.299297
1471.299338
1471.299383
1471.299424
1471.299475
1471.299527
1471.299573
1471.299624
1471.299666
1471.299712
1471.299763
1471.299812
1471.29986
1471.299916
1471.299955
1471.300008
1471.30005
1471.300101
1471.300151
1471.300194
1471.300244
1471.300295
1471.30034
1471.300401
1471.300463
1471.300516
1471.300588
1471.30065
1471.3007
1471.300748
1471.300797
1471.30085
1471.300893
1471.300939
1471.300987
1471.301034
1471.301074
1471.301114
1471.301162
1471.301213
1471.301262
1471.301285
1471.301297
1471.301338
1471.301393
1471.301452
1471.301517
1471.301589
1471.301658
1471.301727
1471.301798
1471.301843
1471.301892
1471.301936
1471.301987
1471.302032
1471.302076
1471.302128
1471.302175
1471.30222
1471.302261
1471.302305
1471.302353
1471.302401
1471.302451
1471.302495
1471.302539
1471.302581
1471.302625
1471.302665
1471.30271
1471.302756
1471.302803
1471.302856
1471.302899
1471.302939
1471.302985
1471.303033
1471.303078
1471.303121
1471.303159
1471.303207
1471.30325
1471.30329
1471.303322
1471.303366
1471.303412
1471.303451
1471.303494
1471.303545
1471.303585
1471.303624
1471.303662
1471.303701
1471.303728
1471.303762
1471.303808
1471.303844
1471.303873
1471.303916
1471.303949
1471.303982
1471.304021
1471.30406
1471.3041
1471.304136
1471.304177
1471.304217
1471.304254
1471.304289
1471.304326
1471.304361
1471.304385
1471.304423
1471.304462
1471.304504
1471.30454
1471.30458
1471.304624
1471.304658
1471.304694
1471.304741
1471.304772
1471.304822
1471.304863
1471.304911
1471.304945
1471.304977
1471.305013
1471.305049
1471.30508
1471.305109
1471.305139
1471.305165
1471.305196
1471.305223
1471.305251
1471.305285
1471.305319
1471.305358
1471.305401
1471.305436
1471.305469
1471.305496
1471.305513
1471.305539
1471.305554
1471.305566
1471.305577
1471.305596
1471.305612
1471.305617
1471.30564
1471.305656
1471.305681
1471.305707
1471.305757
1471.30581
1471.305864
1471.30592
1471.305956
1471.305988
1471.306011
1471.306054
1471.306104
1471.306129
1471.306158
1471.306183
1471.306205
1471.306238
1471.306261
1471.306286
1471.30631
1471.30634
1471.306362
1471.306388
1471.306416
1471.30644
1471.306462
1471.306481
1471.306502
1471.306531
1471.306553
1471.306568
1471.306589
1471.306604
1471.30663
1471.306651
1471.306688
1471.306714
1471.306733
1471.306757
1471.306785
1471.306806
1471.306819
1471.306838
1471.30686
1471.306883
1471.306906
1471.306931
1471.306954
1471.306974
1471.306989
1471.307006
1471.307013
1471.307011
1471.307019
1471.307037
1471.307067
1471.307099
1471.307115
1471.30714
1471.30717
1471.307204
1471.307227
1471.307249
1471.307264
1471.30728
1471.307301
1471.307313
1471.307328
1471.30734
1471.307353
1471.307365
1471.307375
1471.307397
1471.307412
1471.307428
1471.30745
1471.307465
1471.307483
1471.307504
1471.307518
1471.307538
1471.307557
1471.307573
1471.3076
1471.307628
1471.307652
1471.307675
1471.307695
1471.307714
1471.307732
1471.307748
1471.30776
1471.307771
1471.307783
1471.307788
1471.307795
1471.307819
1471.307847
1471.307874
1471.307895
1471.307914
1471.307928
1471.307944
1471.307957
1471.307974
1471.30799
1471.307993
1471.307996
1471.308008
1471.308024
1471.308039
1471.308067
1471.308092
1471.308113
1471.308126
1471.308144
1471.308158
1471.308174
1471.308187
1471.308204
1471.308216
1471.308222
1471.308231
1471.308241
1471.30824
1471.308253
1471.308268
1471.308282
1471.308294
1471.308302
1471.308306
1471.30832
1471.308329
1471.308345
1471.308367
1471.308387
1471.3084
1471.308413
1471.308428
1471.308436
1471.308443
1471.308449
1471.308448
1471.308446
1471.308447
1471.308445
1471.308446
1471.308446
1471.30845
1471.308449
1471.308439
1471.308448
1471.308461
1471.308488
1471.308527
1471.308564
1471.308586
1471.308594
1471.308612
1471.308618
1471.308622
1471.308627
1471.308631
1471.308603
1471.308586
1471.308584
1471.3086
1471.308607
1471.308614
1471.308636
1471.308661
1471.308694
1471.308715
1471.308739
1471.308744
1471.308749
1471.30875
1471.308743
1471.308746
1471.308747
1471.308748
1471.308755
1471.308753
1471.308753
1471.308755
1471.308754
1471.308756
1471.30876
1471.308757
1471.308758
1471.308758
1471.308755
1471.308744
1471.308741
1471.308731
1471.308722
1471.308707
1471.308703
1471.308696
1471.308691
1471.308694
1471.308684
1471.30868
1471.308673
1471.308671
1471.308661
1471.308648
1471.308639
1471.308631
1471.308628
1471.30862
1471.308612
1471.308606
1471.308597
1471.308595
1471.308586
1471.308576
1471.308556
1471.308532
1471.308513
1471.308505
1471.308505
1471.308514
1471.308532
1471.308551
1471.308555
1471.30855
1471.308538
1471.308534
1471.308521
1471.308511
1471.308504
1471.308503
1471.308492
1471.308477
1471.308473
1471.30846
1471.308448
1471.308441
1471.308438
1471.308429
1471.308419
1471.30841
1471.308401
1471.308389
1471.308379
1471.308373
1471.30836
1471.308347
1471.30834
1471.308328
1471.308327
1471.308309
1471.308302
1471.308294
1471.308274
1471.308242
1471.308216
1471.308188
1471.30816
1471.308122
1471.308097
1471.30809
1471.308088
1471.30809
1471.308085
1471.308073
1471.308075
1471.308093
1471.308102
1471.3081
1471.308099
1471.308104
1471.308103
1471.308093
1471.308088
1471.308082
1471.308075
1471.30807
1471.308059
1471.308057
1471.308045
1471.308029
1471.308014
1471.308012
1471.30801
1471.308013
1471.308008
1471.308009
1471.308001
1471.307984
1471.307953
1471.307931
1471.307926
1471.307915
1471.307911
1471.307909
1471.307899
1471.30791
1471.307911
1471.307903
1471.3079
1471.307892
1471.307889
1471.307887
1471.307882
1471.307886
1471.307882
1471.307875
1471.30787
1471.307862
1471.307857
1471.307837
1471.307798
1471.307756
1471.307734
1471.30773
1471.307731
1471.307736
1471.307758
1471.307772
1471.307792
1471.3078
1471.307811
1471.30783
1471.307833
1471.30783
1471.307819
1471.307808
1471.307798
1471.307794
1471.307793
1471.307779
1471.307776
1471.307772
1471.307761
1471.307748
1471.307742
1471.30774
1471.30773
1471.307718
1471.307693
1471.307678
1471.307668
1471.307659
1471.307654
1471.307646
1471.307644
1471.307645
1471.307634
1471.307623
1471.307603
1471.307589
1471.307571
1471.307558
1471.307551
1471.307548
1471.30754
1471.307543
1471.30753
1471.30752
1471.307516
1471.307504
1471.307491
1471.307477
1471.307445
1471.307401
1471.307364
1471.307337
1471.307326
1471.307321
1471.307333
1471.307349
1471.307349
1471.307336
1471.307322
1471.307307
1471.307297
1471.307276
1471.307257
1471.307241
1471.307219
1471.307195
1471.307179
1471.307162
1471.307154
1471.307136
1471.307119
1471.307101
1471.307073
1471.307049
1471.307021
1471.307007
1471.306988
1471.306966
1471.306949
1471.306929
1471.306911
1471.306896
1471.306891
1471.306888
1471.306874
1471.306855
1471.306836
1471.306817
1471.306789
1471.306755
1471.306724
1471.306698
1471.306655
1471.306622
1471.306586
1471.306553
1471.306539
1471.306539
1471.306523
1471.306498
1471.306485
1471.30647
1471.306455
1471.306436
1471.306412
1471.306389
1471.306359
1471.306329
1471.306288
1471.306261
1471.306246
1471.306243
1471.306237
1471.306218
1471.306195
1471.306166
1471.306135
1471.306114
1471.306097
1471.30609
1471.306076
1471.306055
1471.306022
1471.306001
1471.305965
1471.305942
1471.305935
1471.305933
1471.30593
1471.305914
1471.305897
1471.305881
1471.305862
1471.305842
1471.305821
1471.305798
1471.305777
1471.305761
1471.305737
1471.305718
1471.305694
1471.305674
1471.305653
1471.305637
1471.305615
1471.305593
1471.305575
1471.305551
1471.305529
1471.305508
1471.305489
1471.305468
1471.30545
1471.305428
1471.30541
1471.305392
1471.305375
1471.305356
1471.305334
1471.305317
1471.305287
1471.305266
1471.305245
1471.305227
1471.305208
1471.30519
1471.305177
1471.305152
1471.305135
1471.305115
1471.305096
1471.305081
1471.305058
1471.305039
1471.305021
1471.305002
1471.304986
1471.304965
1471.304953
1471.304937
1471.304893
1471.304855
1471.304816
1471.3048
1471.30479
1471.304775
1471.30477
1471.304769
1471.304759
1471.304746
1471.304729
1471.304714
1471.304695
1471.304677
1471.304661
1471.304638
1471.304628
1471.304601
1471.304583
1471.304562
1471.304518
1471.304479
1471.304455
1471.304426
1471.304403
1471.30439
1471.304378
1471.304359
1471.304349
1471.304328
1471.304297
1471.304265
1471.304236
1471.30422
1471.304205
1471.304189
1471.304186
1471.304173
1471.304154
1471.304138
1471.304117
1471.304087
1471.304066
1471.304049
1471.304019
1471.304005
1471.303986
1471.30397
1471.303974
1471.303972
1471.303955
1471.303941
1471.303916
1471.303902
1471.303883
1471.303874
1471.303857
1471.303847
1471.30383
1471.303818
1471.303793
1471.303776
1471.303758
1471.303759
1471.30374
1471.303726
1471.303709
1471.303689
1471.30367
1471.303634
1471.303617
1471.303589
1471.303561
1471.303537
1471.303518
1471.303502
1471.303483
1471.303453
1471.303406
1471.303381
1471.303365
1471.303346
1471.303347
1471.303334
1471.303324
1471.303321
1471.303312
1471.303304
1471.303305
1471.303297
1471.303283
1471.303261
1471.303237
1471.303211
1471.303188
1471.303179
1471.303167
1471.303148
1471.303126
1471.303113
1471.303098
1471.303079
1471.303068
1471.303049
1471.303028
1471.303013
1471.302995
1471.302975
1471.302954
1471.302917
1471.302889
1471.302862
1471.302839
1471.302836
1471.302822
1471.3028
1471.302785
1471.302757
1471.302735
1471.302715
1471.302693
1471.302675
1471.302659
1471.302644
1471.302631
1471.302612
1471.302589
1471.302567
1471.302551
1471.302534
1471.302513
1471.302501
1471.30248
1471.302461
1471.302436
1471.302415
1471.302399
1471.302376
1471.302367
1471.302353
1471.302349
1471.30233
1471.302318
1471.302284
1471.302241
1471.302204
1471.302179
1471.302166
1471.302165
1471.302162
1471.30215
1471.302142
1471.302132
1471.302121
1471.302102
1471.302091
1471.302072
1471.302061
1471.302041
1471.30202
1471.302009
1471.302003
1471.301997
1471.301991
1471.301992
1471.301975
1471.301963
1471.301927
1471.301896
1471.301875
1471.301863
1471.301863
1471.30186
1471.301866
1471.301862
1471.301851
1471.301837
1471.301828
1471.301809
1471.301788
1471.301773
1471.301763
1471.301746
1471.301732
1471.30172
1471.301703
1471.301691
1471.301676
1471.301642
1471.301602
1471.301578
1471.301577
1471.301565
1471.30155
1471.301536
1471.301522
1471.301504
1471.30149
1471.301478
1471.301464
1471.301447
1471.301437
1471.301424
1471.301408
1471.301398
1471.301384
1471.301369
1471.301359
1471.30134
1471.30133
1471.301322
1471.301325
1471.30131
1471.301309
1471.301306
1471.301294
1471.301284
1471.301271
1471.301253
1471.301242
1471.301219
1471.301207
1471.301192
1471.301178
1471.301162
1471.301151
1471.301139
1471.301125
1471.30112
1471.301104
1471.301093
1471.301072
1471.301058
1471.30104
1471.301026
1471.301017
1471.301
1471.300978
1471.300954
1471.30091
1471.300881
1471.300845
1471.300809
1471.300798
1471.300807
1471.300804
1471.300799
1471.300797
1471.300781
1471.300775
1471.300764
1471.300752
1471.300738
1471.300719
1471.300707
1471.300688
1471.300682
1471.300671
1471.300653
1471.300624
1471.300578
1471.300521
1471.300456
1471.30041
1471.300389
1471.300382
1471.300368
1471.30036
1471.300349
1471.300345
1471.300352
1471.300361
1471.300369
1471.30037
1471.300388
1471.300392
1471.300374
1471.300363
1471.30035
1471.300344
1471.300347
1471.300336
1471.300324
1471.300308
1471.300285
1471.300274
1471.300257
1471.300245
1471.300231
1471.300216
1471.300208
1471.300193
1471.300177
1471.30015
1471.30013
1471.300113
1471.300101
1471.300089
1471.300083
1471.300072
1471.300057
1471.300048
1471.30004
1471.30003
1471.299997
1471.29996
1471.299948
1471.299924
1471.299895
1471.299879
1471.299875
1471.299879
1471.299888
1471.299874
1471.29986
1471.299841
1471.2998
1471.299776
1471.299765
1471.299747
1471.299734
1471.299722
1471.299709
1471.299697
1471.299683
1471.299672
1471.299647
1471.299641
1471.299619
1471.299602
1471.29958
1471.299566
1471.299551
1471.299549
1471.299537
1471.299528
1471.299511
1471.299499
1471.299498
1471.299489
1471.29948
1471.299473
1471.299463
1471.299446
1471.299441
1471.299429
1471.299422
1471.299414
1471.299395
1471.29939
1471.299372
1471.299358
1471.299353
1471.299343
1471.299318
1471.299296
1471.299279
1471.299274
1471.299263
1471.299245
1471.2992
1471.299162
1471.299148
1471.299141
1471.299131
1471.29912
1471.29911
1471.299096
1471.299077
1471.299065
1471.299044
1471.29903
1471.299044
1471.299086
1471.299116
1471.299139
1471.29917
1471.299197
1471.299203
1471.299194
1471.299175
1471.299171
1471.299168
1471.299158
1471.299143
1471.299121
1471.299112
1471.299109
1471.299107
1471.299093
1471.299084
1471.29908
1471.299077
1471.299064
1471.299052
1471.299051
1471.299033
1471.299004
1471.298978
1471.298967
1471.298955
1471.29894
1471.298939
1471.298929
1471.298917
1471.298905
1471.298893
1471.298877
1471.298869
1471.29886
1471.298863
1471.298849
1471.298843
1471.29883
1471.298837
1471.298833
1471.298815
1471.298801
1471.298791
1471.298778
1471.298773
1471.298759
1471.298759
1471.298754
1471.298751
1471.298744
1471.29874
1471.29872
1471.298714
1471.298701
1471.298697
1471.298693
1471.298697
1471.298696
1471.298694
1471.298689
1471.29868
1471.298675
1471.298663
1471.298659
1471.298654
1471.298642
1471.298624
1471.298624
1471.298627
1471.298623
1471.298623
1471.298629
1471.298635
1471.298643
1471.298641
1471.298629
1471.298613
1471.298613
1471.298606
1471.298596
1471.298591
1471.298577
1471.298557
1471.298552
1471.298537
1471.298528
1471.298504
1471.298497
1471.298471
1471.298468
1471.298451
1471.298443
1471.298441
1471.298438
1471.298448
1471.298445
1471.298428
1471.298417
1471.298418
1471.298413
1471.298413
1471.298401
1471.298395
1471.298399
1471.298387
1471.298385
1471.298385
1471.298378
1471.298391
1471.298398
1471.298403
1471.298396
1471.29839
1471.298381
1471.298376
1471.298358
1471.298363
1471.298356
1471.298346
1471.298338
1471.298319
1471.298305
1471.298293
1471.298265
1471.29822
1471.298168
1471.298117
1471.298084
1471.298079
1471.298091
1471.298091
1471.298089
1471.298071
1471.29807
1471.298085
1471.298099
1471.29812
1471.298137
1471.29814
1471.298132
1471.298123
1471.298108
1471.298098
1471.298093
1471.298085
1471.298082
1471.298077
1471.298068
1471.29805
1471.298057
1471.298073
1471.298072
1471.29806
1471.298055
1471.298046
1471.29804
1471.298025
1471.298013
1471.297998
1471.297997
1471.298012
1471.298027
1471.298035
1471.298039
1471.298031
1471.298011
1471.297983
1471.297968
1471.297959
1471.297948
1471.297933
1471.297937
1471.297929
1471.297923
1471.297919
1471.297918
1471.29792
1471.297914
1471.297899
1471.297883
1471.29786
1471.297843
1471.29782
1471.297805
1471.297777
1471.297767
1471.297761
1471.297743
1471.297722
1471.297715
1471.297682
1471.297646
1471.297633
1471.297616
1471.297614
1471.297617
1471.297626
1471.297657
1471.297687
1471.297705
1471.297709
1471.297714
1471.297727
1471.297739
1471.297731
1471.29773
1471.297737
1471.297721
1471.297715
1471.297709
1471.297706
1471.297698
1471.297697
1471.297691
1471.297689
1471.297683
1471.297677
1471.29768
1471.29768
1471.297678
1471.297679
1471.297675
1471.297679
1471.297676
1471.297658
1471.297658
1471.297663
1471.297673
1471.297691
1471.297703
1471.297696
1471.297695
1471.297688
1471.297682
1471.297672
1471.297664
1471.297635
1471.297625
1471.297624
1471.297623
1471.297619
1471.297616
1471.297603
1471.297584
1471.297579
1471.297584
1471.297579
1471.297589
1471.297598
1471.297594
1471.297593
1471.297602
1471.297627
1471.29764
1471.297636
1471.297632
1471.29764
1471.297637
1471.297622
1471.297623
1471.297612
1471.29761
1471.297595
1471.297591
1471.297593
1471.297598
1471.297596
1471.297593
1471.297586
1471.297553
1471.297536
1471.297536
1471.297535
1471.297531
1471.297535
1471.297532
1471.297544
1471.297539
1471.297534
1471.297522
1471.297509
1471.297504
1471.297484
1471.297471
1471.297468
1471.297461
1471.297456
1471.297442
1471.297425
1471.297431
1471.297438
1471.297429
1471.297426
1471.297425
1471.297419
1471.297401
1471.297373
1471.297372
1471.297373
1471.297367
1471.297366
1471.297359
1471.297345
1471.297342
1471.297338
1471.297341
1471.297351
1471.29736
1471.29738
1471.297386
1471.297405
1471.297413
1471.297423
1471.297434
1471.297433
1471.297433
1471.297429
1471.297455
1471.297475
1471.297487
1471.297485
1471.297481
1471.297481
1471.297488
1471.297499
1471.297497
1471.297499
1471.297501
1471.2975
1471.297499
1471.2975
1471.2975
1471.297495
1471.297485
1471.297479
1471.297486
1471.297504
1471.29754
1471.297554
1471.297552
1471.297536
1471.297516
1471.297501
1471.297483
1471.29748
1471.297484
1471.297483
1471.297492
1471.297508
1471.297504
1471.297495
1471.297499
1471.297528
1471.297543
1471.297542
1471.297525
1471.297514
1471.297495
1471.297494
1471.297494
1471.297503
1471.297493
1471.297503
1471.297507
1471.297512
1471.297481
1471.297453
1471.297456
1471.297467
1471.297477
1471.297493
1471.297499
1471.297515
1471.297522
1471.297525
1471.297521
1471.297531
1471.29753
1471.297527
1471.297528
1471.297553
1471.297559
1471.297559
1471.297563
1471.297565
1471.297561
1471.29755
1471.297569
1471.297572
1471.297578
1471.297584
1471.29758
1471.297586
1471.297585
1471.297587
1471.297575
1471.297573
1471.297576
1471.297584
1471.297582
1471.297577
1471.297567
1471.297557
1471.297543
1471.297541
1471.297543
1471.297541
1471.297531
1471.297516
1471.297493
1471.297475
1471.297477
1471.2975
1471.297507
1471.297518
1471.29752
1471.297504
1471.29749
1471.297477
1471.297486
1471.297487
1471.297519
1471.297567
1471.297611
1471.297652
1471.297698
1471.297734
1471.297762
1471.297763
1471.297772
1471.29777
1471.297786
1471.297792
1471.297796
1471.297791
1471.297793
1471.297793
1471.297801
1471.297811
1471.297797
1471.297769
1471.297758
1471.29777
1471.297782
1471.297792
1471.2978
1471.297797
1471.297802
1471.2978
1471.29779
1471.297797
1471.2978
1471.297806
1471.297801
1471.297801
1471.297796
1471.297776
1471.29778
1471.297787
1471.297793
1471.297795
1471.297805
1471.297809
1471.29784
1471.297857
1471.297867
1471.297863
1471.297873
1471.297887
1471.297901
1471.297932
1471.297964
1471.297994
1471.298
1471.297997
1471.298008
1471.298013
1471.298017
1471.298024
1471.298032
1471.298033
1471.298051
1471.298052
1471.298053
1471.298063
1471.298057
1471.298072
1471.298083
1471.298078
1471.298081
1471.298077
1471.298061
1471.298064
1471.298067
1471.298076
1471.298072
1471.298073
1471.29808
1471.29809
1471.29809
1471.298072
1471.29807
1471.298068
1471.298064
1471.298056
1471.298032
1471.298018
1471.29803
1471.298052
1471.298063
1471.298079
1471.298091
1471.298108
1471.298113
1471.298137
1471.298148
1471.298151
1471.298157
1471.298171
1471.298169
1471.298167
1471.29818
1471.298186
1471.298193
1471.298201
1471.298215
1471.298224
1471.298229
1471.29825
1471.298266
1471.298278
1471.298283
1471.298296
1471.298301
1471.29831
1471.29832
1471.298339
1471.29834
1471.298343
1471.298349
1471.298361
1471.298366
1471.298377
1471.298379
1471.298381
1471.298371
1471.29837
1471.298381
1471.298381
1471.298388
1471.298383
1471.298381
1471.298379
1471.29839
1471.298402
1471.298413
1471.298429
1471.298448
1471.298467
1471.298473
1471.29848
1471.298492
1471.298504
1471.298515
1471.29853
1471.298534
1471.298536
1471.298539
1471.298545
1471.298549
1471.298567
1471.298569
1471.298578
1471.298584
1471.298597
1471.298606
1471.298615
1471.298627
1471.298636
1471.298645
1471.298661
1471.298668
1471.298682
1471.298696
1471.298707
1471.298717
1471.298736
1471.298744
1471.298752
1471.298761
1471.298771
1471.298792
1471.298812
1471.29883
1471.298843
1471.298858
1471.29886
1471.298886
1471.298895
1471.298897
1471.298907
1471.298919
1471.298933
1471.298943
1471.298952
1471.298973
1471.298981
1471.298991
1471.299007
1471.299031
1471.299048
1471.299081
1471.299101
1471.299118
1471.299139
1471.299151
1471.299159
1471.299176
1471.299193
1471.299199
1471.299208
1471.299217
1471.299232
1471.299244
1471.299255
1471.299267
1471.299284
1471.29929
1471.299307
1471.299314
1471.29933
1471.299342
1471.299367
1471.299374
1471.299393
1471.299417
1471.299429
1471.29944
1471.299456
1471.299476
1471.299489
1471.299509
1471.299516
1471.299516
1471.299544
1471.299553
1471.29958
1471.29959
1471.299601
1471.299615
1471.299631
1471.299643
1471.299657
1471.299683
1471.299704
1471.299714
1471.299724
1471.299744
1471.29976
1471.299772
1471.299774
1471.299786
1471.299794
1471.299805
1471.299815
1471.299825
1471.299828
1471.299827
1471.299831
1471.299833
1471.299839
1471.299845
1471.299857
1471.299857
1471.299854
1471.299841
1471.299843
1471.299854
1471.299874
1471.299886
1471.299906
1471.299917
1471.299934
1471.299951
1471.299965
1471.299977
1471.299991
1471.300016
1471.300027
1471.30005
1471.30006
1471.300073
1471.300092
1471.300098
1471.30012
1471.300138
1471.300129
1471.300134
1471.300149
1471.300166
1471.300164
1471.300174
1471.300185
1471.30019
1471.300212
1471.300239
1471.300255
1471.300273
1471.300296
1471.300327
1471.300354
1471.300385
1471.300401
1471.300426
1471.30045
1471.300462
1471.300482
1471.300495
1471.300506
1471.300521
1471.300543
1471.30058
1471.300611
1471.300643
1471.30067
1471.300671
1471.300689
1471.300712
1471.300737
1471.300753
1471.300773
1471.300778
1471.300795
1471.300802
1471.300808
1471.300828
1471.300848
1471.300876
1471.300889
1471.3009
1471.300915
1471.300898
1471.300891
1471.300892
1471.30091
1471.300928
1471.300962
1471.300996
1471.301013
1471.301029
1471.301041
1471.301057
1471.301066
1471.301084
1471.301106
1471.301119
1471.301128
1471.301145
1471.301164
1471.301211
1471.301249
1471.301264
1471.30128
1471.301303
1471.301307
1471.301332
1471.301337
1471.301353
1471.301358
1471.301367
1471.301371
1471.301351
1471.3013
1471.301267
1471.301257
1471.301269
1471.301288
1471.301296
1471.301305
1471.301307
1471.301316
1471.301321
1471.30133
1471.301343
1471.30136
1471.301374
1471.301392
1471.30141
1471.30142
1471.301432
1471.301446
1471.301462
1471.301472
1471.30148
1471.3015
1471.301513
1471.301538
1471.301552
1471.301558
1471.301575
1471.301589
1471.301605
1471.301625
1471.301651
1471.301687
1471.301718
1471.301733
1471.30175
1471.301767
1471.301781
1471.301795
1471.301825
1471.301844
1471.301875
1471.301889
1471.301907
1471.301925
1471.301944
1471.301959
1471.301968
1471.301979
1471.301994
1471.302008
1471.302025
1471.302039
1471.302055
1471.302066
1471.302081
1471.302098
1471.302108
1471.302126
1471.302142
1471.302159
1471.302189
1471.302226
1471.302257
1471.302296
1471.302307
1471.302322
1471.302331
1471.302347
1471.302368
1471.302377
1471.302397
1471.302407
1471.302415
1471.30241
1471.302396
1471.302407
1471.302419
1471.302439
1471.302451
1471.302466
1471.302476
1471.302475
1471.302494
1471.302505
1471.302522
1471.302528
1471.302533
1471.302539
1471.302542
1471.302563
1471.302593
1471.3026
1471.302611
1471.302626
1471.302644
1471.302657
1471.302675
1471.302704
1471.302722
1471.302732
1471.30275
1471.302765
1471.302777
1471.302783
1471.302799
1471.302809
1471.302828
1471.302846
1471.302861
1471.302881
1471.302897
1471.302909
1471.302928
1471.302942
1471.302948
1471.302959
1471.302961
1471.302971
1471.302981
1471.302992
1471.303003
1471.303014
1471.303027
1471.303035
1471.303044
1471.303043
1471.303052
1471.303049
1471.303052
1471.303054
1471.303065
1471.303073
1471.303092
1471.303095
1471.30311
1471.303119
1471.303129
1471.303142
1471.303149
1471.303167
1471.303181
1471.303203
1471.303215
1471.303227
1471.303237
1471.303246
1471.303257
1471.303271
1471.303281
1471.303293
1471.303307
1471.303314
1471.303325
1471.303333
1471.303344
1471.303353
1471.303365
1471.303368
1471.303379
1471.303395
1471.303406
1471.303413
1471.303421
1471.303434
1471.303459
1471.303492
1471.303502
1471.303508
1471.303513
1471.303526
1471.303537
1471.303548
1471.303563
1471.303581
1471.303613
1471.303643
1471.303654
1471.303661
1471.303669
1471.30368
1471.303692
1471.303704
1471.303718
1471.303724
1471.303733
1471.303734
1471.303748
1471.303758
1471.303762
1471.303771
1471.303781
1471.30379
1471.303799
1471.303791
1471.303786
1471.303792
1471.303792
1471.303799
1471.3038
1471.303803
1471.303807
1471.303818
1471.303827
1471.303835
1471.30384
1471.303851
1471.303866
1471.303879
1471.303886
1471.303899
1471.303901
1471.303908
1471.303918
1471.30392
1471.303927
1471.303926
1471.303929
1471.303924
1471.303924
1471.303929
1471.303925
1471.303932
1471.303939
1471.303944
1471.303938
1471.303932
1471.303937
1471.303947
1471.303953
1471.303955
1471.303968
1471.303984
1471.304003
1471.304019
1471.30403
1471.304047
1471.304058
1471.304071
1471.304083
1471.3041
1471.304108
1471.304131
1471.304145
1471.304151
1471.304161
1471.304172
1471.304179
1471.304184
1471.304193
1471.30419
1471.304192
1471.304201
1471.304206
1471.304217
1471.304221
1471.304231
1471.304257
1471.304284
1471.304287
1471.304295
1471.304306
1471.304306
1471.304317
1471.304329
1471.304338
1471.30434
1471.30435
1471.30436
1471.304372
1471.304383
1471.30439
1471.304397
1471.304405
1471.304412
1471.304421
1471.304424
1471.304433
1471.304438
1471.304454
1471.304444
1471.304454
1471.304455
1471.304454
1471.304456
1471.304472
1471.304488
1471.304491
1471.304501
1471.304505
1471.304514
1471.304525
1471.304524
1471.304527
1471.30453
1471.304539
1471.304543
1471.304547
1471.304556
1471.304562
1471.30457
1471.304573
1471.304599
1471.3046
1471.304616
1471.304632
1471.304638
1471.304656
1471.304655
1471.304651
1471.30466
1471.304657
1471.304661
1471.304665
1471.304671
1471.304672
1471.304673
1471.304674
1471.304654
1471.304641
1471.30463
1471.304631
1471.304624
1471.30462
1471.304607
1471.304604
1471.304608
1471.304601
1471.304594
1471.304587
1471.304585
1471.304589
1471.304602
1471.304615
1471.304619
1471.304619
1471.304625
1471.304626
1471.304628
1471.304638
1471.304636
1471.304634
1471.304636
1471.30464
1471.304642
1471.304644
1471.304651
1471.304654
1471.30465
1471.304649
1471.304653
1471.304647
1471.304654
1471.304649
1471.304655
1471.304657
1471.30466
1471.304658
1471.304663
1471.304664
1471.304669
1471.304681
1471.304681
1471.304695
1471.304706
1471.304711
1471.304709
1471.304722
1471.304725
1471.304735
1471.304733
1471.304735
1471.304733
1471.304746
1471.304749
1471.304757
1471.304774
1471.304796
1471.304819
1471.30483
1471.304837
1471.304852
1471.30486
1471.304862
1471.304864
1471.304861
1471.304857
1471.304854
1471.304853
1471.304847
1471.304832
1471.304824
1471.304819
1471.304806
1471.304775
1471.304752
1471.304735
1471.304729
1471.304734
1471.304754
1471.304763
1471.304762
1471.304769
1471.304772
1471.304776
1471.304778
1471.304786
1471.304791
1471.304788
1471.304786
1471.30479
1471.304793
1471.30479
1471.304795
1471.304791
1471.304793
1471.304787
1471.304793
1471.304793
1471.304794
1471.304802
1471.304799
1471.30481
1471.304806
1471.30481
1471.304809
1471.304814
1471.304813
1471.304811
1471.304817
1471.304815
1471.304813
1471.304818
1471.304822
1471.304819
1471.304828
1471.304837
1471.304857
1471.304863
1471.304867
1471.304868
1471.30487
1471.304891
1471.304915
1471.304929
1471.304936
1471.30494
1471.304936
1471.304935
1471.304942
1471.304944
1471.30495
1471.304952
1471.304942
1471.304947
1471.304948
1471.304947
1471.304949
1471.304948
1471.304946
1471.304948
1471.30495
1471.304945
1471.304936
1471.304938
1471.304933
1471.304934
1471.304931
1471.304927
1471.304921
1471.304914
1471.304916
1471.304908
1471.304888
1471.30485
1471.30478
1471.304673
1471.304503
1471.304219
1471.303775
1471.303085
1471.30201
1471.300313
1471.297607
1471.293335
1471.286646
1471.276177
1471.259853
1471.23449
1471.195229
1471.134693
1471.041805
1470.899939
1470.684286
1470.358013
1469.866804
1469.13102
1468.034764
1466.410694
1464.019435
1460.522415
1455.447481
1448.148164
1437.760492
1423.167343
1402.988967
1375.629555
1339.416871
1292.862984
1235.035938
1165.961091
1086.897394
1000.324923
909.5832216
818.2681283
729.6199857
646.120585
569.3625961
500.1346288
438.6121379
384.5180004
337.2782293
296.2045647
260.5926608
229.7871587
202.6610589
178.3549861
156.3802777
136.4605964
118.4365053
102.203297
87.67882254
74.78763632
63.45503447
53.6052911
45.164878
38.06991137
32.27161482
27.72270923
24.37846788
22.10300616
20.86603627
20.67471726
21.83891503
23.85810821
26.96485652
31.22296495
36.70682239
43.49233737
51.67495357
61.35045631
72.60830668
85.5256374
100.1604761
116.5474971
134.6955441
154.5903654
176.2087232
199.3659182
222.9726957
244.4068222
262.3656358
277.5534351
290.4147748
301.2908215
310.4411206
318.0690079
324.346915
329.4353612
333.4925695
336.6750684
339.1329445
341.0043733
342.4113772
343.4575066
344.2277096
344.7898095
345.196783
345.4892776
345.6980125
345.8459191
345.9499461
346.0225127
346.072696
346.1071132
346.1305261
346.1463351
346.1569311
346.163963
346.168596
346.1715355
346.1731068
346.1735903
346.173298
346.1724726
346.171308
346.169977
346.1686154
346.1673278
346.1661533
346.1651037
346.1641741
346.1633484
346.1626045
346.1619191
346.161271
346.1606433
346.1600251
346.1594106
346.1587967
346.158179
346.1575523
346.1569143
346.1562652
346.1556071
346.1549421
346.1542707
346.1535906
346.1528966
346.1521812
346.1514362
346.1506545
346.1498318
346.1489685
346.1480694
346.1471684
346.1463187
346.1455356
346.1448245
346.1441852
346.1436123
346.1430971
346.1426294
346.1421983
346.1417937
346.1414065
346.1410294
346.140657
346.1402862
346.1399149
346.1395405
346.1391594
346.1387685
346.1383654
346.1379481
346.1375153
346.1370662
346.1366001
346.1361167
346.1356162
346.1350988
346.1345722
346.1340638
346.1335934
346.1331715
346.1328057
346.1325
346.132255
346.1320683
346.1319345
346.1318461
346.1317931
346.1317636
346.1317478
346.1317472
346.1317672
346.1318093
346.1318664
346.1319221
346.1319611
346.1319826
346.1319886
346.1319808
346.1319628
346.1319391
346.131908
346.1318669
346.1318198
346.1317806
346.1317547
346.1317383
346.1317307
346.1317384
346.1317716
346.1318376
346.1319418
346.1320901
346.1322871
346.1325364
346.1328394
346.1331956
346.1336026
346.1340558
346.1345484
346.1350724
346.1356183
346.1361673
346.1366964
346.1372024
346.1376856
346.1381481
346.1385933
346.1390256
346.1394497
346.13987
346.1402895
346.14071
346.141135
346.1415691
346.1420177
346.142487
346.1429831
346.1435122
346.14408
346.1446914
346.1453504
346.1460596
346.14682
346.1476313
346.1484913
346.1493961
346.1503405
346.151318
346.152321
346.1533414
346.154366
346.1553776
346.1563741
346.1573567
346.1583276
346.1592895
346.1602457
346.1611991
346.1621519
346.1631052
346.1640613
346.1650233
346.1659948
346.1669798
346.1679825
346.1690071
346.1700573
346.1711365
346.1722475
346.173392
346.174571
346.1757843
346.1770309
346.1783084
346.179614
346.1809438
346.1822937
346.1836592
346.1850361
346.1864204
346.187809
346.1891997
346.1905914
346.1919842
346.1933789
346.1947775
346.1961822
346.1975959
346.1990214
346.2004617
346.2019197
346.2033982
346.2048994
346.2064253
346.2079772
346.2095557
346.2111605
346.2127904
346.2144433
346.2161162
346.2178055
346.2195067
346.2212131
346.2229133
346.2246035
346.2262845
346.2279579
346.2296259
346.2312908
346.2329545
346.2346182
346.2362834
346.2379523
346.2396279
346.2413137
346.2430137
346.2447317
346.2464718
346.248238
346.2500335
346.2518613
346.2537236
346.2556216
346.2575556
346.2595248
346.2615274
346.2635605
346.2656202
346.267702
346.2698005
346.2719103
346.2740218
346.2761239
346.2782154
346.280297
346.2823696
346.2844348
346.2864943
346.2885498
346.290603
346.2926553
346.2947074
346.2967598
346.2988136
346.3008699
346.3029298
346.3049944
346.3070641
346.3091393
346.3112197
346.3133043
346.3153878
346.3174634
346.3195287
346.3215821
346.3236224
346.3256493
346.3276634
346.3296655
346.3316572
346.3336404
346.335617
346.3375892
346.339559
346.3415277
346.3434963
346.3454655
346.3474365
346.3494107
346.3513897
346.3533748
346.3553669
346.3573668
346.3593745
346.3613896
346.363411
346.3654338
346.3674483
346.3694501
346.3714364
346.373405
346.3753543
346.3772834
346.3791919
346.3810799
346.3829477
346.3847958
346.3866247
346.3884347
346.3902258
346.3919976
346.3937494
346.3954798
346.3971873
346.3988699
346.4005253
346.402151
346.4037449
346.4053044
346.4068278
346.4083132
346.4097595
346.4111659
346.4125321
346.4138583
346.4151452
346.4163934
346.4176039
346.4187779
346.4199163
346.4210196
346.4220883
346.4231224
346.4241211
346.4250835
346.4260078
346.4268921
346.4277338
346.42853
346.4292778
346.429974
346.4306155
346.4311992
346.4317223
346.4321825
346.4325778
346.432907
346.4331694
346.4333659
346.4334993
346.4335759
346.4336069
346.4336111
346.4335934
346.4335394
346.4334389
346.4332854
346.4330744
346.4328034
346.4324709
346.4320764
346.43162
346.4311024
346.4305244
346.429887
346.4291913
346.428438
346.427628
346.4267615
346.4258389
346.4248598
346.4238238
346.4227302
346.421578
346.420366
346.4190929
346.4177573
346.4163579
346.4148935
346.4133631
346.4117658
346.4101011
346.4083688
346.406569
346.4047019
346.4027682
346.4007688
346.3987047
346.3965771
346.3943872
346.3921363
346.3898257
346.3874566
346.3850301
346.3825473
346.3800092
346.3774166
346.3747704
346.3720713
346.3693202
346.3665179
346.3636652
346.3607631
346.3578126
346.3548149
346.3517711
346.3486825
346.3455504
346.3423762
346.3391611
346.3359064
346.3326131
346.3292824
346.3259151
346.3225118
346.3190731
346.3155995
346.3120912
346.3085485
346.3049717
346.3013612
346.2977173
346.2940407
346.2903324
346.2865935
346.2828254
346.2790302
346.2752098
346.271367
346.2675043
346.2636249
346.2597317
346.255828
346.2519169
346.2480013
346.2440862
346.240175
346.2362677
346.2323641
346.2284641
346.2245675
346.2206744
346.216785
346.2128999
346.2090198
346.2051459
346.2012795
346.1974222
346.193576
346.189743
346.1859253
346.1821253
346.1783454
346.1745878
346.170855
346.1671492
346.1634724
346.1598268
346.1562141
346.1526364
346.1490951
346.1455919
346.1421284
346.1387058
346.1353257
346.1319891
346.1286973
346.1254513
346.122252
346.1191001
346.1159964
346.112941
346.1099342
346.106976
346.104066
346.1012037
346.0983884
346.095619
346.0928945
346.0902134
346.0875746
346.0849764
346.0824176
346.0798966
346.0774122
346.0749632
346.0725485
346.0701674
346.0678191
346.0655032
346.0632193
346.0609672
346.0587469
346.0565584
346.0544017
346.0522767
346.0501835
346.0481218
346.0460913
346.0440915
346.0421217
346.0401811
346.0382688
346.0363836
346.0345242
346.0326896
346.0308785
346.0290899
346.0273227
346.0255763
346.0238503
346.0221443
346.0204587
346.018794
346.017151
346.015531
346.0139354
346.0123661
346.0108251
346.0093147
346.0078372
346.0063952
346.0049911
346.0036276
346.0023071
346.0010323
345.9998056
345.9986296
345.9975067
345.9964394
345.9954301
345.9944813
345.9935956
345.9927756
345.992024
345.9913433
345.9907364
345.9902059
345.9897543
345.9893835
345.9890943
345.988886
345.9887541
345.9886874
345.9886672
345.9886736
345.9887192
345.9888236
345.9889979
345.9892511
345.9895904
345.9900217
345.9905496
345.9911784
345.9919115
345.9927519
345.9937026
345.9947659
345.9959438
345.9972383
345.9986508
346.0001823
346.0018339
346.003606
346.0054988
346.0075122
346.0096459
346.0118992
346.0142713
346.0167611
346.0193674
346.0220888
346.0249239
346.0278712
346.0309292
346.0340964
346.0373713
346.0407525
346.0442386
346.0478285
346.0515208
346.0553145
346.0592086
346.0632021
346.0672941
346.0714835
346.0757696
346.0801514
346.0846279
346.0891982
346.0938611
346.0986155
346.1034601
346.1083936
346.1134146
346.1185215
346.1237126
346.1289863
346.1343406
346.1397735
346.1452831
346.1508671
346.1565232
346.162249
346.1680417
346.1738989
346.1798174
346.1857943
346.1918264
346.1979103
346.2040424
346.210219
346.2164364
346.2226905
346.2289772
346.2352924
346.2416319
346.2479915
346.2543672
346.260755
346.267151
346.2735509
346.2799477
346.2863371
346.292719
346.2990934
346.3054606
346.3118213
346.3181762
346.3245262
346.3308725
346.3372161
346.343558
346.3498988
346.3562391
346.3625792
346.3689201
346.3752625
346.3816077
346.3879567
346.3943106
346.4006706
346.4070376
346.4134124
346.4197958
346.4261883
346.4325899
346.4390008
346.4454205
346.4518484
346.4582834
346.4647243
346.471166
346.4775982
346.4840156
346.4904137
346.496788
346.5031342
346.5094483
346.5157263
346.5219649
346.528161
346.5343119
346.5404155
346.5464702
346.552475
346.5584293
346.5643331
346.5701869
346.5759918
346.5817493
346.5874611
346.5931293
346.5987563
346.6043444
346.6098959
346.615413
346.6208975
346.6263507
346.6317732
346.6371649
346.6425247
346.6478501
346.6531375
346.6583819
346.6635765
346.6687129
346.6737808
346.6787679
346.6836601
346.6884412
346.6930928
346.6975947
346.7019245
346.706058
346.709969
346.7136296
346.7170105
346.7200812
346.722811
346.7251697
346.72713
346.7286712
346.7297848
346.7304856
346.7308302
346.7309263
346.7308736
346.7305894
346.7299642
346.7289294
346.727426
346.7254026
346.7228139
346.719619
346.7157797
346.7112593
346.7060226
346.7000352
346.6932633
346.6856738
346.6772341
346.6679121
346.6576762
346.6464952
346.6343383
346.6211753
346.6069763
346.591712
346.5753534
346.5578721
346.5392399
346.5194294
346.4984136
346.4761663
346.452662
346.4278765
346.4017865
346.3743705
346.3456089
346.3154844
346.2839828
346.2510934
346.2168098
346.1811305
346.1440602
346.1056103
346.0658006
346.0246598
345.9822271
345.9385533
345.8937033
345.847756
345.8008047
345.7529617
345.7043607
345.6551215
345.605664
345.5568477
345.509097
345.462742
345.4181115
345.3755191
345.3352562
345.2975867
345.2627417
345.2309164
345.2022671
345.1769098
345.1549205
345.1363341
345.1211411
345.1092799
345.1006221
345.0949385
345.0918303
345.0906916
345.0906277
345.0917153
345.0946632
345.0998434
345.1074816
345.1177
345.1305391
345.1459776
345.1639516
345.1843668
345.2071081
345.2320466
345.259045
345.2879611
345.3186513
345.3509725
345.3847832
345.4199453
345.456324
345.4937888
345.5322128
345.5714734
345.6114517
345.652032
345.6931025
345.734552
345.7762791
345.8181065
345.8596889
345.9008356
345.9414435
345.9814044
346.0206091
346.0589472
346.096309
346.1325851
346.1676664
346.201445
346.2338147
346.2646726
346.2939197
346.3214621
346.3472125
346.3710917
346.3930302
346.4129696
346.4308636
346.4466803
346.4604036
346.4720356
346.4815984
346.4891381
346.4947345
346.4985183
346.5007041
346.5016234
346.501797
346.5013966
346.5000496
346.4974992
346.493627
346.4883798
346.481765
346.47384
346.4647007
346.4544738
346.4433091
346.4313723
346.4188426
346.4058977
346.3928808
346.380254
346.3681331
346.3565763
346.3456289
346.3353218
346.3256733
346.3166904
346.3083703
346.3007018
346.2936671
346.2872425
346.2814002
346.2761093
346.2713368
346.2670482
346.2632086
346.2597833
346.2567381
346.2540399
346.2516569
346.249559
346.2477177
346.2461066
346.2447011
346.2434784
346.2424178
346.2415003
346.2407089
346.2400279
346.2394436
346.2389435
346.2385166
346.2381531
346.2378444
346.2375828
346.2373617
346.2371752
346.2370184
346.2368868
346.2367767
346.2366848
346.236608
346.236544
346.2364913
346.2364462
346.2364099
346.23638
346.2363555
346.2363353
346.2363188
346.2363054
346.2362944
346.2362855
346.2362782
346.2362723
346.2362676
346.2362638
346.2362607
346.2362582
346.2362562
346.2362546
346.2362534
346.2362523
346.2362515
346.2362509
346.2362504
346.23625
346.2362496
346.2362494
346.2362492
346.236249
346.2362489
346.2362488
346.2362487
346.2362487
346.2362486
346.2362486
346.2362486
346.2362485
346.2362485
346.2362485
346.2362485
346.2362485
346.2362485
346.2362485
346.2362485
346.2362485
346.2362485
346.2362485
346.2362485
346.2362485
346.2362485
346.2362485
346.2362485
346.2362485
346.2362485
346.2362485
346.2362485
346.2362485
346.2362485
346.2362485
346.2362485
346.2362485
346.2362485
346.2362485
346.2362485
346.2362485
346.2362485
346.2362485
346.2362485
346.2362485
346.2362485
346.2362485
346.2362485
346.2362485
346.2362485
346.2362485
346.2362485
346.2362485
346.2362485
346.2362485
346.2362485
346.2362485
346.2362485
346.2362485
346.2362485
346.2362485
346.2362485
346.2362485
346.2362485
346.2362485
346.2362485
346.2362485
346.2362485
346.2362485
346.2362485
346.2362485
346.2362485
346.2362485
346.2362485
346.2362485
346.2362485
346.2362485
346.2362485
346.2362485
346.2362485
346.2362485
346.2362485
346.2362485
346.2362485
346.2362485
346.2362485
346.2362485
346.2362485
346.2362485
346.2362485
346.2362485
346.2362485
346.2362485
346.2362485
346.2362485
346.2362485
346.2362485
346.2362485
346.2362485
346.2362485
346.2362485
346.2362485
346.2362485
346.2362485
346.2362485
346.2362485
346.2362485
346.2362485
346.2362485
346.2362485
346.2362485
346.2362485
346.2362485
346.2362485
346.2362485
346.2362485
346.2362485
346.2362485
346.2362485
346.2362485
346.2362485
346.2362485
346.2362485
346.2362485
346.2362485
346.2362485
346.2362485
346.2362485
346.2362485
346.2362485
346.2362485
346.2362485
346.2362485
346.2362485
346.2362485
346.2362485
346.2362485
346.2362485
346.2362485
346.2362485
346.2362485
346.2362485
346.2362485
346.2362485
346.2362485
346.2362485
346.2362485
346.2362485
346.2362485
346.2362485
346.2362485
346.2362485
346.2362485
346.2362485
346.2362485
346.2362485
346.2362485
346.2362485
346.2362485
346.2362485
346.2362485
346.2362485
346.2362485
346.2362485
346.2362485
346.2362485
346.2362485
346.2362485
346.2362485
346.2362485
346.2362485
346.2362485
346.2362485
346.2362485
346.2362485
346.2362485
346.2362485
346.2362485
346.2362485
346.2362485
346.2362485
346.2362485
346.2362485
346.2362485
346.2362485
346.2362485
346.2362485
346.2362485
346.2362485
346.2362485
346.2362485
346.2362485
346.2362485
346.2362485
346.2362485
346.2362485
346.2362485
346.2362485
346.2362485
346.2362485
346.2362485
346.2362485
346.2362485
346.2362485
346.2362485
346.2362485
346.2362485
346.2362485
346.2362485
346.2362485
346.2362485
346.2362485
346.2362485
346.2362485
346.2362485
346.2362485
346.2362485
346.2362485
346.2362485
346.2362485
346.2362485
346.2362485
346.2362485
346.2362485
346.2362485
346.2362485
346.2362485
346.2362485
346.2362485
346.2362485
346.2362485
346.2362485
346.2362485
346.2362485
346.2362485
346.2362485
346.2362485
346.2362485
346.2362485
346.2362485
346.2362485
346.2362485
346.2362485
346.2362485
346.2362485
346.2362485
346.2362485
346.2362485
346.2362485
346.2362485
346.2362485
346.2362485
346.2362485
346.2362485
346.2362485
346.2362485
346.2362485
346.2362485
346.2362485
346.2362485
346.2362485
346.2362485
346.2362485
346.2362485
346.2362485
346.2362485
346.2362485
346.2362485
346.2362485
346.2362485
346.2362485
346.2362485
346.2362485
346.2362485
346.2362485
346.2362485
346.2362485
346.2362485
346.2362485
346.2362485
346.2362485
346.2362485
346.2362485
346.2362485
346.2362485
346.2362485
346.2362485
346.2362485
346.2362485
346.2362485
346.2362485
346.2362485
346.2362485
346.2362485
346.2362485
346.2362485
346.2362485
346.2362485
346.2362485
346.2362485
346.2362485
346.2362485
346.2362485
346.2362485
346.2362485
346.2362485
346.2362485
346.2362485
346.2362485
346.2362485
346.2362485
346.2362485
346.2362485
346.2362485
346.2362485
346.2362485
346.2362485
346.2362485
346.2362485
346.2362485
346.2362485
346.2362485
346.2362485
346.2362485
346.2362485
346.2362485
346.2362485
346.2362485
346.2362485
346.2362485
346.2362485
346.2362485
346.2362485
346.2362485
346.2362485
346.2362485
346.2362485
346.2362485
346.2362485
346.2362485
346.2362485
346.2362485
346.2362485
346.2362485
346.2362485
346.2362485
346.2362485
346.2362485
346.2362485
346.2362485
346.2362485
346.2362485
346.2362485
346.2362485
346.2362485
346.2362485
346.2362485
346.2362485
346.2362485
346.2362485
346.2362485
346.2362485
346.2362485
346.2362485
346.2362485
346.2362485
346.2362485
346.2362485
346.2362485
346.2362485
346.2362485
346.2362485
346.2362485
346.2362485
346.2362485
346.2362485
346.2362485
346.2362485
346.2362485
346.2362485
346.2362485
346.2362485
346.2362485
346.2362485
346.2362485
346.2362485
346.2362485
346.2362485
346.2362485
346.2362485
346.2362485
346.2362485
346.2362485
346.2362485
346.2362485
346.2362485
346.2362485
346.2362485
346.2362485
346.2362485
346.2362485
346.2362485
346.2362485
346.2362485
346.2362485
346.2362485
346.2362485
346.2362485
346.2362485
346.2362485
346.2362485
346.2362485
346.2362485
346.2362485
346.2362485
346.2362485
346.2362485
346.2362485
346.2362485
346.2362485
346.2362485
346.2362485
346.2362485
346.2362485
346.2362485
346.2362485
346.2362485
346.2362485
346.2362485
346.2362485
346.2362485
346.2362485
346.2362485
346.2362485
346.2362485
346.2362485
346.2362485
346.2362485
346.2362485
346.2362485
346.2362485
346.2362485
346.2362485
346.2362485
346.2362485
346.2362485
346.2362485
346.2362485
346.2362485
346.2362485
346.2362485
346.2362485
346.2362485
346.2362485
346.2362485
346.2362485
346.2362485
346.2362485
346.2362485
346.2362485
346.2362485
346.2362485
346.2362485
346.2362485
346.2362485
346.2362485
346.2362485
346.2362485
346.2362485
346.2362485
346.2362485
346.2362485
346.2362485
346.2362485
346.2362485
346.2362485
346.2362485
346.2362485
346.2362485
346.2362485
346.2362485
346.2362485
346.2362485
346.2362485
346.2362485
346.2362485
346.2362485
346.2362485
346.2362485
346.2362485
346.2362485
346.2362485
346.2362485
346.2362485
346.2362485
346.2362485
346.2362485
346.2362485
346.2362485
346.2362485
346.2362485
346.2362485
346.2362485
346.2362485
346.2362485
346.2362485
346.2362485
346.2362485
346.2362485
346.2362485
346.2362485
346.2362485
346.2362485
346.2362485
346.2362485
346.2362485
346.2362485
346.2362485
346.2362485
346.2362485
346.2362485
346.2362485
346.2362485
346.2362485
346.2362485
346.2362485
346.2362485
346.2362485
346.2362485
346.2362485
346.2362485
346.2362485
346.2362485
346.2362485
346.2362485
346.2362485
346.2362485
346.2362485
346.2362485
346.2362485
346.2362485
346.2362485
346.2362485
346.2362485
346.2362485
346.2362485
346.2362485
346.2362485
346.2362485
346.2362485
346.2362485
346.2362485
346.2362485
346.2362485
346.2362485
346.2362485
346.2362485
346.2362485
346.2362485
346.2362485
346.2362485
346.2362485
346.2362485
346.2362485
346.2362485
346.2362485
346.2362485
346.2362485
346.2362485
346.2362485
346.2362485
346.2362485
346.2362485
346.2362485
346.2362485
346.2362485
346.2362485
346.2362485
346.2362485
346.2362485
346.2362485
346.2362485
346.2362485
346.2362485
346.2362485
346.2362485
346.2362485
346.2362485
346.2362485
346.2362485
346.2362485
346.2362485
346.2362485
346.2362485
346.2362485
346.2362485
346.2362485
346.2362485
346.2362485
346.2362485
346.2362485
346.2362485
346.2362485
346.2362485
346.2362485
346.2362485
346.2362485
346.2362485
346.2362485
346.2362485
346.2362485
346.2362485
346.2362485
346.2362485
346.2362485
346.2362485
346.2362485
346.2362485
346.2362485
346.2362485
346.2362485
346.2362485
346.2362485
346.2362485
346.2362485
346.2362485
346.2362485
346.2362485
346.2362485
346.2362485
346.2362485
346.2362485
346.2362485
346.2362485
346.2362485
346.2362485
346.2362485
346.2362485
346.2362485
346.2362485
346.2362485
346.2362485
346.2362485
346.2362485
346.2362485
346.2362485
346.2362485
346.2362485
346.2362485
346.2362485
346.2362485
346.2362485
346.2362485
346.2362485
346.2362485
346.2362485
346.2362485
346.2362485
346.2362485
346.2362485
346.2362485
346.2362485
346.2362485
346.2362485
346.2362485
346.2362485
346.2362485
346.2362485
346.2362485
346.2362485
346.2362485
346.2362485
346.2362485
346.2362485
346.2362485
346.2362485
346.2362485
346.2362485
346.2362485
346.2362485
346.2362485
346.2362485
346.2362485
346.2362485
346.2362485
346.2362485
346.2362485
346.2362485
346.2362485
346.2362485
346.2362485
346.2362485
346.2362485
346.2362485
346.2362485
346.2362485
346.2362485
346.2362485
346.2362485
346.2362485
346.2362485
346.2362485
346.2362485
346.2362485
346.2362485
346.2362485
346.2362485
346.2362485
346.2362485
346.2362485
346.2362485
346.2362485
346.2362485
346.2362485
346.2362485
346.2362485
346.2362485
346.2362485
346.2362485
346.2362485
346.2362485
346.2362485
346.2362485
346.2362485
346.2362485
346.2362485
346.2362485
346.2362485
346.2362485
346.2362485
346.2362485
346.2362485
346.2362485
346.2362485
346.2362485
346.2362485
346.2362485
346.2362485
346.2362485
346.2362485
346.2362485
346.2362485
346.2362485
346.2362485
346.2362485
346.2362485
346.2362485
346.2362485
346.2362485
346.2362485
346.2362485
346.2362485
346.2362485
346.2362485
346.2362485
346.2362485
346.2362485
346.2362485
346.2362485
346.2362485
346.2362485
346.2362485
346.2362485
346.2362485
346.2362485
346.2362485
346.2362485
346.2362485
346.2362485
346.2362485
346.2362485
346.2362485
346.2362485
346.2362485
346.2362485
346.2362485
346.2362485
346.2362485
346.2362485
346.2362485
346.2362485
346.2362485
346.2362485
346.2362485
346.2362485
346.2362485
346.2362485
346.2362485
346.2362485
346.2362485
346.2362485
346.2362485
346.2362485
346.2362485
346.2362485
346.2362485
346.2362485
346.2362485
346.2362485
346.2362485
346.2362485
346.2362485
346.2362485
346.2362485
346.2362485
346.2362485
346.2362485
346.2362485
346.2362485
346.2362485
346.2362485
346.2362485
346.2362485
346.2362485
346.2362485
346.2362485
346.2362485
346.2362485
346.2362485
346.2362485
346.2362485
346.2362485
346.2362485
346.2362485
346.2362485
346.2362485
346.2362485
346.2362485
346.2362485
346.2362485
346.2362485
346.2362485
346.2362485
346.2362485
346.2362485
346.2362485
346.2362485
346.2362485
346.2362485
346.2362485
346.2362485
346.2362485
346.2362485
346.2362485
346.2362485
346.2362485
346.2362485
346.2362485
346.2362485
346.2362485
346.2362485
346.2362485
346.2362485
346.2362485
346.2362485
346.2362485
346.2362485
346.2362485
346.2362485
346.2362485
346.2362485
346.2362485
346.2362485
346.2362485
346.2362485
346.2362485
346.2362485
346.2362485
346.2362485
346.2362485
346.2362485
346.2362485
346.2362485
346.2362485
346.2362485
346.2362485
346.2362485
346.2362485
346.2362485
346.2362485
346.2362485
346.2362485
346.2362485
346.2362485
346.2362485
346.2362485
346.2362485
346.2362485
346.2362485
346.2362485
346.2362485
346.2362485
346.2362485
346.2362485
346.2362485
346.2362485
346.2362485
346.2362485
346.2362485
346.2362485
346.2362485
346.2362485
346.2362485
346.2362485
346.2362485
346.2362485
346.2362485
346.2362485
346.2362485
346.2362485
346.2362485
346.2362485
346.2362485
346.2362485
346.2362485
346.2362485
346.2362485
346.2362485
346.2362485
346.2362485
346.2362485
346.2362485
346.2362485
346.2362485
346.2362485
346.2362485
346.2362485
346.2362485
346.2362485
346.2362485
346.2362485
346.2362485
346.2362485
346.2362485
346.2362485
346.2362485
346.2362485
346.2362485
346.2362485
346.2362485
346.2362485
346.2362485
346.2362485
346.2362485
346.2362485
346.2362485
346.2362485
346.2362485
346.2362485
346.2362485
346.2362485
346.2362485
346.2362485
346.2362485
346.2362485
346.2362485
346.2362485
346.2362485
346.2362485
346.2362485
346.2362485
346.2362485
346.2362485
346.2362485
346.2362485
346.2362485
346.2362485
346.2362485
346.2362485
346.2362485
346.2362485
346.2362485
346.2362485
346.2362485
346.2362485
346.2362485
346.2362485
346.2362485
346.2362485
346.2362485
346.2362485
346.2362485
346.2362485
346.2362485
346.2362485
346.2362485
346.2362485
346.2362485
346.2362485
346.2362485
346.2362485
346.2362485
346.2362485
346.2362485
346.2362485
346.2362485
346.2362485
346.2362485
346.2362485
346.2362485
346.2362485
346.2362485
346.2362485
346.2362485
346.2362485
346.2362485
346.2362485
346.2362485
346.2362485
346.2362485
346.2362485
346.2362485
346.2362485
346.2362485
346.2362485
346.2362485
346.2362485
346.2362485
346.2362485
346.2362485
346.2362485
346.2362485
346.2362485
346.2362485
346.2362485
346.2362485
346.2362485
346.2362485
346.2362485
346.2362485
346.2362485
346.2362485
346.2362485
346.2362485
346.2362485
346.2362485
346.2362485
346.2362485
346.2362485
346.2362485
346.2362485
346.2362485
346.2362485
346.2362485
346.2362485
346.2362485
346.2362485
346.2362485
346.2362485
346.2362485
346.2362485
346.2362485
346.2362485
346.2362485
346.2362485
346.2362485
346.2362485
346.2362485
346.2362485
346.2362485
346.2362485
346.2362485
346.2362485
346.2362485
346.2362485
346.2362485
346.2362485
346.2362485
346.2362485
346.2362485
346.2362485
346.2362485
346.2362485
346.2362485
346.2362485
346.2362485
346.2362485
346.2362485
346.2362485
346.2362485
346.2362485
346.2362485
346.2362485
346.2362485
346.2362485
346.2362485
346.2362485
346.2362485
346.2362485
346.2362485
346.2362485
346.2362485
346.2362485
346.2362485
346.2362485
346.2362485
346.2362485
346.2362485
346.2362485
346.2362485
346.2362485
346.2362485
346.2362485
346.2362485
346.2362485
346.2362485
346.2362485
346.2362485
346.2362485
346.2362485
346.2362485
346.2362485
346.2362485
346.2362485
346.2362485
346.2362485
346.2362485
346.2362485
346.2362485
346.2362485
346.2362485
346.2362485
346.2362485
346.2362485
346.2362485
346.2362485
346.2362485
346.2362485
346.2362485
346.2362485
346.2362485
346.2362485
346.2362485
346.2362485
346.2362485
346.2362485
346.2362485
346.2362485
346.2362485
346.2362485
346.2362485
346.2362485
346.2362485
346.2362485
346.2362485
346.2362485
346.2362485
346.2362485
346.2362485
346.2362485
346.2362485
346.2362485
346.2362485
346.2362485
346.2362485
346.2362485
346.2362485
346.2362485
346.2362485
346.2362485
346.2362485
346.2362485
346.2362485
346.2362485
346.2362485
346.2362485
346.2362485
346.2362485
346.2362485
346.2362485
346.2362485
346.2362485
346.2362485
346.2362485
346.2362485
346.2362485
346.2362485
346.2362485
346.2362485
346.2362485
346.2362485
346.2362485
346.2362485
346.2362485
346.2362485
346.2362485
346.2362485
346.2362485
346.2362485
346.2362485
346.2362485
346.2362485
346.2362485
346.2362485
346.2362485
346.2362485
346.2362485
346.2362485
346.2362485
346.2362485
346.2362485
346.2362485
346.2362485
346.2362485
346.2362485
346.2362485
346.2362485
346.2362485
346.2362485
346.2362485
346.2362485
346.2362485
346.2362485
346.2362485
346.2362485
346.2362485
346.2362485
346.2362485
346.2362485
346.2362485
346.2362485
346.2362485
346.2362485
346.2362485
346.2362485
346.2362485
346.2362485
346.2362485
346.2362485
346.2362485
346.2362485
346.2362485
346.2362485
346.2362485
346.2362485
346.2362485
346.2362485
346.2362485
346.2362485
346.2362485
346.2362485
346.2362485
346.2362485
346.2362485
346.2362485
346.2362485
346.2362485
346.2362485
346.2362485
346.2362485
346.2362485
346.2362485
346.2362485
346.2362485
346.2362485
346.2362485
346.2362485
346.2362485
346.2362485
346.2362485
346.2362485
346.2362485
346.2362485
346.2362485
346.2362485
346.2362485
346.2362485
346.2362485
346.2362485
346.2362485
346.2362485
346.2362485
346.2362485
346.2362485
346.2362485
346.2362485
346.2362485
346.2362485
346.2362485
346.2362485
346.2362485
346.2362485
346.2362485
346.2362485
346.2362485
346.2362485
346.2362485
346.2362485
346.2362485
346.2362485
346.2362485
346.2362485
346.2362485
346.2362485
346.2362485
346.2362485
346.2362485
346.2362485
346.2362485
346.2362485
346.2362485
346.2362485
346.2362485
346.2362485
346.2362485
346.2362485
346.2362485
346.2362485
346.2362485
346.2362485
346.2362485
346.2362485
346.2362485
346.2362485
346.2362485
346.2362485
346.2362485
346.2362485
346.2362485
346.2362485
346.2362485
346.2362485
346.2362485
346.2362485
346.2362485
346.2362485
346.2362485
346.2362485
346.2362485
346.2362485
346.2362485
346.2362485
346.2362485
346.2362485
346.2362485
346.2362485
346.2362485
346.2362485
346.2362485
346.2362485
346.2362485
346.2362485
346.2362485
346.2362485
346.2362485
346.2362485
346.2362485
346.2362485
346.2362485
346.2362485
346.2362485
346.2362485
346.2362485
346.2362485
346.2362485
346.2362485
346.2362485
346.2362485
346.2362485
346.2362485
346.2362485
346.2362485
346.2362485
346.2362485
346.2362485
346.2362485
346.2362485
346.2362485
346.2362485
346.2362485
346.2362485
346.2362485
346.2362485
346.2362485
346.2362485
346.2362485
346.2362485
346.2362485
346.2362485
346.2362485
346.2362485
346.2362485
346.2362485
346.2362485
346.2362485
346.2362485
346.2362485
346.2362485
346.2362485
346.2362485
346.2362485
346.2362485
346.2362485
346.2362485
346.2362485
346.2362485
346.2362485
346.2362485
346.2362485
346.2362485
346.2362485
346.2362485
346.2362485
346.2362485
346.2362485
346.2362485
346.2362485
346.2362485
346.2362485
346.2362485
346.2362485
346.2362485
346.2362485
346.2362485
346.2362485
346.2362485
346.2362485
346.2362485
346.2362485
346.2362485
346.2362485
346.2362485
346.2362485
346.2362485
346.2362485
346.2362485
346.2362485
346.2362485
346.2362485
346.2362485
346.2362485
346.2362485
346.2362485
346.2362485
346.2362485
346.2362485
346.2362485
346.2362485
346.2362485
346.2362485
346.2362485
346.2362485
346.2362485
346.2362485
346.2362485
346.2362485
346.2362485
346.2362485
346.2362485
346.2362485
346.2362485
346.2362485
346.2362485
346.2362485
346.2362485
346.2362485
346.2362485
346.2362485
346.2362485
346.2362485
346.2362485
346.2362485
346.2362485
346.2362485
346.2362485
346.2362485
346.2362485
346.2362485
346.2362485
346.2362485
346.2362485
346.2362485
346.2362485
346.2362485
346.2362485
346.2362485
346.2362485
346.2362485
346.2362485
346.2362485
346.2362485
346.2362485
346.2362485
346.2362485
346.2362485
346.2362485
346.2362485
346.2362485
346.2362485
346.2362485
346.2362485
346.2362485
346.2362485
346.2362485
346.2362485
346.2362485
346.2362485
346.2362485
346.2362485
346.2362485
346.2362485
346.2362485
346.2362485
346.2362485
346.2362485
346.2362485
346.2362485
346.2362485
346.2362485
346.2362485
346.2362485
346.2362485
346.2362485
346.2362485
346.2362485
346.2362485
346.2362485
346.2362485
346.2362485
346.2362485
346.2362485
346.2362485
346.2362485
346.2362485
346.2362485
346.2362485
346.2362485
346.2362485
346.2362485
346.2362485
346.2362485
346.2362485
346.2362485
346.2362485
346.2362485
346.2362485
346.2362485
346.2362485
346.2362485
346.2362485
346.2362485
346.2362485
346.2362485
346.2362485
346.2362485
346.2362485
346.2362485
346.2362485
346.2362485
346.2362485
346.2362485
346.2362485
346.2362485
346.2362485
346.2362485
346.2362485
346.2362485
346.2362485
346.2362485
346.2362485
346.2362485
346.2362485
346.2362485
346.2362485
346.2362485
346.2362485
346.2362485
346.2362485
346.2362485
346.2362485
346.2362485
346.2362485
346.2362485
346.2362485
346.2362485
346.2362485
346.2362485
346.2362485
346.2362485
346.2362485
346.2362485
346.2362485
346.2362485
346.2362485
346.2362485
346.2362485
346.2362485
346.2362485
346.2362485
346.2362485
346.2362485
346.2362485
346.2362485
346.2362485
346.2362485
346.2362485
346.2362485
346.2362485
346.2362485
346.2362485
346.2362485
346.2362485
346.2362485
346.2362485
346.2362485
346.2362485
346.2362485
346.2362485
346.2362485
346.2362485
346.2362485
346.2362485
346.2362485
346.2362485
346.2362485
346.2362485
346.2362485
346.2362485
346.2362485
346.2362485
346.2362485
346.2362485
346.2362485
346.2362485
346.2362485
346.2362485
346.2362485
346.2362485
346.2362485
346.2362485
346.2362485
346.2362485
346.2362485
346.2362485
346.2362485
346.2362485
346.2362485
346.2362485
346.2362485
346.2362485
346.2362485
346.2362485
346.2362485
346.2362485
346.2362485
346.2362485
346.2362485
346.2362485
346.2362485
346.2362485
346.2362485
346.2362485
346.2362485
346.2362485
346.2362485
346.2362485
346.2362485
346.2362485
346.2362485
346.2362485
346.2362485
346.2362485
346.2362485
346.2362485
346.2362485
346.2362485
346.2362485
346.2362485
346.2362485
346.2362485
346.2362485
346.2362485
346.2362485
346.2362485
346.2362485
346.2362485
346.2362485
346.2362485
346.2362485
346.2362485
346.2362485
346.2362485
346.2362485
346.2362485
346.2362485
346.2362485
346.2362485
346.2362485
346.2362485
346.2362485
346.2362485
346.2362485
346.2362485
346.2362485
346.2362485
346.2362485
346.2362485
346.2362485
346.2362485
346.2362485
346.2362485
346.2362485
346.2362485
346.2362485
346.2362485
346.2362485
346.2362485
346.2362485
346.2362485
346.2362485
346.2362485
346.2362485
346.2362485
346.2362485
346.2362485
346.2362485
346.2362485
346.2362485
346.2362485
346.2362485
346.2362485
346.2362485
346.2362485
346.2362485
346.2362485
346.2362485
346.2362485
346.2362485
346.2362485
346.2362485
346.2362485
346.2362485
346.2362485
346.2362485
346.2362485
346.2362485
346.2362485
346.2362485
346.2362485
346.2362485
346.2362485
346.2362485
346.2362485
346.2362485
346.2362485
346.2362485
346.2362485
346.2362485
346.2362485
346.2362485
346.2362485
346.2362485
346.2362485
346.2362485
346.2362485
346.2362485
346.2362485
346.2362485
346.2362485
346.2362485
346.2362485
346.2362485
346.2362485
346.2362485
346.2362485
346.2362485
346.2362485
346.2362485
346.2362485
346.2362485
346.2362485
346.2362485
346.2362485
346.2362485
346.2362485
346.2362485
346.2362485
346.2362485
346.2362485
346.2362485
346.2362485
346.2362485
346.2362485
346.2362485
346.2362485
346.2362485
346.2362485
346.2362485
346.2362485
346.2362485
346.2362485
346.2362485
346.2362485
346.2362485
346.2362485
346.2362485
346.2362485
346.2362485
346.2362485
346.2362485
346.2362485
346.2362485
346.2362485
346.2362485
346.2362485
346.2362485
346.2362485
346.2362485
346.2362485
346.2362485
346.2362485
346.2362485
346.2362485
346.2362485
346.2362485
346.2362485
346.2362485
346.2362485
346.2362485
346.2362485
346.2362485
346.2362485
346.2362485
346.2362485
346.2362485
346.2362485
346.2362485
346.2362485
346.2362485
346.2362485
346.2362485
346.2362485
346.2362485
346.2362485
346.2362485
346.2362485
346.2362485
346.2362485
346.2362485
346.2362485
346.2362485
346.2362485
346.2362485
346.2362485
346.2362485
346.2362485
346.2362485
346.2362485
346.2362485
346.2362485
346.2362485
346.2362485
346.2362485
346.2362485
346.2362485
346.2362485
346.2362485
346.2362485
346.2362485
346.2362485
346.2362485
346.2362485
346.2362485
346.2362485
346.2362485
346.2362485
346.2362485
346.2362485
346.2362485
346.2362485
346.2362485
346.2362485
346.2362485
346.2362485
346.2362485
346.2362485
346.2362485
346.2362485
346.2362485
346.2362485
346.2362485
346.2362485
346.2362485
346.2362485
346.2362485
346.2362485
346.2362485
346.2362485
346.2362485
346.2362485
346.2362485
346.2362485
346.2362485
346.2362485
346.2362485
346.2362485
346.2362485
346.2362485
346.2362485
346.2362485
346.2362485
346.2362485
346.2362485
346.2362485
346.2362485
346.2362485
346.2362485
346.2362485
346.2362485
346.2362485
346.2362485
346.2362485
346.2362485
346.2362485
346.2362485
346.2362485
346.2362485
346.2362485
346.2362485
346.2362485
346.2362485
346.2362485
346.2362485
346.2362485
346.2362485
346.2362485
346.2362485
346.2362485
346.2362485
346.2362485
346.2362485
346.2362485
346.2362485
346.2362485
346.2362485
346.2362485
346.2362485
346.2362485
346.2362485
346.2362485
346.2362485
346.2362485
346.2362485
346.2362485
346.2362485
346.2362485
346.2362485
346.2362485
346.2362485
346.2362485
346.2362485
346.2362485
346.2362485
346.2362485
346.2362485
346.2362485
346.2362485
346.2362485
346.2362485
346.2362485
346.2362485
346.2362485
346.2362485
346.2362485
346.2362485
346.2362485
346.2362485
346.2362485
346.2362485
346.2362485
346.2362485
346.2362485
346.2362485
346.2362485
346.2362485
346.2362485
346.2362485
346.2362485
346.2362485
346.2362485
346.2362485
346.2362485
346.2362485
346.2362485
346.2362485
346.2362485
346.2362485
346.2362485
346.2362485
346.2362485
346.2362485
346.2362485
346.2362485
346.2362485
346.2362485
346.2362485
346.2362485
346.2362485
346.2362485
346.2362485
346.2362485
346.2362485
346.2362485
346.2362485
346.2362485
346.2362485
346.2362485
346.2362485
346.2362485
346.2362485
346.2362485
346.2362485
346.2362485
346.2362485
346.2362485
346.2362485
346.2362485
346.2362485
346.2362485
346.2362485
346.2362485
346.2362485
346.2362485
346.2362485
346.2362485
346.2362485
346.2362485
346.2362485
346.2362485
346.2362485
346.2362485
346.2362485
346.2362485
346.2362485
346.2362485
346.2362485
346.2362485
346.2362485
346.2362485
346.2362485
346.2362485
346.2362485
346.2362485
346.2362485
346.2362485
346.2362485
346.2362485
346.2362485
346.2362485
346.2362485
346.2362485
346.2362485
346.2362485
346.2362485
346.2362485
346.2362485
346.2362485
346.2362485
346.2362485
346.2362485
346.2362485
346.2362485
346.2362485
346.2362485
346.2362485
346.2362485
346.2362485
346.2362485
346.2362485
346.2362485
346.2362485
346.2362485
346.2362485
346.2362485
346.2362485
346.2362485
346.2362485
346.2362485
346.2362485
346.2362485
346.2362485
346.2362485
346.2362485
346.2362485
346.2362485
346.2362485
346.2362485
346.2362485
346.2362485
346.2362485
346.2362485
346.2362485
346.2362485
346.2362485
346.2362485
346.2362485
346.2362485
346.2362485
346.2362485
346.2362485
346.2362485
346.2362485
346.2362485
346.2362485
346.2362485
346.2362485
346.2362485
346.2362485
346.2362485
346.2362485
346.2362485
346.2362485
346.2362485
346.2362485
346.2362485
346.2362485
346.2362485
346.2362485
346.2362485
346.2362485
346.2362485
346.2362485
346.2362485
346.2362485
346.2362485
346.2362485
346.2362485
346.2362485
346.2362485
346.2362485
346.2362485
346.2362485
346.2362485
346.2362485
346.2362485
346.2362485
346.2362485
346.2362485
346.2362485
346.2362485
346.2362485
346.2362485
346.2362485
346.2362485
346.2362485
346.2362485
346.2362485
346.2362485
346.2362485
346.2362485
346.2362485
346.2362485
346.2362485
346.2362485
346.2362485
346.2362485
346.2362485
346.2362485
346.2362485
346.2362485
346.2362485
346.2362485
346.2362485
346.2362485
346.2362485
346.2362485
346.2362485
346.2362485
346.2362485
346.2362485
346.2362485
346.2362485
346.2362485
346.2362485
346.2362485
346.2362485
346.2362485
346.2362485
346.2362485
346.2362485
346.2362485
346.2362485
346.2362485
346.2362485
346.2362485
346.2362485
346.2362485
346.2362485
346.2362485
346.2362485
346.2362485
346.2362485
346.2362485
346.2362485
346.2362485
346.2362485
346.2362485
346.2362485
346.2362485
346.2362485
346.2362485
346.2362485
346.2362485
346.2362485
346.2362485
346.2362485
346.2362485
346.2362485
346.2362485
346.2362485
346.2362485
346.2362485
346.2362485
346.2362485
346.2362485
346.2362485
346.2362485
346.2362485
346.2362485
346.2362485
346.2362485
346.2362485
346.2362485
346.2362485
346.2362485
346.2362485
346.2362485
346.2362485
346.2362485
346.2362485
346.2362485
346.2362485
346.2362485
346.2362485
346.2362485
346.2362485
346.2362485
346.2362485
346.2362485
346.2362485
346.2362485
346.2362485
346.2362485
346.2362485
346.2362485
346.2362485
346.2362485
346.2362485
346.2362485
346.2362485
346.2362485
346.2362485
346.2362485
346.2362485
346.2362485
346.2362485
346.2362485
346.2362485
346.2362485
346.2362485
346.2362485
346.2362485
346.2362485
346.2362485
346.2362485
346.2362485
346.2362485
346.2362485
346.2362485
346.2362485
346.2362485
346.2362485
346.2362485
346.2362485
346.2362485
346.2362485
346.2362485
346.2362485
346.2362485
346.2362485
346.2362485
346.2362485
346.2362485
346.2362485
346.2362485
346.2362485
346.2362485
346.2362485
346.2362485
346.2362485
346.2362485
346.2362485
346.2362485
346.2362485
346.2362485
346.2362485
346.2362485
346.2362485
346.2362485
346.2362485
346.2362485
346.2362485
346.2362485
346.2362485
346.2362485
346.2362485
346.2362485
346.2362485
346.2362485
346.2362485
346.2362485
346.2362485
346.2362485
346.2362485
346.2362485
346.2362485
346.2362485
346.2362485
346.2362485
346.2362485
346.2362485
346.2362485
346.2362485
346.2362485
346.2362485
346.2362485
346.2362485
346.2362485
346.2362485
346.2362485
346.2362485
346.2362485
346.2362485
346.2362485
346.2362485
346.2362485
346.2362485
346.2362485
346.2362485
346.2362485
346.2362485
346.2362485
346.2362485
346.2362485
346.2362485
346.2362485
346.2362485
346.2362485
346.2362485
346.2362485
346.2362485
346.2362485
346.2362485
346.2362485
346.2362485
346.2362485
346.2362485
346.2362485
346.2362485
346.2362485
346.2362485
346.2362485
346.2362485
346.2362485
346.2362485
346.2362485
346.2362485
346.2362485
346.2362485
346.2362485
346.2362485
346.2362485
346.2362485
346.2362485
346.2362485
346.2362485
346.2362485
346.2362485
346.2362485
346.2362485
346.2362485
346.2362485
346.2362485
346.2362485
346.2362485
346.2362485
346.2362485
346.2362485
346.2362485
346.2362485
346.2362485
346.2362485
346.2362485
346.2362485
346.2362485
346.2362485
346.2362485
346.2362485
346.2362485
346.2362485
346.2362485
346.2362485
346.2362485
346.2362485
346.2362485
346.2362485
346.2362485
346.2362485
346.2362485
346.2362485
346.2362485
346.2362485
346.2362485
346.2362485
346.2362485
346.2362485
346.2362485
346.2362485
346.2362485
346.2362485
346.2362485
346.2362485
346.2362485
346.2362485
346.2362485
346.2362485
346.2362485
346.2362485
346.2362485
346.2362485
346.2362485
346.2362485
346.2362485
346.2362485
346.2362485
346.2362485
346.2362485
346.2362485
346.2362485
346.2362485
346.2362485
346.2362485
346.2362485
346.2362485
346.2362485
346.2362485
346.2362485
346.2362485
346.2362485
346.2362485
346.2362485
346.2362485
346.2362485
346.2362485
346.2362485
346.2362485
346.2362485
346.2362485
346.2362485
346.2362485
346.2362485
346.2362485
346.2362485
346.2362485
346.2362485
346.2362485
346.2362485
346.2362485
346.2362485
346.2362485
346.2362485
346.2362485
346.2362485
346.2362485
346.2362485
346.2362485
346.2362485
346.2362485
346.2362485
346.2362485
346.2362485
346.2362485
346.2362485
346.2362485
346.2362485
346.2362485
346.2362485
346.2362485
346.2362485
346.2362485
346.2362485
346.2362485
346.2362485
346.2362485
346.2362485
346.2362485
346.2362485
346.2362485
346.2362485
346.2362485
346.2362485
346.2362485
346.2362485
346.2362485
346.2362485
346.2362485
346.2362485
346.2362485
346.2362485
346.2362485
346.2362485
346.2362485
346.2362485
346.2362485
346.2362485
346.2362485
346.2362485
346.2362485
346.2362485
346.2362485
346.2362485
346.2362485
346.2362485
346.2362485
346.2362485
346.2362485
346.2362485
346.2362485
346.2362485
346.2362485
346.2362485
346.2362485
346.2362485
346.2362485
346.2362485
346.2362485
346.2362485
346.2362485
346.2362485
346.2362485
346.2362485
346.2362485
346.2362485
346.2362485
346.2362485
346.2362485
346.2362485
346.2362485
346.2362485
346.2362485
346.2362485
346.2362485
346.2362485
346.2362485
346.2362485
346.2362485
346.2362485
346.2362485
346.2362485
346.2362485
346.2362485
346.2362485
346.2362485
346.2362485
346.2362485
346.2362485
346.2362485
346.2362485
346.2362485
346.2362485
346.2362485
346.2362485
346.2362485
346.2362485
346.2362485
346.2362485
346.2362485
346.2362485
346.2362485
346.2362485
346.2362485
346.2362485
346.2362485
346.2362485
346.2362485
346.2362485
346.2362485
346.2362485
346.2362485
346.2362485
346.2362485
346.2362485
346.2362485
346.2362485
346.2362485
346.2362485
346.2362485
346.2362485
346.2362485
346.2362485
346.2362485
346.2362485
346.2362485
346.2362485
346.2362485
346.2362485
346.2362485
346.2362485
346.2362485
346.2362485
346.2362485
346.2362485
346.2362485
346.2362485
346.2362485
346.2362485
346.2362485
346.2362485
346.2362485
346.2362485
346.2362485
346.2362485
346.2362485
346.2362485
346.2362485
346.2362485
346.2362485
346.2362485
346.2362485
346.2362485
346.2362485
346.2362485
346.2362485
346.2362485
346.2362485
346.2362485
346.2362485
346.2362485
346.2362485
346.2362485
346.2362485
346.2362485
346.2362485
346.2362485
346.2362485
346.2362485
346.2362485
346.2362485
346.2362485
346.2362485
346.2362485
346.2362485
346.2362485
346.2362485
346.2362485
346.2362485
346.2362485
346.2362485
346.2362485
346.2362485
346.2362485
346.2362485
346.2362485
346.2362485
346.2362485
346.2362485
346.2362485
346.2362485
346.2362485
346.2362485
346.2362485
346.2362485
346.2362485
346.2362485
346.2362485
346.2362485
346.2362485
346.2362485
346.2362485
346.2362485
346.2362485
346.2362485
346.2362485
346.2362485
346.2362485
346.2362485
346.2362485
346.2362485
346.2362485
346.2362485
346.2362485
346.2362485
346.2362485
346.2362485
346.2362485
346.2362485
346.2362485
346.2362485
346.2362485
346.2362485
346.2362485
346.2362485
346.2362485
346.2362485
346.2362485
346.2362485
346.2362485
346.2362485
346.2362485
346.2362485
346.2362485
346.2362485
346.2362485
346.2362485
346.2362485
346.2362485
346.2362485
346.2362485
346.2362485
346.2362485
346.2362485
346.2362485
346.2362485
346.2362485
346.2362485
346.2362485
346.2362485
346.2362485
346.2362485
346.2362485
346.2362485
346.2362485
346.2362485
346.2362485
346.2362485
346.2362485
346.2362485
346.2362485
346.2362485
346.2362485
346.2362485
346.2362485
346.2362485
346.2362485
346.2362485
346.2362485
346.2362485
346.2362485
346.2362485
346.2362485
346.2362485
346.2362485
346.2362485
346.2362485
346.2362485
346.2362485
346.2362485
346.2362485
346.2362485
346.2362485
346.2362485
346.2362485
346.2362485
346.2362485
346.2362485
346.2362485
346.2362485
346.2362485
346.2362485
346.2362485
346.2362485
346.2362485
346.2362485
346.2362485
346.2362485
346.2362485
346.2362485
346.2362485
346.2362485
346.2362485
346.2362485
346.2362485
346.2362485
346.2362485
346.2362485
346.2362485
346.2362485
346.2362485
346.2362485
346.2362485
346.2362485
346.2362485
346.2362485
346.2362485
346.2362485
346.2362485
346.2362485
346.2362485
346.2362485
346.2362485
346.2362485
346.2362485
346.2362485
346.2362485
346.2362485
346.2362485
346.2362485
346.2362485
346.2362485
346.2362485
346.2362485
346.2362485
346.2362485
346.2362485
346.2362485
346.2362485
346.2362485
346.2362485
346.2362485
346.2362485
346.2362485
346.2362485
346.2362485
346.2362485
346.2362485
346.2362485
346.2362485
346.2362485
346.2362485
346.2362485
346.2362485
346.2362485
346.2362485
346.2362485
346.2362485
346.2362485
346.2362485
346.2362485
346.2362485
346.2362485
346.2362485
346.2362485
346.2362485
346.2362485
346.2362485
346.2362485
346.2362485
346.2362485
346.2362485
346.2362485
346.2362485
346.2362485
346.2362485
346.2362485
346.2362485
346.2362485
346.2362485
346.2362485
346.2362485
346.2362485
346.2362485
346.2362485
346.2362485
346.2362485
346.2362485
346.2362485
346.2362485
346.2362485
346.2362485
346.2362485
346.2362485
346.2362485
346.2362485
346.2362485
346.2362485
346.2362485
346.2362485
346.2362485
346.2362485
346.2362485
346.2362485
346.2362485
346.2362485
346.2362485
346.2362485
346.2362485
346.2362485
346.2362485
346.2362485
346.2362485
346.2362485
346.2362485
346.2362485
346.2362485
346.2362485
346.2362485
346.2362485
346.2362485
346.2362485
346.2362485
346.2362485
346.2362485
346.2362485
346.2362485
346.2362485
346.2362485
346.2362485
346.2362485
346.2362485
346.2362485
346.2362485
346.2362485
346.2362485
346.2362485
346.2362485
346.2362485
346.2362485
346.2362485
346.2362485
346.2362485
346.2362485
346.2362485
346.2362485
346.2362485
346.2362485
346.2362485
346.2362485
346.2362485
346.2362485
346.2362485
346.2362485
346.2362485
346.2362485
346.2362485
346.2362485
346.2362485
346.2362485
346.2362485
346.2362485
346.2362485
346.2362485
346.2362485
346.2362485
346.2362485
346.2362485
346.2362485
346.2362485
346.2362485
346.2362485
346.2362485
346.2362485
346.2362485
346.2362485
346.2362485
346.2362485
346.2362485
346.2362485
346.2362485
346.2362485
346.2362485
346.2362485
346.2362485
346.2362485
346.2362485
346.2362485
346.2362485
346.2362485
346.2362485
346.2362485
346.2362485
346.2362485
346.2362485
346.2362485
346.2362485
346.2362485
346.2362485
346.2362485
346.2362485
346.2362485
346.2362485
346.2362485
346.2362485
346.2362485
346.2362485
346.2362485
346.2362485
346.2362485
346.2362485
346.2362485
346.2362485
346.2362485
346.2362485
346.2362485
346.2362485
346.2362485
346.2362485
346.2362485
346.2362485
346.2362485
346.2362485
346.2362485
346.2362485
346.2362485
346.2362485
346.2362485
346.2362485
346.2362485
346.2362485
346.2362485
346.2362485
346.2362485
346.2362485
346.2362485
346.2362485
346.2362485
346.2362485
346.2362485
346.2362485
346.2362485
346.2362485
346.2362485
346.2362485
346.2362485
346.2362485
346.2362485
346.2362485
346.2362485
346.2362485
346.2362485
346.2362485
346.2362485
346.2362485
346.2362485
346.2362485
346.2362485
346.2362485
346.2362485
346.2362485
346.2362485
346.2362485
346.2362485
346.2362485
346.2362485
346.2362485
346.2362485
346.2362485
346.2362485
346.2362485
346.2362485
)
;

boundaryField
{
    side1
    {
        type            calculated;
        value           uniform 1471.301724;
    }
    side2
    {
        type            calculated;
        value           uniform 346.2362485;
    }
    empty1
    {
        type            empty;
    }
    empty2
    {
        type            empty;
    }
}


// ************************************************************************* //
