/*--------------------------------*- C++ -*----------------------------------*\
| =========                 |                                                 |
| \\      /  F ield         | OpenFOAM: The Open Source CFD Toolbox           |
|  \\    /   O peration     | Version:  2312                                  |
|   \\  /    A nd           | Website:  www.openfoam.com                      |
|    \\/     M anipulation  |                                                 |
\*---------------------------------------------------------------------------*/
FoamFile
{
    version     2.0;
    format      ascii;
    arch        "LSB;label=32;scalar=64";
    class       volScalarField;
    location    "0.003";
    object      p;
}
// * * * * * * * * * * * * * * * * * * * * * * * * * * * * * * * * * * * * * //

dimensions      [1 -1 -2 0 0 0 0];

internalField   nonuniform List<scalar> 
8000
(
99998.71611
99997.75317
99997.50481
99997.57114
99997.5903
99997.58426
99997.58138
99997.58029
99997.57903
99997.57735
99997.57582
99997.57471
99997.57415
99997.57453
99997.57648
99997.58036
99997.58594
99997.59283
99997.60075
99997.60881
99997.61618
99997.62237
99997.62688
99997.62965
99997.63071
99997.63029
99997.62856
99997.62577
99997.62225
99997.61862
99997.61541
99997.61219
99997.60903
99997.60639
99997.60454
99997.60294
99997.60134
99997.60044
99997.59966
99997.59902
99997.59835
99997.59755
99997.5972
99997.59679
99997.59661
99997.59649
99997.59651
99997.59656
99997.59657
99997.59649
99997.59628
99997.59614
99997.59594
99997.59594
99997.59616
99997.59618
99997.59594
99997.59587
99997.59596
99997.59591
99997.59603
99997.59615
99997.59615
99997.59627
99997.59635
99997.59645
99997.59646
99997.59651
99997.59659
99997.59662
99997.59678
99997.59663
99997.59666
99997.59672
99997.59664
99997.59666
99997.59667
99997.59657
99997.59662
99997.59653
99997.59631
99997.59617
99997.59627
99997.59617
99997.59592
99997.59606
99997.5962
99997.5962
99997.59633
99997.59622
99997.5962
99997.59624
99997.59604
99997.59595
99997.59598
99997.59602
99997.59605
99997.59625
99997.59635
99997.59638
99997.59637
99997.59643
99997.59653
99997.59643
99997.59623
99997.59621
99997.59631
99997.5963
99997.59618
99997.59642
99997.59629
99997.59606
99997.59597
99997.59594
99997.596
99997.59618
99997.59598
99997.59591
99997.59589
99997.59552
99997.59545
99997.59539
99997.59519
99997.59509
99997.59489
99997.59471
99997.59453
99997.59431
99997.59433
99997.59388
99997.59378
99997.59356
99997.59332
99997.59293
99997.59252
99997.59227
99997.59197
99997.59174
99997.59143
99997.59115
99997.59057
99997.59002
99997.58947
99997.5887
99997.58811
99997.58736
99997.58639
99997.58539
99997.58454
99997.58359
99997.58245
99997.58109
99997.57979
99997.57826
99997.57658
99997.5747
99997.57286
99997.57094
99997.56875
99997.56648
99997.56437
99997.56165
99997.55875
99997.55564
99997.55217
99997.54854
99997.5447
99997.54073
99997.53663
99997.53209
99997.52767
99997.52254
99997.51699
99997.51123
99997.50534
99997.49926
99997.49295
99997.48653
99997.47989
99997.47305
99997.46637
99997.45967
99997.45287
99997.44588
99997.43907
99997.43239
99997.4259
99997.41963
99997.41386
99997.40847
99997.4038
99997.39984
99997.39626
99997.39338
99997.39119
99997.38978
99997.38923
99997.38972
99997.39107
99997.39326
99997.39646
99997.40077
99997.40587
99997.41191
99997.41886
99997.42651
99997.43543
99997.44502
99997.45527
99997.4658
99997.47713
99997.48863
99997.50043
99997.51221
99997.52406
99997.53577
99997.54733
99997.5589
99997.57
99997.58069
99997.59051
99997.6001
99997.60878
99997.61674
99997.62381
99997.62996
99997.63536
99997.63984
99997.64336
99997.64631
99997.64833
99997.64944
99997.64986
99997.64956
99997.64863
99997.64701
99997.64468
99997.64187
99997.63834
99997.6345
99997.63025
99997.62577
99997.62101
99997.61638
99997.61145
99997.60665
99997.60155
99997.59668
99997.59174
99997.58714
99997.58269
99997.57857
99997.57472
99997.5709
99997.56735
99997.56387
99997.5609
99997.55829
99997.55576
99997.55338
99997.55125
99997.54928
99997.54759
99997.54594
99997.54448
99997.5431
99997.54175
99997.54009
99997.53867
99997.53706
99997.53543
99997.53376
99997.53194
99997.52979
99997.52731
99997.52449
99997.5212
99997.5174
99997.51316
99997.50846
99997.50317
99997.49717
99997.49088
99997.48413
99997.47645
99997.46781
99997.45862
99997.44854
99997.43758
99997.42588
99997.41287
99997.39896
99997.38386
99997.36754
99997.3498
99997.33063
99997.31024
99997.28816
99997.26447
99997.23853
99997.21085
99997.18116
99997.14923
99997.115
99997.07845
99997.03909
99996.99673
99996.95116
99996.902
99996.84945
99996.79331
99996.7331
99996.66832
99996.59919
99996.5252
99996.44626
99996.36228
99996.27229
99996.1763
99996.07391
99995.9648
99995.84862
99995.72466
99995.59258
99995.45253
99995.30378
99995.14548
99994.9774
99994.79911
99994.6096
99994.40886
99994.19647
99993.97094
99993.73227
99993.47946
99993.21163
99992.92817
99992.62855
99992.3116
99991.97622
99991.62181
99991.24721
99990.85126
99990.43313
99989.99161
99989.52537
99989.03297
99988.51326
99987.96505
99987.38631
99986.77576
99986.13189
99985.45268
99984.73664
99983.98131
99983.18535
99982.34803
99981.46507
99980.53512
99979.55468
99978.52371
99977.43684
99976.29448
99975.09104
99973.82455
99972.4929
99971.09318
99969.61953
99968.07164
99966.4447
99964.73496
99962.93856
99961.0508
99959.06868
99956.98872
99954.80324
99952.51129
99950.10591
99947.58202
99944.93518
99942.15952
99939.24949
99936.19917
99933.00277
99929.65368
99926.14542
99922.47142
99918.62445
99914.59744
99910.38301
99905.97286
99901.35912
99896.53367
99891.48774
99886.2128
99880.69982
99874.93865
99868.91653
99862.62246
99856.0565
99849.20268
99842.05091
99834.58112
99826.79345
99818.66616
99810.18679
99801.34597
99792.13131
99782.52623
99772.51764
99762.09146
99751.23928
99739.93864
99728.17084
99715.91677
99703.16706
99689.91687
99676.1196
99661.7768
99646.86117
99631.35139
99615.2422
99598.50959
99581.12138
99563.07194
99544.3284
99524.8592
99504.67281
99483.72726
99461.98107
99439.43928
99416.07847
99391.84934
99366.73156
99340.70819
99313.75833
99285.82927
99256.93558
99227.00539
99196.03152
99164.00042
99130.84311
99096.53315
99061.07246
99024.42862
98986.51844
98947.37348
98906.93603
98865.1455
98822.00087
98777.44752
98731.47043
98684.04608
98635.0811
98584.58611
98532.51935
98478.80437
98423.47708
98366.47183
98307.71301
98247.18559
98184.84928
98120.70362
98054.63802
97986.65538
97916.77828
97844.81281
97770.7773
97694.7659
97616.58808
97536.22266
97453.68531
97368.92996
97281.80224
97192.37922
97100.64161
97006.39886
96909.74126
96810.67199
96709.00414
96604.80028
96497.97859
96388.50287
96276.38707
96161.45915
96043.75815
95923.33724
95800.09494
95673.84449
95544.76206
95412.71202
95277.6871
95139.72137
94998.61464
94854.43944
94707.16208
94556.71873
94403.10106
94246.24964
94086.181
93922.88366
93756.22264
93586.30052
93413.0768
93236.52317
93056.55376
92873.18022
92686.34968
92496.12082
92302.47499
92105.30699
91904.70792
91700.69545
91493.20649
91282.14013
91067.61329
90849.60315
90628.08043
90403.07333
90174.57928
89942.51587
89707.01618
89468.13159
89225.77039
88979.92719
88730.79025
88478.12964
88222.10424
87962.83395
87700.15081
87434.14363
87164.90821
86892.45577
86616.7975
86338.01752
86056.20128
85771.23785
85483.33989
85192.45686
84898.64546
84602.01668
84302.70674
84000.57249
83695.79463
83388.52284
83078.77327
82766.54471
82451.98761
82135.1847
81816.21408
81495.14592
81172.11024
80847.17528
80520.4423
80192.02472
79862.02252
79530.54675
79197.70662
78863.60929
78528.36773
78192.14863
77855.0627
77517.21037
77178.71366
76839.73827
76500.39786
76160.85055
75821.22804
75481.71563
75142.41207
74803.52387
74465.19894
74127.60753
73790.90428
73455.25599
73120.83464
72787.81162
72456.36261
72126.66626
71798.91955
71473.2671
71149.82355
70828.92689
70510.694
70195.30023
69883.04685
69574.10744
69268.56594
68966.62297
68668.53242
68374.49449
68084.70289
67799.25144
67518.47377
67242.62361
66971.88633
66706.56185
66446.52003
66192.22115
65943.88587
65701.43101
65465.53649
65236.06731
65013.53519
64797.93697
64589.53256
64388.52264
64195.11653
64009.64949
63831.95036
63662.6498
63501.79207
63349.7461
63206.3416
63072.12855
62947.17029
62831.58994
62725.66966
62629.83174
62544.02676
62468.6534
62403.46376
62349.01448
62305.26305
62272.33448
62250.54156
62239.7949
62240.35402
62251.36869
62273.78826
62308.29019
62354.86991
62413.16767
62483.72601
62566.85393
62662.47597
62770.72724
62892.04785
63026.24385
63173.531
63334.05025
63507.90389
63695.3662
63896.48301
64111.20417
64339.27212
64581.52675
64837.63616
65107.64594
65391.65542
65689.92511
66002.44258
66329.03964
66669.54773
67024.23217
67393.29316
67776.84095
68174.25373
68585.99961
69011.99899
69451.89255
69906.27657
70374.41491
70856.761
71353.40516
71863.4607
72387.47964
72925.18038
73476.50819
74041.49661
74619.73739
75211.38662
75816.14624
76433.40684
77063.74363
77706.98028
78362.26164
79029.89775
79709.83
80401.57271
81104.72628
81819.08819
82544.92478
83281.74933
84029.14068
84787.04451
85555.06457
86332.8068
87120.08929
87916.51979
88722.02611
89536.41704
90358.98791
91189.43346
92027.66915
92873.23546
93725.5362
94584.47006
95449.73162
96320.90067
97197.57593
98079.28472
98965.67652
99856.22258
100750.764
101648.8778
102549.9048
103453.6587
104359.6727
105267.5317
106176.7806
107086.7904
107997.4511
108908.2138
109818.4873
110728.0738
111636.3548
112542.8529
113447.0763
114348.6971
115247.3015
116142.334
117033.3876
117920.1045
118802.0181
119678.7487
120549.8489
121414.6794
122272.9096
123124.1783
123968.198
124804.4915
125632.5429
126452.1007
127262.7328
128063.9109
128855.6111
129637.2758
130408.6293
131169.1453
131918.3341
132656.426
133382.5541
134096.7538
134798.4497
135487.7691
136164.6037
136827.7961
137477.3941
138113.7633
138736.0111
139344.2171
139938.0218
140517.4028
141082.0098
141631.8602
142167.1252
142686.9063
143191.024
143680.2095
144153.8206
144611.3329
145053.2345
145479.513
145890.0745
146284.7361
146663.5982
147026.8145
147373.5271
147704.2192
148019.5762
148319.2713
148602.9199
148871.1062
149123.2024
149359.7525
149580.8365
149786.766
149977.184
150152.7199
150313.5356
150459.4711
150590.6715
150707.3611
150809.8212
150898.1459
150972.4171
151033.0511
151080.4167
151114.618
151135.9617
151145.0394
151142.4533
151128.4766
151102.5679
151064.7703
151015.9183
150956.2628
150885.6156
150804.204
150712.8409
150611.5526
150500.9028
150381.0987
150251.8852
150114.2975
149968.2799
149814.1269
149652.3772
149483.4327
149307.4278
149124.4375
148935.0575
148739.7548
148538.6925
148332.0992
148120.6967
147904.3511
147683.4831
147458.7894
147230.1524
146997.916
146762.6282
146524.5743
146283.9011
146041.0206
145796.3564
145550.049
145302.3078
145053.6365
144804.2586
144554.4425
144304.4752
144054.5128
143804.9707
143556.0887
143308.0724
143061.1592
142815.6695
142571.7873
142329.7167
142089.6185
141851.7609
141616.3751
141383.5812
141153.6767
140926.7009
140702.8404
140482.2543
140265.0597
140051.551
139841.7271
139635.6013
139433.4863
139235.3832
139041.3255
138851.5287
138665.9743
138484.7168
138307.7992
138135.4499
137967.5578
137804.0981
137645.1
137490.6336
137340.6885
137195.4163
137054.6078
136918.3517
136786.605
136659.2571
136536.4313
136417.8626
136303.615
136193.6646
136087.8855
135986.2979
135888.6629
135795.0549
135705.325
135619.3202
135537.1043
135458.3751
135383.04
135311.0072
135242.2326
135176.5095
135113.7549
135053.9098
134996.6758
134942.0498
134889.8358
134839.9304
134792.1863
134746.3558
134702.3671
134660.0706
134619.2493
134579.8299
134541.6808
134504.5302
134468.2363
134432.6736
134397.7255
134363.1937
134328.8171
134294.5537
134260.2499
134225.7225
134190.8104
134155.3579
134119.1812
134082.1741
134044.146
134004.9863
133964.5237
133922.6142
133879.1116
133833.8094
133786.6359
133737.4517
133686.0856
133632.4479
133576.3854
133517.7158
133456.3757
133392.2491
133325.2284
133255.1618
133181.8904
133105.312
133025.3839
132942.0104
132855.0319
132764.4016
132669.9711
132571.8504
132469.6995
132363.5717
132253.2989
132138.9292
132020.326
131897.4447
131770.2273
131638.685
131502.652
131362.0871
131217.0666
131067.5698
130913.4841
130754.7786
130591.4965
130423.517
130250.9435
130073.6048
129891.6409
129705.0594
129513.7753
129317.8199
129117.1953
128911.9188
128702.1745
128487.7177
128268.8097
128045.2979
127817.2961
127584.8628
127347.991
127106.7729
126861.2708
126611.439
126357.4411
126099.3695
125837.2138
125571.0246
125300.749
125026.6589
124748.7659
124467.1311
124181.803
123892.9596
123600.6706
123304.9023
123005.8002
122703.479
122397.9622
122089.4566
121777.9624
121463.5599
121146.4683
120826.6133
120504.2423
120179.3386
119852.0822
119522.6301
119190.9041
118857.1558
118521.406
118183.8251
117844.4993
117503.5583
117160.9418
116816.9416
116471.6629
116125.1337
115777.4662
115428.7774
115079.1775
114728.7898
114377.6938
114026.0143
113673.7975
113321.2122
112968.3405
112615.2944
112262.1724
111909.0249
111556.0179
111203.2344
110850.7845
110498.7628
110147.262
109796.376
109446.2048
109096.8462
108748.3522
108400.8324
108054.4349
107709.2038
107365.2059
107022.4975
106681.2485
106341.5329
106003.3673
105666.8253
105332.0134
104999.0184
104667.9207
104338.8015
104011.6829
103686.6237
103363.7224
103043.0811
102724.7453
102408.6918
102095.0715
101783.9963
101475.3754
101169.3283
100865.9715
100565.2791
100267.3265
99972.16586
99679.85358
99390.4789
99103.93562
98820.37512
98539.85466
98262.33688
97987.977
97716.80529
97448.70718
97183.78369
96922.12448
96663.77599
96408.7432
96156.99623
95908.5342
95663.57797
95421.94805
95183.72141
94949.00969
94717.64329
94489.8358
94265.51462
94044.74383
93827.51178
93613.78365
93403.62247
93197.00034
92994.01187
92794.6191
92598.63573
92406.52779
92217.93829
92032.89232
91851.47363
91673.65981
91499.50199
91328.97352
91162.06965
90998.71059
90838.96227
90682.7776
90530.22321
90381.28678
90235.90166
90094.09862
89955.80684
89821.05824
89689.85891
89562.1493
89437.96015
89317.23508
89199.97475
89086.22381
88975.7966
88868.7433
88765.18189
88664.9987
88568.02656
88474.38003
88384.14553
88297.12512
88213.42085
88132.90882
88055.50865
87981.2757
87910.15481
87842.14744
87777.25306
87715.41645
87656.47313
87600.44989
87547.45241
87497.35561
87450.01888
87405.53887
87363.82257
87324.86304
87288.66562
87255.09047
87224.06327
87195.64578
87169.79156
87146.47835
87125.53891
87106.98894
87090.79336
87076.95501
87065.39259
87056.01661
87048.81908
87043.73664
87040.68535
87039.57456
87040.41797
87043.11047
87047.5957
87053.87167
87061.99001
87071.77864
87083.20089
87096.25074
87110.88074
87127.05565
87144.67994
87163.72587
87184.16654
87205.9384
87229.01988
87253.31535
87278.7401
87305.30803
87332.9556
87361.57246
87391.13623
87421.60533
87452.92075
87485.04124
87517.92053
87551.48064
87585.66854
87620.45191
87655.76254
87691.541
87727.76488
87764.3441
87801.25275
87838.43249
87875.81904
87913.3614
87951.00298
87988.71892
88026.4378
88064.10183
88101.66715
88139.08279
88176.30167
88213.27079
88249.94375
88286.27302
88322.21955
88357.72721
88392.75182
88427.25463
88461.18028
88494.49407
88527.15594
88559.11058
88590.32479
88620.78011
88650.38914
88679.14997
88707.04357
88734.01729
88759.98537
88784.99134
88808.97438
88831.90205
88853.70863
88874.39432
88893.96124
88912.35568
88929.54249
88945.49596
88960.21388
88973.62427
88985.72278
88996.54419
89005.99832
89014.13108
89020.86714
89026.22957
89030.19443
89032.74779
89033.91007
89033.67367
89031.98791
89028.95941
89024.48158
89018.46504
89011.02615
89002.12638
88991.77312
88979.94806
88966.63801
88951.79514
88935.51773
88917.71658
88898.39928
88877.58035
88855.31654
88831.5382
88806.28146
88779.56782
88751.40125
88721.77161
88690.66008
88658.15426
88624.2327
88588.84461
88552.07507
88513.90527
88474.34376
88433.41039
88391.13257
88347.52187
88302.60799
88256.40678
88208.92183
88160.1731
88110.1744
88058.94079
88006.52646
87952.97018
87898.23988
87842.36308
87785.39636
87727.35833
87668.24862
87608.11799
87546.98713
87484.86886
87421.81731
87357.82047
87292.90596
87227.14227
87160.54367
87093.10876
87024.921
86955.96636
86886.28277
86815.91434
86744.87403
86673.21822
86600.93053
86528.06393
86454.65026
86380.72119
86306.30858
86231.44162
86156.14142
86080.45609
86004.40331
85928.00945
85851.31542
85774.35483
85697.14415
85619.71335
85542.10264
85464.3328
85386.43599
85308.44593
85230.38742
85152.30034
85074.19498
84996.12015
84918.08652
84840.14237
84762.30521
84684.60109
84607.063
84529.71588
84452.58332
84375.70128
84299.09051
84222.77007
84146.77331
84071.1286
83995.85076
83920.97252
83846.52029
83772.50167
83698.95299
83625.89898
83553.34457
83481.33627
83409.88188
83338.99736
83268.70722
83199.03329
83130.01532
83061.64566
82993.93598
82926.90547
82860.58461
82794.99791
82730.18243
82666.10685
82602.80659
82540.3026
82478.62638
82417.74266
82357.70402
82298.51502
82240.21246
82182.788
82126.24342
82070.58788
82015.84414
81962.03416
81909.14489
81857.22334
81806.28068
81756.29354
81707.27373
81659.2028
81612.15468
81566.11678
81521.10219
81477.1076
81434.11426
81392.12429
81351.20142
81311.31736
81272.50634
81234.76329
81198.03032
81162.35775
81127.75909
81094.22845
81061.81129
81030.46542
81000.18462
80970.96764
80942.85038
80915.82808
80889.88015
80865.0325
80841.27259
80818.60194
80797.00277
80776.5178
80757.0972
80738.74509
80721.50121
80705.37051
80690.32276
80676.28703
80663.36925
80651.53307
80640.74645
80631.03581
80622.39102
80614.81144
80608.30195
80602.84361
80598.43283
80595.05843
80592.71356
80591.37931
80591.0471
80591.6593
80593.2888
80595.91329
80599.51304
80604.09027
80609.62771
80616.12206
80623.66246
80632.16748
80641.57709
80651.95452
80663.27341
80675.52772
80688.74688
80702.88635
80717.90828
80733.8659
80750.72298
80768.46455
80787.08796
80806.57151
80826.93584
80848.16784
80870.25487
80893.18376
80916.94477
80941.50132
80966.901
80993.10872
81020.11386
81047.88725
81076.4469
81105.76852
81135.83539
81166.64789
81198.17911
81230.46319
81263.45596
81297.14044
81331.52256
81366.57887
81402.29071
81438.67385
81475.70747
81513.37693
81551.67315
81590.58886
81630.09914
81670.19961
81710.8829
81752.12946
81793.95303
81836.32241
81879.20454
81922.62056
81966.56652
82011.01333
82055.93525
82101.34141
82147.22651
82193.57331
82240.35258
82287.57406
82335.215
82383.28334
82431.75118
82480.61309
82529.86243
82579.48594
82629.4684
82679.80399
82730.48114
82781.49071
82832.8086
82884.45791
82936.39887
82988.62397
83041.12423
83093.89765
83146.94966
83200.24871
83253.77629
83307.53929
83361.5323
83415.73577
83470.14217
83524.74546
83579.55084
83634.5309
83689.67998
83744.99313
83800.46173
83856.07753
83911.82883
83967.72238
84023.74313
84079.87906
84136.12258
84192.46439
84248.90689
84305.44203
84362.05622
84418.75479
84475.52079
84532.34822
84589.23858
84646.18041
84703.17163
84760.2097
84817.28185
84874.3865
84931.52108
84988.68106
85045.85957
85103.05006
85160.25217
85217.46426
85274.67729
85331.89195
85389.10259
85446.30849
85503.50473
85560.68862
85617.85751
85675.00942
85732.1417
85789.25296
85846.34253
85903.4083
85960.44772
86017.46029
86074.44506
86131.40108
86188.32765
86245.2248
86302.09295
86358.93157
86415.74069
86472.51976
86529.2689
86585.99011
86642.68397
86699.35129
86755.99268
86812.60967
86869.20359
86925.77598
86982.32862
87038.86269
87095.38097
87151.88554
87208.37845
87264.86158
87321.33857
87377.81131
87434.28342
87490.7563
87547.23422
87603.71941
87660.21553
87716.72545
87773.25321
87829.80177
87886.37457
87942.97635
87999.61013
88056.27934
88112.98894
88169.74148
88226.54238
88283.39612
88340.30699
88397.27996
88454.31636
88511.42337
88568.60668
88625.86821
88683.21181
88740.64719
88798.17519
88855.80061
88913.5311
88971.37127
89029.32312
89087.39614
89145.58905
89203.90996
89262.36795
89320.96151
89379.69763
89438.58686
89497.62738
89556.83024
89616.1984
89675.73444
89735.44199
89795.33156
89855.40732
89915.67052
89976.13239
90036.79122
90097.65601
90158.73118
90220.02297
90281.53091
90343.26162
90405.22531
90467.42208
90529.85752
90592.5358
90655.46145
90718.63848
90782.07155
90845.76498
90909.72262
90973.94825
91038.44622
91103.22004
91168.2735
91233.60968
91299.23208
91365.14438
91431.34979
91497.85113
91564.65134
91631.75304
91699.15945
91766.87231
91834.89462
91903.22828
91971.87557
92040.83826
92110.11802
92179.71673
92249.63588
92319.87633
92390.43949
92461.32674
92532.53814
92604.07458
92675.93681
92748.12487
92820.63885
92893.47859
92966.64387
93040.1341
93113.95214
93188.09433
93262.55262
93337.33442
93412.44107
93487.86512
93563.60567
93639.66177
93716.03135
93792.71216
93869.7016
93946.99722
94024.5962
94102.4957
94180.69248
94259.18297
94337.96419
94417.03241
94496.38352
94576.01375
94655.91901
94736.09506
94816.5371
94897.2408
94978.20131
95059.41387
95140.87298
95222.5738
95304.51082
95386.67858
95469.07141
95551.68358
95634.50917
95717.54228
95800.77677
95884.20625
95967.82467
96051.6252
96135.60153
96219.74659
96304.05395
96388.51702
96473.12836
96557.88113
96642.76849
96727.78329
96812.91801
96898.16565
96983.51899
97068.97028
97154.51241
97240.13801
97325.83935
97411.60896
97497.43952
97583.32315
97669.25237
97755.21998
97841.21816
97927.2393
98013.27587
98099.32018
98185.36446
98271.40018
98357.4201
98443.41618
98529.38074
98615.30665
98701.18628
98787.01179
98872.77647
98958.47282
99044.09349
99129.63161
99215.08022
99300.43249
99385.68159
99470.82074
99555.84301
99640.7424
99725.51226
99810.14627
99894.63814
99978.98141
100063.1699
100147.1979
100231.0595
100314.7487
100398.2605
100481.5887
100564.7276
100647.6725
100730.4184
100812.9601
100895.2917
100977.4093
101059.3076
101140.9818
101222.4268
101303.6384
101384.6137
101465.3474
101545.8329
101626.0697
101706.0527
101785.7778
101865.2404
101944.437
102023.3676
102102.0286
102180.4048
102258.5043
102336.3295
102413.8653
102491.1108
102568.06
102644.7161
102721.0902
102797.1512
102872.9031
102948.357
103023.5034
103098.3398
103172.864
103247.0786
103320.9751
103394.5458
103467.7984
103540.7287
103613.3344
103685.6133
103757.5635
103829.1827
103900.4696
103971.4225
104042.0399
104112.3202
104182.2617
104251.863
104321.122
104390.0382
104458.6099
104526.836
104594.7148
104662.2453
104729.4261
104796.2563
104862.7347
104928.8602
104994.6315
105060.0481
105125.1082
105189.8115
105254.1569
105318.1435
105381.7706
105445.0371
105507.9425
105570.4861
105632.6668
105694.4842
105755.938
105817.0274
105877.7517
105938.1104
105998.1032
106057.7298
106116.9894
106175.8822
106234.4078
106292.5655
106350.3557
106407.7782
106464.8328
106521.5194
106577.838
106633.7889
106689.3726
106744.5886
106799.4375
106853.92
106908.036
106961.786
107015.1704
107068.1903
107120.846
107173.1385
107225.0687
107276.637
107327.8446
107378.6925
107429.1819
107479.3139
107529.0898
107578.5109
107627.5786
107676.2946
107724.6603
107772.6775
107820.3475
107867.6725
107914.6544
107961.2954
108007.5975
108053.5627
108099.1926
108144.4898
108189.4579
108234.0993
108278.4127
108322.4061
108366.0917
108409.4483
108452.4866
108495.2144
108537.6351
108579.7523
108621.5688
108663.0867
108704.3094
108745.2403
108785.8829
108826.2405
108866.3165
108906.1144
108945.638
108984.8906
109023.8764
109062.5989
109101.0622
109139.2697
109177.2253
109214.9332
109252.397
109289.6215
109326.612
109363.367
109399.8942
109436.1976
109472.2814
109508.1498
109543.8064
109579.2551
109614.5001
109649.5447
109684.3931
109719.0494
109753.5174
109787.801
109821.9035
109855.8289
109889.5811
109923.1633
109956.5792
109989.8325
110022.9262
110055.8638
110088.6486
110121.2836
110153.7719
110186.1166
110218.3204
110250.386
110282.3161
110314.1128
110345.7787
110377.3159
110408.7269
110440.0134
110471.1773
110502.2201
110533.1432
110563.9482
110594.6362
110625.2081
110655.6649
110686.0073
110716.2358
110746.3505
110776.3517
110806.2394
110836.0136
110865.6736
110895.2188
110924.6485
110953.9616
110983.1569
111012.2331
111041.1887
111070.0215
111098.7297
111127.3112
111155.7635
111184.084
111212.2701
111240.3187
111268.2265
111295.9901
111323.6057
111351.0695
111378.378
111405.5265
111432.5107
111459.326
111485.9676
111512.4306
111538.71
111564.8006
111590.6969
111616.3931
111641.8838
111667.1627
111692.2238
111717.061
111741.6677
111766.0376
111790.1643
111814.0411
111837.6613
111861.0174
111884.103
111906.9106
111929.4334
111951.6638
111973.5949
111995.2195
112016.5301
112037.5194
112058.18
112078.5042
112098.4849
112118.1148
112137.3864
112156.2923
112174.8253
112192.9782
112210.7439
112228.1151
112245.085
112261.6469
112277.7937
112293.5192
112308.8163
112323.6792
112338.1013
112352.0767
112365.5993
112378.6636
112391.2641
112403.3953
112415.0526
112426.2307
112436.925
112447.1316
112456.8461
112466.0648
112474.7838
112483.0004
112490.7117
112497.9147
112504.6048
112510.7849
112516.4633
112521.6113
112526.2376
112530.3479
112533.9442
112537.0203
112539.5806
112541.6256
112543.1575
112544.1812
112544.7077
112544.7599
112544.3469
112543.4367
112542.012
112540.1288
112537.7651
112534.8876
112531.5411
112527.712
112523.4063
112518.6347
112513.3975
112507.7007
112501.5489
112494.9483
112487.9052
112480.4263
112472.5188
112464.1907
112455.45
112446.305
112436.7642
112426.8365
112416.5308
112405.8563
112394.8229
112383.4403
112371.7186
112359.6683
112347.2996
112334.6234
112321.6502
112308.3912
112294.8573
112281.0606
112267.0121
112252.7235
112238.2063
112223.4723
112208.5335
112193.4014
112178.0882
112162.606
112146.9659
112131.1787
112115.2575
112099.2146
112083.061
112066.8083
112050.4674
112034.0513
112017.57
112001.0359
111984.4589
111967.8503
111951.2242
111934.5886
111917.9507
111901.3266
111884.7204
111868.1473
111851.6156
111835.135
111818.7127
111802.3592
111786.0824
111769.8903
111753.7905
111737.7902
111721.8964
111706.1159
111690.4545
111674.9183
111659.5127
111644.2429
111629.1137
111614.1293
111599.2933
111584.6099
111570.0822
111555.7129
111541.5049
111527.4601
111513.5802
111499.8664
111486.32
111472.9412
111459.7306
111446.6879
111433.8128
111421.1039
111408.5601
111396.1801
111383.962
111371.9036
111360.002
111348.2542
111336.6571
111325.2071
111313.9003
111302.7323
111291.6991
111280.7953
111270.016
111259.356
111248.8098
111238.3717
111228.0354
111217.7947
111207.6435
111197.5744
111187.5808
111177.6559
111167.792
111157.9818
111148.2179
111138.4924
111128.7973
111119.125
111109.4669
111099.8154
111090.1627
111080.5011
111070.8222
111061.1179
111051.3803
111041.6003
111031.7697
111021.8802
111011.923
111001.8898
110991.7719
110981.5603
110971.2471
110960.8236
110950.2813
110939.6117
110928.806
110917.8562
110906.7542
110895.4919
110884.0589
110872.4496
110860.6583
110848.6724
110836.4862
110824.0927
110811.4826
110798.6494
110785.5876
110772.2881
110758.7462
110744.952
110730.8999
110716.5864
110702.0046
110687.1447
110672.0042
110656.5762
110640.8556
110624.8372
110608.516
110591.8872
110574.9458
110557.6877
110540.1088
110522.2048
110503.9721
110485.4071
110466.5065
110447.2674
110427.6868
110407.7619
110387.4906
110366.8708
110345.901
110324.575
110302.8936
110280.864
110258.4754
110235.7312
110212.6292
110189.1676
110165.3492
110141.1728
110116.6392
110091.7489
110066.5027
110040.9018
110014.9474
109988.6413
109961.9854
109934.9782
109907.6258
109879.9356
109851.8988
109823.5242
109794.8155
109765.774
109736.4038
109706.7082
109676.6915
109646.3573
109615.7097
109584.7532
109553.4923
109521.9319
109490.0768
109457.9317
109425.5022
109392.793
109359.8098
109326.5582
109293.044
109259.2731
109225.2514
109190.9849
109156.4803
109121.7436
109086.7815
109051.6006
109016.2069
108980.6076
108944.8094
108908.8191
108872.6437
108836.2902
108799.7658
108763.0771
108726.2314
108689.2362
108652.0984
108614.8252
108577.4241
108539.902
108502.2666
108464.5247
108426.6835
108388.75
108350.7318
108312.636
108274.4693
108236.2392
108197.9524
108159.616
108121.2367
108082.8215
108044.3772
108005.91
107967.4266
107928.9339
107890.4379
107851.946
107813.4644
107774.9992
107736.5566
107698.1421
107659.7618
107621.4212
107583.1256
107544.8801
107506.69
107468.56
107430.4951
107392.4994
107354.578
107316.7345
107278.973
107241.2976
107203.7115
107166.2184
107128.8218
107091.525
107054.3306
107017.2413
106980.2596
106943.3874
106906.6262
106869.9799
106833.4513
106797.0399
106760.7474
106724.5748
106688.5237
106652.5948
106616.7891
106581.1069
106545.5486
106510.1138
106474.8004
106439.6133
106404.5517
106369.6158
106334.8022
106300.1087
106265.5357
106231.0826
106196.7483
106162.5313
106128.4304
106094.4439
106060.5701
106026.8071
105993.153
105959.6058
105926.1632
105892.8225
105859.5818
105826.4388
105793.3899
105760.4324
105727.566
105694.7866
105662.0915
105629.4764
105596.9396
105564.478
105532.0881
105499.7671
105467.5117
105435.3187
105403.1853
105371.1082
105339.0836
105307.1085
105275.1808
105243.2968
105211.4527
105179.6443
105147.8713
105116.1289
105084.4132
105052.722
105021.0522
104989.4009
104957.765
104926.1414
104894.5275
104862.9202
104831.3172
104799.7153
104768.1125
104736.5062
104704.8942
104673.274
104641.6431
104609.9994
104578.341
104546.6659
104514.9715
104483.2562
104451.5181
104419.7558
104387.9674
104356.1514
104324.3061
104292.4301
104260.5226
104228.5817
104196.607
104164.5971
104132.5513
104100.4687
104068.3489
104036.1916
104003.9956
103971.761
103939.4872
103907.1745
103874.8229
103842.4319
103810.0021
103777.534
103745.0274
103712.4831
103679.9015
103647.2836
103614.63
103581.9414
103549.219
103516.4638
103483.6767
103450.8591
103418.0125
103385.1383
103352.2379
103319.3127
103286.3643
103253.395
103220.4062
103187.3998
103154.3776
103121.3415
103088.2941
103055.2368
103022.1724
102989.1029
102956.0304
102922.9576
102889.8873
102856.8218
102823.7635
102790.715
102757.679
102724.6578
102691.6545
102658.6714
102625.7114
102592.7769
102559.8707
102526.9955
102494.1538
102461.3483
102428.5821
102395.8563
102363.176
102330.5417
102297.9568
102265.4251
102232.9481
102200.5276
102168.1674
102135.8686
102103.6342
102071.4669
102039.369
102007.3423
101975.3895
101943.5125
101911.7136
101879.995
101848.3588
101816.8065
101785.3404
101753.962
101722.6735
101691.4765
101660.3726
101629.3632
101598.4501
101567.6345
101536.9179
101506.3014
101475.7864
101445.3741
101415.0654
101384.861
101354.7622
101324.7699
101294.8847
101265.1068
101235.4372
101205.8764
101176.4247
101147.0825
101117.8503
101088.7278
101059.7152
101030.8127
101002.02
100973.337
100944.7635
100916.2994
100887.944
100859.6972
100831.5577
100803.5258
100775.6003
100747.7807
100720.0663
100692.4562
100664.9491
100637.544
100610.2401
100583.0365
100555.9318
100528.9247
100502.0139
100475.1979
100448.4753
100421.8449
100395.3051
100368.8546
100342.4915
100316.2142
100290.0214
100263.9109
100237.8814
100211.9306
100186.0554
100160.2575
100134.5342
100108.8817
100083.2987
100057.7834
100032.3338
100006.9484
99981.62506
99956.36186
99931.15673
99906.00771
99880.91269
99855.86991
99830.87718
99805.9326
99781.0344
99756.1805
99731.36874
99706.59722
99681.86405
99657.16706
99632.50458
99607.87482
99583.27539
99558.70528
99534.16176
99509.64295
99485.14777
99460.67394
99436.22015
99411.78434
99387.36467
99362.96003
99338.56822
99314.1879
99289.81771
99265.45619
99241.10132
99216.75148
99192.40598
99168.06412
99143.72278
99119.38186
99095.04003
99070.69608
99046.34909
99021.99779
98997.64093
98973.27801
98948.90781
98924.52939
98900.14195
98875.74475
98851.33693
98826.91792
98802.48666
98778.0429
98753.58601
98729.11552
98704.63091
98680.13166
98655.61739
98631.08758
98606.54246
98581.98161
98557.4047
98532.81172
98508.2028
98483.57793
98458.937
98434.28028
98409.60766
98384.9192
98360.21575
98335.49775
98310.76504
98286.0181
98261.25743
98236.4835
98211.6971
98186.89848
98162.08854
98137.26805
98112.43765
98087.59832
98062.75072
98037.89579
98013.03434
97988.16792
97963.2971
97938.42285
97913.54641
97888.669
97863.79187
97838.91632
97814.04405
97789.176
97764.31355
97739.45819
97714.61114
97689.77405
97664.94808
97640.13515
97615.33678
97590.55434
97565.78941
97541.04381
97516.31874
97491.6163
97466.93799
97442.2857
97417.66076
97393.06493
97368.50017
97343.96764
97319.46955
97295.00753
97270.58314
97246.19799
97221.85423
97197.55351
97173.29739
97149.0876
97124.92585
97100.81429
97076.75404
97052.74701
97028.79518
97004.89996
96981.06288
96957.28579
96933.57026
96909.91824
96886.33098
96862.81026
96839.35757
96815.97441
96792.66228
96769.42288
96746.25813
96723.16904
96700.15734
96677.22377
96654.37003
96631.59742
96608.90761
96586.30198
96563.7816
96541.34758
96519.00134
96496.7438
96474.57633
96452.49993
96430.51569
96408.62476
96386.82794
96365.12691
96343.52229
96322.01486
96300.60513
96279.2946
96258.08367
96236.97353
96215.96445
96195.05762
96174.25348
96153.55255
96132.95556
96112.46326
96092.07599
96071.79435
96051.61873
96031.54953
96011.58731
95991.73239
95971.98505
95952.34575
95932.81505
95913.39276
95894.07871
95874.874
95855.77831
95836.79163
95817.91418
95799.14628
95780.48757
95761.93832
95743.49832
95725.16732
95706.94597
95688.83372
95670.8305
95652.93606
95635.15012
95617.4722
95599.90272
95582.44084
95565.08632
95547.83969
95530.69986
95513.66365
95496.73627
95479.91425
95463.19678
95446.58158
95430.07245
95413.66996
95397.36976
95381.17066
95365.07306
95349.07653
95333.18031
95317.38431
95301.68733
95286.08863
95270.58799
95255.18349
95239.87243
95224.65945
95209.54157
95194.51552
95179.58184
95164.73975
95149.98836
95135.32609
95120.75214
95106.26514
95091.86472
95077.54959
95063.3185
95049.17002
95035.10329
95021.11694
95007.20953
94993.38029
94979.62785
94965.95074
94952.34739
94938.81695
94925.35773
94911.96847
94898.6476
94885.39393
94872.2055
94859.0813
94846.01979
94833.01922
94820.07787
94807.19477
94794.36794
94781.59613
94768.87757
94756.21047
94743.59343
94731.02467
94718.50289
94706.02609
94693.59254
94681.20088
94668.84941
94656.53655
94644.26023
94632.01932
94619.81198
94607.63636
94595.49113
94583.37421
94571.28449
94559.22019
94547.17985
94535.16156
94523.16376
94511.18513
94499.22407
94487.27914
94475.3489
94463.43169
94451.52627
94439.63104
94427.74484
94415.86607
94403.9937
94392.12634
94380.26251
94368.40114
94356.54142
94344.68192
94332.82187
94320.96009
94309.09588
94297.22805
94285.35587
94273.4786
94261.59533
94249.70521
94237.80773
94225.90224
94213.98805
94202.06455
94190.13145
94178.18779
94166.2333
94154.26809
94142.29189
94130.30395
94118.30455
94106.29355
94094.27089
94082.23627
94070.19
94058.1322
94046.06284
94033.98228
94021.89082
94009.78903
93997.67677
93985.55512
93973.42431
93961.28461
93949.13712
93936.9824
93924.82102
93912.65367
93900.48148
93888.30501
93876.12568
93863.9439
93851.76085
93839.57777
93827.39583
93815.21626
93803.03988
93790.86838
93778.70306
93766.54503
93754.39549
93742.25631
93730.12832
93718.01329
93705.91259
93693.82759
93681.76017
93669.71149
93657.68324
93645.67641
93633.693
93621.7345
93609.80262
93597.89854
93586.02416
93574.18096
93562.37042
93550.59417
93538.85402
93527.15127
93515.48745
93503.86432
93492.28306
93480.74522
93469.25241
93457.80671
93446.4089
93435.06065
93423.76332
93412.51839
93401.32718
93390.19137
93379.11197
93368.09046
93357.12823
93346.2265
93335.38679
93324.61024
93313.89798
93303.25124
93292.67131
93282.15886
93271.71518
93261.34189
93251.03948
93240.80925
93230.65199
93220.56899
93210.5609
93200.62881
93190.77361
93180.9964
93171.29769
93161.67838
93152.1389
93142.68029
93133.30347
93124.00853
93114.79674
93105.66855
93096.62467
93087.66578
93078.79228
93070.00436
93061.30272
93052.68815
93044.16069
93035.72132
93027.36999
93019.10704
93010.93336
93002.84881
92994.85353
92986.94811
92979.13296
92971.40793
92963.77323
92956.22922
92948.77635
92941.41421
92934.14316
92926.96375
92919.87525
92912.87818
92905.97239
92899.15794
92892.43482
92885.80273
92879.26162
92872.81179
92866.45297
92860.18499
92854.00736
92847.92
92841.92278
92836.01558
92830.19782
92824.46923
92818.82976
92813.27898
92807.81656
92802.44161
92797.1537
92791.95254
92786.83773
92781.80884
92776.86513
92772.00565
92767.22973
92762.53719
92757.92753
92753.39954
92748.95269
92744.58663
92740.29985
92736.09222
92731.96256
92727.90992
92723.93356
92720.03164
92716.20316
92712.45035
92708.77144
92705.16245
92701.62399
92698.15514
92694.75486
92691.42208
92688.15584
92684.95547
92681.8198
92678.74759
92675.738
92672.78953
92669.9023
92667.07426
92664.30461
92661.59255
92658.93717
92656.33737
92653.79201
92651.30021
92648.86149
92646.47495
92644.13947
92641.85443
92639.61866
92637.43199
92635.29333
92633.20207
92631.15783
92629.15963
92627.20712
92625.29953
92623.4367
92621.6182
92619.8437
92618.11271
92616.42509
92614.78065
92613.17883
92611.61999
92610.10412
92608.63091
92607.2004
92605.81271
92604.46792
92603.16638
92601.90815
92600.69377
92599.52346
92598.3974
92597.31585
92596.27948
92595.28901
92594.3449
92593.44764
92592.59793
92591.79631
92591.0435
92590.34004
92589.68673
92589.08435
92588.53363
92588.03597
92587.59143
92587.20142
92586.86661
92586.58772
92586.36559
92586.20116
92586.09479
92586.04563
92586.05249
92586.11547
92586.23887
92586.42364
92586.67083
92586.98149
92587.35693
92587.79792
92588.30572
92588.88081
92589.52422
92590.23708
92591.02074
92591.87558
92592.80237
92593.80208
92594.87549
92596.02331
92597.24647
92598.54568
92599.92157
92601.37503
92602.90684
92604.51711
92606.20681
92607.97669
92609.82707
92611.75848
92613.77147
92615.86671
92618.04432
92620.30483
92622.6489
92625.07698
92627.58907
92630.18576
92632.86773
92635.63456
92638.48687
92641.42479
92644.4486
92647.55897
92650.75534
92654.03827
92657.40738
92660.86317
92664.40576
92668.0353
92671.75173
92675.55477
92679.44469
92683.42122
92687.48464
92691.63463
92695.87108
92700.19405
92704.6029
92709.09762
92713.67816
92718.34446
92723.09625
92727.93322
92732.85484
92737.8609
92742.9512
92748.12589
92753.38382
92758.72484
92764.14882
92769.65546
92775.24407
92780.914
92786.66528
92792.49717
92798.40924
92804.40155
92810.47312
92816.62327
92822.85173
92829.15817
92835.54177
92842.00177
92848.53823
92855.15057
92861.83792
92868.59998
92875.43643
92882.3461
92889.32867
92896.38395
92903.51112
92910.70962
92917.97887
92925.31871
92932.72842
92940.2078
92947.75589
92955.37226
92963.05668
92970.80857
92978.62724
92986.51234
92994.4643
93002.48035
93010.56062
93018.7074
93026.91805
93035.19321
93043.53173
93051.93344
93060.39813
93068.92521
93077.51454
93086.16617
93094.87972
93103.65519
93112.49172
93121.38932
93130.34811
93139.3678
93148.44803
93157.58867
93166.78966
93176.05136
93185.37338
93194.75562
93204.19822
93213.70106
93223.26412
93232.88742
93242.57123
93252.31547
93262.12048
93271.98617
93281.91261
93291.90021
93301.94923
93312.05952
93322.23114
93332.4648
93342.76063
93353.11877
93363.53945
93374.02303
93384.57003
93395.18067
93405.85509
93416.59382
93427.39718
93438.26563
93449.19944
93460.19895
93471.26515
93482.39787
93493.59762
93504.86537
93516.2013
93527.60563
93539.07898
93550.62159
93562.23427
93573.9177
93585.67213
93597.4982
93609.39579
93621.36594
93633.40907
93645.52584
93657.7166
93669.98237
93682.323
93694.73918
93707.23141
93719.80027
93732.44634
93745.17032
93757.97223
93770.85249
93783.81171
93796.85074
93809.96987
93823.16953
93836.44992
93849.81159
93863.25487
93876.78053
93890.38867
93904.07963
93917.8541
93931.71217
93945.65425
93959.68059
93973.79164
93987.98737
94002.26827
94016.63449
94031.08677
94045.62452
94060.24815
94074.95788
94089.75408
94104.63678
94119.60597
94134.6619
94149.80473
94165.03424
94180.35073
94195.75394
94211.24392
94226.82041
94242.48336
94258.23288
94274.06889
94289.99109
94305.99942
94322.09365
94338.27341
94354.5387
94370.88933
94387.32452
94403.84414
94420.4481
94437.13601
94453.90758
94470.76199
94487.69938
94504.71909
94521.82047
94539.00328
94556.26758
94573.61223
94591.03671
94608.54115
94626.12457
94643.78648
94661.52637
94679.34436
94697.2389
94715.20995
94733.25671
94751.37889
94769.57591
94787.84713
94806.19235
94824.61015
94843.10085
94861.66343
94880.29795
94899.00304
94917.77864
94936.62407
94955.53864
94974.52217
94993.57414
95012.69384
95031.88074
95051.13459
95070.45486
95089.84099
95109.29234
95128.8085
95148.3891
95168.03326
95187.74089
95207.5115
95227.3446
95247.24017
95267.19735
95287.21596
95307.29557
95327.43555
95347.63552
95367.89535
95388.2148
95408.59333
95429.03065
95449.5267
95470.08069
95490.69254
95511.36207
95532.08875
95552.87251
95573.71345
95594.6108
95615.56448
95636.57471
95657.64088
95678.76279
95699.9405
95721.17402
95742.46299
95763.80749
95785.20737
95806.66237
95828.17289
95849.73835
95871.35907
95893.03479
95914.76573
95936.55213
95958.39393
95980.29113
96002.24369
96024.252
96046.31566
96068.43485
96090.60981
96112.84044
96135.12713
96157.46964
96179.86806
96202.32288
96224.83417
96247.40166
96270.02556
96292.7062
96315.44338
96338.23775
96361.08909
96383.99724
96406.96225
96429.98435
96453.06363
96476.19971
96499.39308
96522.64376
96545.95141
96569.31628
96592.73816
96616.21713
96639.75275
96663.3454
96686.99483
96710.70063
96734.46269
96758.28075
96782.15483
96806.08472
96830.06989
96854.1101
96878.20539
96902.35499
96926.55877
96950.81646
96975.12777
96999.4919
97023.90842
97048.37715
97072.89694
97097.4679
97122.08927
97146.76072
97171.48115
97196.25013
97221.06672
97245.93092
97270.8416
97295.79804
97320.79912
97345.84428
97370.93316
97396.06433
97421.23709
97446.45068
97471.70408
97496.99627
97522.32628
97547.69323
97573.09613
97598.53394
97624.00556
97649.51001
97675.04632
97700.61305
97726.20922
97751.83399
97777.48599
97803.16404
97828.86704
97854.59386
97880.3432
97906.11386
97931.90458
97957.71456
97983.54249
98009.38721
98035.24697
98061.12101
98087.00818
98112.90721
98138.81709
98164.73591
98190.66316
98216.59787
98242.53825
98268.48368
98294.43273
98320.38413
98346.33688
98372.28995
98398.24226
98424.1928
98450.14041
98476.08384
98502.0226
98527.95527
98553.88112
98579.79913
98605.70854
98631.60835
98657.49782
98683.37623
98709.24269
98735.09689
98760.93777
98786.76523
98812.57839
98838.37666
98864.15959
98889.92648
98915.67719
98941.41143
98967.12878
98992.8289
99018.5112
99044.17597
99069.82248
99095.45111
99121.06164
99146.65415
99172.22844
99197.78448
99223.32295
99248.8436
99274.34638
99299.83158
99325.29981
99350.75132
99376.18641
99401.60542
99427.00858
99452.39626
99477.76944
99503.12855
99528.47455
99553.80741
99579.12799
99604.43743
99629.73578
99655.02444
99680.30377
99705.57461
99730.83799
99756.09498
99781.3463
99806.59277
99831.83544
99857.07539
99882.31347
99907.55067
99932.78783
99958.02617
99983.26665
100008.5104
100033.7583
100059.0114
100084.2706
100109.5372
100134.8123
100160.0971
100185.3921
100210.6989
100236.0181
100261.3507
100286.6977
100312.0604
100337.4395
100362.8358
100388.2505
100413.684
100439.1373
100464.6111
100490.1058
100515.6225
100541.1616
100566.7239
100592.3093
100617.9183
100643.5515
100669.2091
100694.8911
100720.5974
100746.328
100772.0828
100797.8613
100823.6638
100849.4894
100875.3377
100901.2078
100927.0988
100953.0099
100978.9402
101004.8886
101030.8534
101056.8335
101082.8274
101108.8329
101134.8487
101160.8724
101186.9019
101212.9353
101238.9699
101265.0028
101291.0317
101317.0533
101343.0648
101369.063
101395.0447
101421.0068
101446.9456
101472.8575
101498.7392
101524.5871
101550.3973
101576.1661
101601.8896
101627.564
101653.1854
101678.7501
101704.2539
101729.6934
101755.0643
101780.3627
101805.5852
101830.7276
101855.7863
101880.7581
101905.639
101930.4258
101955.1149
101979.7032
102004.188
102028.5661
102052.8345
102076.9906
102101.032
102124.9564
102148.7613
102172.445
102196.0057
102219.4416
102242.7512
102265.933
102288.9862
102311.9096
102334.7027
102357.3644
102379.8947
102402.2932
102424.5597
102446.6947
102468.698
102490.5701
102512.3113
102533.9223
102555.4043
102576.7579
102597.9837
102619.0835
102640.0579
102660.9083
102681.6363
102702.2433
102722.7304
102743.0994
102763.3518
102783.4892
102803.5131
102823.4253
102843.2276
102862.9212
102882.5085
102901.9906
102921.3693
102940.6459
102959.8222
102978.8998
102997.8804
103016.7652
103035.5558
103054.2535
103072.8596
103091.3756
103109.8029
103128.1426
103146.3962
103164.5646
103182.6493
103200.6511
103218.5711
103236.4103
103254.1698
103271.8505
103289.4537
103306.98
103324.4302
103341.8053
103359.1065
103376.3344
103393.4903
103410.5744
103427.5878
103444.5312
103461.4056
103478.2122
103494.9516
103511.6248
103528.2329
103544.7766
103561.2568
103577.6751
103594.0323
103610.3293
103626.5674
103642.7478
103658.8718
103674.9407
103690.9559
103706.9186
103722.8302
103738.6922
103754.5064
103770.2743
103785.9974
103801.6777
103817.3162
103832.9153
103848.4764
103864.0014
103879.4919
103894.9503
103910.3776
103925.7762
103941.148
103956.4945
103971.8181
103987.12
104002.4025
104017.6666
104032.9146
104048.1475
104063.3673
104078.5748
104093.7719
104108.9595
104124.1389
104139.3106
104154.4754
104169.6338
104184.7863
104199.9334
104215.0749
104230.2104
104245.34
104260.4625
104275.5774
104290.6836
104305.7797
104320.8638
104335.9343
104350.989
104366.0256
104381.0417
104396.0345
104411.0008
104425.9377
104440.8416
104455.7092
104470.5372
104485.3216
104500.0588
104514.7453
104529.3771
104543.9506
104558.4623
104572.9085
104587.2856
104601.5908
104615.8208
104629.9729
104644.0447
104658.0336
104671.9378
104685.7557
104699.4857
104713.1265
104726.6774
104740.1381
104753.508
104766.7869
104779.9754
104793.074
104806.0834
104819.0043
104831.8378
104844.5843
104857.2454
104869.8222
104882.3156
104894.7265
104907.0557
104919.3043
104931.4723
104943.5603
104955.5684
104967.4963
104979.3436
104991.1103
105002.7953
105014.3972
105025.9146
105037.3458
105048.689
105059.9418
105071.1018
105082.1664
105093.133
105103.9984
105114.7595
105125.4129
105135.9553
105146.3837
105156.6948
105166.885
105176.9513
105186.8904
105196.6989
105206.3739
105215.913
105225.3134
105234.5724
105243.6881
105252.6581
105261.4812
105270.1557
105278.6804
105287.0544
105295.2771
105303.348
105311.2672
105319.0349
105326.6517
105334.1181
105341.4353
105348.6041
105355.6262
105362.5034
105369.2375
105375.8304
105382.2839
105388.6008
105394.7829
105400.833
105406.7537
105412.5471
105418.2157
105423.7623
105429.1894
105434.4993
105439.6945
105444.7777
105449.7508
105454.6164
105459.3765
105464.033
105468.5884
105473.0442
105477.4026
105481.6651
105485.8338
105489.9099
105493.8952
105497.7911
105501.5993
105505.321
105508.9578
105512.5108
105515.9816
105519.3717
105522.6825
105525.915
105529.0714
105532.1534
105535.1622
105538.0994
105540.967
105543.7671
105546.5012
105549.1712
105551.7796
105554.3285
105556.8198
105559.2558
105561.6384
105563.97
105566.2528
105568.489
105570.6804
105572.8293
105574.9377
105577.0076
105579.041
105581.0396
105583.0054
105584.94
105586.8447
105588.7214
105590.5716
105592.3967
105594.1981
105595.9772
105597.7354
105599.4743
105601.1947
105602.8983
105604.5861
105606.2594
105607.9198
105609.5687
105611.2076
105612.8374
105614.4601
105616.0773
105617.69
105619.2998
105620.9087
105622.5183
105624.13
105625.7456
105627.3664
105628.9943
105630.6315
105632.2792
105633.9394
105635.6135
105637.3036
105639.0111
105640.7375
105642.4841
105644.2526
105646.0442
105647.8599
105649.7008
105651.5683
105653.4628
105655.3852
105657.3367
105659.3171
105661.3274
105663.3677
105665.4384
105667.5397
105669.6713
105671.834
105674.0275
105676.2517
105678.5062
105680.7911
105683.106
105685.4507
105687.8243
105690.2261
105692.6552
105695.1102
105697.5899
105700.0926
105702.6167
105705.1599
105707.7197
105710.2932
105712.878
105715.4702
105718.0664
105720.6624
105723.2534
105725.8351
105728.402
105730.9485
105733.4692
105735.9577
105738.4074
105740.8118
105743.1638
105745.4567
105747.6842
105749.8348
105751.9019
105753.882
105755.768
105757.554
105759.2352
105760.809
105762.2727
105763.625
105764.8654
105765.9935
105767.009
105767.9109
105768.6965
105769.3616
105769.8999
105770.3035
105770.564
105770.6754
105770.6321
105770.4263
105770.0403
105769.4677
105768.704
105767.7446
105766.5863
105765.2252
105763.6545
105761.8633
105759.8364
105757.5536
105754.992
105752.1293
105748.9482
105745.4422
105741.6207
105737.5137
105733.1756
105728.6843
105724.142
105719.6731
105715.396
105711.4144
105707.8024
105704.586
105701.7349
105699.1345
105696.6073
105693.8971
105690.593
105686.4006
105681.2765
105675.4368
105669.3358
105663.5189
105658.2467
105653.1887
105647.5158
105640.41
105631.7884
105622.6751
105614.3138
105606.3737
105596.717
105583.1109
105566.468
105554.3744
105552.3474
105554.8016
105554.7572
105547.0475
105536.6499
105520.5709
105505.3301
105489.7277
105472.7635
105455.5795
105438.2743
105418.0514
105387.4168
105334.2921
105241.6837
105091.2253
104879.5112
104647.1911
104452.237
104367.7926
103848.3467
102657.1121
100703.9781
102209.624
101506.8511
100931.4358
100524.9619
100404.3915
100285.698
100178.7969
100107.1375
100064.6488
100038.4506
100013.3706
99989.34147
99964.73289
99938.96824
99906.71172
99844.56229
99915.19371
100022.7252
99958.48429
99938.01849
99930.88945
99925.70913
99921.65181
99917.86243
99913.96242
99909.69579
99905.32301
99901.70957
99898.83453
99896.33719
99894.2318
99892.54758
99891.18479
99890.0008
99888.87297
99887.72217
99886.47329
99885.05307
99883.41216
99881.53557
99879.54639
99877.62881
99875.83084
99874.12685
99872.47301
99870.81789
99869.14723
99867.43451
99865.6131
99863.64552
99861.50992
99859.17575
99856.65529
99853.96787
99851.26778
99848.76871
99846.52739
99844.55873
99842.8487
99841.36264
99840.05387
99838.87229
99837.77147
99836.71352
99835.67169
99834.63199
99833.58564
99832.52215
99831.43307
99830.31487
99829.1691
99828.00041
99826.81296
99825.60723
99824.37788
99823.11372
99821.79948
99820.41888
99818.95834
99817.41032
99815.77567
99814.06035
99812.33441
99810.70828
99809.21481
99807.86609
99806.66127
99805.58954
99804.63347
99803.77202
99802.98327
99802.24638
99801.543
99800.85808
99800.18054
99799.50415
99798.8249
99798.13711
99797.43428
99796.71037
99795.96049
99795.181
99794.36931
99793.52354
99792.64243
99791.72545
99790.773
99789.78477
99788.77275
99787.79665
99786.89608
99786.09319
99785.40346
99784.83517
99784.38959
99784.06162
99783.84061
99783.71137
99783.65386
99783.64139
99783.65434
99783.70164
99783.7896
99783.91611
99784.07275
99784.22633
99784.34617
99784.42891
99784.47676
99784.49634
99784.49903
99784.48983
99784.46328
99784.41632
99784.35601
99784.31244
99784.29567
99784.29585
99784.31563
99784.36986
99784.47278
99784.63871
99784.88097
99785.21129
99785.63926
99786.17149
99786.8111
99787.55723
99788.40483
99789.34467
99790.36367
99791.44538
99792.57305
99793.70815
99794.80342
99795.8515
99796.85283
99797.81148
99798.73447
99799.63088
99800.51068
99801.38299
99802.25387
99803.12729
99804.0098
99804.91052
99805.84041
99806.81152
99807.83637
99808.92727
99810.09566
99811.35147
99812.70257
99814.15427
99815.70886
99817.36541
99819.11964
99820.96403
99822.88799
99824.8784
99826.92027
99828.99848
99831.08646
99833.14852
99835.17992
99837.18275
99839.16135
99841.12163
99843.07023
99845.01336
99846.95532
99848.89874
99850.84787
99852.80875
99854.78868
99856.79571
99858.83824
99860.92456
99863.06237
99865.25843
99867.51815
99869.84525
99872.24158
99874.7069
99877.23892
99879.83333
99882.48409
99885.18373
99887.92384
99890.69561
99893.49044
99896.30059
99899.11977
99901.94355
99904.7697
99907.59816
99910.43085
99913.27135
99916.12436
99918.99535
99921.89017
99924.81476
99927.77495
99930.77616
99933.82317
99936.91981
99940.06871
99943.27102
99946.5262
99949.83192
99953.18398
99956.57644
99960.00176
99963.45167
99966.91343
99970.36255
99973.79162
99977.20188
99980.59654
99983.98013
99987.3576
99990.7331
99994.10891
99997.4879
100000.8747
100004.2751
100007.6963
100011.1459
100014.632
100018.1627
100021.7457
100025.388
100029.0953
100032.8721
100036.7209
100040.6422
100044.6346
100048.6943
100052.8156
100056.9908
100061.2106
100065.4646
100069.7424
100074.0247
100078.2884
100082.5308
100086.753
100090.9571
100095.146
100099.3235
100103.493
100107.6581
100111.8215
100115.9846
100120.1488
100124.3159
100128.4882
100132.6678
100136.8567
100141.0561
100145.2666
100149.4877
100153.7181
100157.9466
100162.1595
100166.3516
100170.5193
100174.6605
100178.7745
100182.8623
100186.9257
100190.968
100194.993
100199.0048
100203.0078
100207.0059
100211.0024
100214.9987
100218.9966
100222.9983
100227.0067
100231.0248
100235.0551
100239.0998
100243.16
100247.236
100251.3269
100255.4315
100259.5398
100263.6316
100267.6978
100271.7325
100275.7312
100279.6908
100283.6093
100287.486
100291.321
100295.1151
100298.8693
100302.5846
100306.2616
100309.9005
100313.5006
100317.0601
100320.5767
100324.047
100327.4669
100330.8318
100334.1369
100337.3771
100340.548
100343.6453
100346.6656
100349.6065
100352.4663
100355.2445
100357.9416
100360.5585
100363.097
100365.5593
100367.9473
100370.263
100372.5079
100374.6827
100376.7872
100378.8204
100380.7799
100382.6625
100384.464
100386.1792
100387.8024
100389.3274
100390.7477
100392.0569
100393.2488
100394.3179
100395.259
100396.0683
100396.743
100397.2817
100397.6857
100397.9603
100398.1172
100398.1785
100398.1848
100398.1467
100398.0379
100397.837
100397.5297
100397.1066
100396.562
100395.893
100395.0984
100394.1785
100393.1343
100391.9677
100390.6805
100389.2747
100387.7522
100386.1143
100384.3618
100382.4952
100380.514
100378.4173
100376.2037
100373.8711
100371.4172
100368.8392
100366.1346
100363.3007
100360.3351
100357.2356
100354.0006
100350.6292
100347.1207
100343.4753
100339.6937
100335.7772
100331.7275
100327.5467
100323.2372
100318.8015
100314.2421
100309.5618
100304.7629
100299.8478
100294.8187
100289.6775
100284.426
100279.066
100273.599
100268.0267
100262.3508
100256.5731
100250.6954
100244.72
100238.649
100232.4849
100226.2304
100219.888
100213.4605
100206.9504
100200.3604
100193.6926
100186.9492
100180.1318
100173.2419
100166.2806
100159.2489
100152.1474
100144.9767
100137.7373
100130.4299
100123.0556
100115.6156
100108.1118
100100.5466
100092.9229
100085.2447
100077.5163
100069.7428
100061.9296
100054.0829
100046.209
100038.3141
100030.4043
100022.4855
100014.5679
100006.6586
99998.75759
99990.86463
99982.9793
99975.10139
99967.23097
99959.36854
99951.5151
99943.67226
99935.84221
99928.02773
99920.23217
99912.45935
99904.7135
99896.99911
99889.32089
99881.68362
99874.09204
99866.55084
99859.06451
99851.63739
99844.27355
99836.97685
99829.75092
99822.59915
99815.52476
99808.53076
99801.62
99794.79516
99788.05875
99781.41307
99774.86021
99768.40201
99762.03999
99755.77533
99749.60879
99743.54073
99737.57101
99731.69901
99725.92366
99720.24339
99714.65624
99709.15987
99703.75167
99698.42882
99693.18839
99688.02744
99682.94315
99677.93283
99672.99409
99668.12483
99663.32331
99658.58818
99653.91844
99649.31344
99644.77281
99640.29641
99635.88424
99631.53634
99627.25271
99623.03319
99618.87744
99614.78478
99610.75423
99606.78445
99602.87374
99599.0201
99595.22129
99591.47488
99587.77839
99584.12942
99580.52572
99576.96539
99573.44695
99569.96944
99566.53254
99563.13659
99559.78264
99556.47243
99553.20842
99549.99368
99546.83185
99543.72704
99540.68376
99537.70683
99534.80123
99531.97209
99529.22458
99526.56387
99523.99506
99521.52323
99519.15339
99516.89048
99514.73946
99512.70529
99510.79298
99509.00765
99507.35449
99505.83888
99504.46625
99503.24211
99502.17188
99501.2606
99500.5124
99499.92955
99499.51083
99499.24832
99499.12136
99499.08951
99499.11184
99499.21264
99499.42702
99499.78027
99500.29145
99500.97538
99501.84388
99502.90673
99504.17223
99505.64757
99507.33908
99509.25234
99511.39224
99513.76305
99516.36841
99519.21133
99522.29418
99525.61868
99529.18593
99532.99639
99537.04993
99541.34585
99545.88291
99550.65943
99555.67332
99560.92215
99566.40326
99572.11378
99578.05075
99584.21116
99590.59202
99597.1904
99604.00351
99611.02868
99618.26339
99625.70531
99633.35222
99641.2021
99649.25298
99657.50303
99665.95041
99674.59334
99683.42998
99692.45843
99701.67669
99711.08261
99720.67391
99730.44813
99740.4026
99750.53447
99760.84068
99771.31794
99781.96276
99792.77145
99803.74006
99814.86445
99826.14021
99837.56272
99849.12708
99860.82809
99872.66028
99884.61787
99896.69473
99908.88442
99921.18015
99933.57478
99946.06086
99958.63065
99971.27615
99983.98915
99996.76128
100009.5841
100022.4493
100035.3485
100048.2737
100061.2174
100074.1717
100087.1211
100100.0573
100112.9797
100125.8882
100138.7836
100151.667
100164.5401
100177.4047
100190.263
100203.1173
100215.9696
100228.8212
100241.673
100254.5263
100267.3825
100280.2435
100293.1114
100305.9884
100318.8768
100331.7787
100344.6962
100357.631
100370.5845
100383.5576
100396.5509
100409.5642
100422.5968
100435.6474
100448.7139
100461.7944
100474.8793
100487.9468
100500.9859
100513.9873
100526.9419
100539.841
100552.6762
100565.4396
100578.1241
100590.7234
100603.2322
100615.646
100627.9616
100640.1767
100652.2902
100664.3021
100676.2135
100688.0264
100699.7436
100711.369
100722.9068
100734.3615
100745.7382
100757.0415
100768.2759
100779.4451
100790.5518
100801.5974
100812.5817
100823.5023
100834.3546
100845.1313
100855.8219
100866.4129
100876.887
100887.2235
100897.3974
100907.3798
100917.1377
100926.634
100935.827
100944.6713
100953.1174
100961.1116
100968.5972
100975.514
100981.7996
100987.3907
100992.2247
100996.2443
100999.4041
101001.6819
101003.1018
101003.7697
101003.9202
101003.7645
101003.143
101001.8513
100999.7345
100996.667
100992.5428
100987.2694
100980.7625
100972.9436
100963.7383
100953.0746
100940.8827
100927.0941
100911.642
100894.4604
100875.4849
100854.6516
100831.8982
100807.1632
100780.3861
100751.5076
100720.4694
100687.2144
100651.6864
100613.8307
100573.5935
100530.9227
100485.7676
100438.0795
100387.8123
100334.9223
100279.3695
100221.1181
100160.1373
100096.4025
100029.8969
99960.61216
99888.55074
99813.72726
99736.17051
99655.92563
99573.05619
99487.64638
99399.80406
99309.66448
99217.39183
99123.17925
99027.25538
98929.88786
98831.28001
98732.23193
98634.51118
98538.97463
98446.29551
98357.125
98272.08183
98191.73946
98116.6148
98047.1594
97983.75251
97926.69613
97876.21253
97832.44526
97795.45855
97765.23114
97741.64265
97724.45053
97713.22209
97707.20829
97705.18529
97705.30429
97707.7222
97713.67026
97723.95537
97739.07361
97759.28508
97784.67864
97815.224
97850.8038
97891.23968
97936.31112
97985.76954
98039.34889
98096.77348
98157.7638
98222.0407
98289.32837
98359.35639
98431.86096
98506.58557
98583.28118
98661.7061
98741.62558
98822.81091
98905.03972
98988.09416
99071.7811
99155.78666
99239.3676
99322.14365
99403.89843
99484.41174
99563.46077
99640.82073
99716.26613
99789.57151
99860.51186
99928.86409
99994.40875
100056.932
100116.2279
100172.1007
100224.3676
100272.8625
100317.4388
100357.9724
100394.3649
100426.5464
100454.4793
100478.1632
100497.6384
100512.992
100524.3758
100532.0405
100536.3981
100538.1124
100538.3038
100537.3132
100534.4775
100529.2785
100521.4291
100510.8093
100497.4299
100481.4033
100462.9212
100442.2376
100419.655
100395.5096
100370.1583
100343.931
100317.5142
100291.8781
100267.2689
100243.8111
100221.5959
100200.6853
100181.1156
100162.9
100146.0321
100130.4885
100116.2322
100103.2148
100091.3794
100080.6629
100070.9977
100062.3138
100054.5403
100047.6064
100041.4428
100035.9821
100031.16
100026.9151
100023.1901
100019.9309
100017.0879
100014.6149
100012.47
100010.6147
100009.0144
100007.6376
100006.4563
100005.4454
100004.5824
100003.8477
100003.2236
100002.6948
100002.248
100001.8713
100001.5542
100001.2881
100001.0655
100000.8798
100000.7245
100000.5947
100000.4885
100000.4008
100000.3274
100000.2668
100000.217
100000.1761
100000.1427
100000.1154
100000.0931
100000.075
100000.0603
100000.0484
100000.0388
100000.031
100000.0248
100000.0197
100000.0157
100000.0125
100000.0099
100000.0078
100000.0062
100000.0049
100000.0038
100000.003
100000.0024
100000.0018
100000.0014
100000.0011
100000.0009
100000.0007
100000.0005
100000.0004
100000.0003
100000.0002
100000.0002
100000.0001
100000.0001
100000.0001
100000.0001
100000
100000
100000
100000
100000
100000
100000
100000
100000
100000
100000
100000
100000
100000
100000
100000
100000
100000
100000
100000
100000
100000
100000
100000
100000
100000
100000
100000
100000
100000
100000
100000
100000
100000
100000
100000
100000
100000
100000
100000
100000
100000
100000
100000
100000
100000
100000
100000
100000
100000
100000
100000
100000
100000
100000
100000
100000
100000
100000
100000
100000
100000
100000
100000
100000
100000
100000
100000
100000
100000
100000
100000
100000
100000
100000
100000
100000
100000
100000
100000
100000
100000
100000
100000
100000
100000
100000
100000
100000
100000
100000
100000
100000
100000
100000
100000
100000
100000
100000
100000
100000
100000
100000
100000
100000
100000
100000
100000
100000
100000
100000
100000
100000
100000
100000
100000
100000
100000
100000
100000
100000
100000
100000
100000
100000
100000
100000
100000
100000
100000
100000
100000
100000
100000
100000
100000
100000
100000
100000
100000
100000
100000
100000
100000
100000
100000
100000
100000
100000
100000
100000
100000
100000
100000
100000
100000
100000
100000
100000
100000
100000
100000
100000
100000
100000
100000
100000
100000
100000
100000
100000
100000
100000
100000
100000
100000
100000
100000
100000
100000
100000
100000
100000
100000
100000
100000
100000
100000
100000
100000
100000
100000
100000
100000
100000
100000
100000
100000
100000
100000
100000
100000
100000
100000
100000
100000
100000
100000
100000
100000
100000
100000
100000
100000
100000
100000
100000
100000
100000
100000
100000
100000
100000
100000
100000
100000
100000
100000
100000
100000
100000
100000
100000
100000
100000
100000
100000
100000
100000
100000
100000
100000
100000
100000
100000
100000
100000
100000
100000
100000
100000
100000
100000
100000
100000
100000
100000
100000
100000
100000
100000
100000
100000
100000
100000
100000
100000
100000
100000
100000
100000
100000
100000
100000
100000
100000
100000
100000
100000
100000
100000
100000
100000
100000
100000
100000
100000
100000
100000
100000
100000
100000
100000
100000
100000
100000
100000
100000
100000
100000
100000
100000
100000
100000
100000
100000
100000
100000
100000
100000
100000
100000
100000
100000
100000
100000
100000
100000
100000
100000
100000
100000
100000
100000
100000
100000
100000
100000
100000
100000
100000
100000
100000
100000
100000
100000
100000
100000
100000
100000
100000
100000
100000
100000
100000
100000
100000
100000
100000
100000
100000
100000
100000
100000
100000
100000
100000
100000
100000
100000
100000
100000
100000
100000
100000
100000
100000
100000
100000
100000
100000
100000
100000
100000
100000
100000
100000
100000
100000
100000
100000
100000
100000
100000
100000
100000
100000
100000
100000
100000
100000
100000
100000
100000
100000
100000
100000
100000
100000
100000
100000
100000
100000
100000
100000
100000
100000
100000
100000
100000
100000
100000
100000
100000
100000
100000
100000
100000
100000
100000
100000
100000
100000
100000
100000
100000
100000
100000
100000
100000
100000
100000
100000
100000
100000
100000
100000
100000
100000
100000
100000
100000
100000
100000
100000
100000
100000
100000
100000
100000
100000
100000
100000
100000
100000
100000
100000
100000
100000
100000
100000
100000
100000
100000
100000
100000
100000
100000
100000
100000
100000
100000
100000
100000
100000
100000
100000
100000
100000
100000
100000
100000
100000
100000
100000
100000
100000
100000
100000
100000
100000
100000
100000
100000
100000
100000
100000
100000
100000
100000
100000
100000
100000
100000
100000
100000
100000
100000
100000
100000
100000
100000
100000
100000
100000
100000
100000
100000
100000
100000
100000
100000
100000
100000
100000
100000
100000
100000
100000
100000
100000
100000
100000
100000
100000
100000
100000
100000
100000
100000
100000
100000
100000
100000
100000
100000
100000
100000
100000
100000
100000
100000
100000
100000
100000
100000
100000
100000
100000
100000
100000
100000
100000
100000
100000
100000
100000
100000
100000
100000
100000
100000
100000
100000
100000
100000
100000
100000
100000
100000
100000
100000
100000
100000
100000
100000
100000
100000
100000
100000
100000
100000
100000
100000
100000
100000
100000
100000
100000
100000
100000
100000
100000
100000
100000
100000
100000
100000
100000
100000
100000
100000
100000
100000
100000
100000
100000
100000
100000
100000
100000
100000
100000
100000
100000
100000
100000
100000
100000
100000
100000
100000
100000
100000
100000
100000
100000
100000
100000
100000
100000
100000
100000
100000
100000
100000
100000
100000
100000
100000
100000
100000
100000
100000
100000
100000
100000
100000
100000
100000
100000
100000
100000
100000
100000
100000
100000
100000
100000
100000
100000
100000
100000
100000
100000
100000
100000
100000
100000
100000
100000
100000
100000
100000
100000
100000
100000
100000
100000
100000
100000
100000
100000
100000
100000
100000
100000
100000
100000
100000
100000
100000
100000
100000
100000
100000
100000
100000
100000
100000
100000
100000
100000
100000
100000
100000
100000
100000
100000
100000
100000
100000
100000
100000
100000
100000
100000
100000
100000
100000
100000
100000
100000
100000
100000
100000
100000
100000
100000
100000
100000
100000
100000
100000
100000
100000
100000
100000
100000
100000
100000
100000
100000
100000
100000
100000
100000
100000
100000
100000
100000
100000
100000
100000
100000
100000
100000
100000
100000
100000
100000
100000
100000
100000
100000
100000
100000
100000
100000
100000
100000
100000
100000
100000
100000
100000
100000
100000
100000
100000
100000
100000
100000
100000
100000
100000
100000
100000
100000
100000
100000
100000
100000
100000
100000
100000
100000
100000
100000
100000
100000
100000
100000
100000
100000
100000
100000
100000
100000
100000
100000
100000
100000
100000
100000
100000
100000
100000
100000
100000
100000
100000
100000
100000
100000
100000
100000
100000
100000
100000
100000
100000
100000
100000
100000
100000
100000
100000
100000
100000
100000
100000
100000
100000
100000
100000
100000
100000
100000
100000
100000
100000
100000
100000
100000
100000
100000
100000
100000
100000
100000
100000
100000
100000
100000
100000
100000
100000
100000
100000
100000
100000
100000
100000
100000
100000
100000
100000
100000
100000
100000
100000
100000
100000
100000
100000
100000
100000
100000
100000
100000
100000
100000
100000
100000
100000
100000
100000
100000
100000
100000
100000
100000
100000
100000
100000
100000
100000
100000
100000
100000
100000
100000
100000
100000
100000
100000
100000
100000
100000
100000
100000
100000
100000
100000
100000
100000
100000
100000
100000
100000
100000
100000
100000
100000
100000
100000
100000
100000
100000
100000
100000
100000
100000
100000
100000
100000
100000
100000
100000
100000
100000
100000
100000
100000
100000
100000
100000
100000
100000
100000
100000
100000
100000
100000
100000
100000
100000
100000
100000
100000
100000
100000
100000
100000
100000
100000
100000
100000
100000
100000
100000
100000
100000
100000
100000
100000
100000
100000
100000
100000
100000
100000
100000
100000
100000
100000
100000
100000
100000
100000
100000
100000
100000
100000
100000
100000
100000
100000
100000
100000
100000
100000
100000
100000
100000
100000
100000
100000
100000
100000
100000
100000
100000
100000
100000
100000
100000
100000
100000
100000
100000
100000
100000
100000
100000
100000
100000
100000
100000
100000
100000
100000
100000
100000
100000
100000
100000
100000
100000
100000
100000
100000
100000
100000
100000
100000
100000
100000
100000
100000
100000
100000
100000
100000
100000
100000
100000
100000
100000
100000
100000
100000
100000
100000
100000
100000
100000
100000
100000
100000
100000
100000
100000
100000
100000
100000
100000
100000
100000
100000
100000
100000
100000
100000
100000
100000
100000
100000
100000
100000
100000
100000
100000
100000
100000
100000
100000
100000
100000
100000
100000
100000
100000
100000
100000
100000
100000
100000
100000
100000
100000
100000
100000
100000
100000
100000
100000
100000
100000
100000
100000
100000
100000
100000
100000
100000
100000
100000
100000
100000
100000
100000
100000
100000
100000
100000
100000
100000
100000
100000
100000
100000
100000
100000
100000
100000
100000
100000
100000
100000
100000
100000
100000
100000
100000
100000
100000
100000
100000
100000
100000
100000
100000
100000
100000
100000
100000
100000
100000
100000
100000
100000
100000
100000
100000
100000
100000
100000
100000
100000
100000
100000
100000
100000
100000
100000
100000
100000
100000
100000
100000
100000
100000
100000
100000
100000
100000
100000
100000
100000
100000
100000
100000
100000
100000
100000
100000
100000
100000
100000
100000
100000
100000
100000
100000
100000
100000
100000
100000
100000
100000
100000
100000
100000
100000
100000
100000
100000
100000
100000
100000
100000
100000
100000
100000
100000
100000
100000
100000
100000
100000
100000
100000
100000
100000
100000
100000
100000
100000
100000
100000
100000
100000
100000
100000
100000
100000
100000
100000
100000
100000
100000
100000
100000
100000
100000
100000
100000
100000
100000
100000
100000
100000
100000
100000
100000
100000
100000
100000
100000
100000
100000
100000
100000
100000
100000
100000
100000
100000
100000
100000
100000
100000
100000
100000
100000
100000
100000
100000
100000
100000
100000
100000
100000
100000
100000
100000
100000
100000
100000
100000
100000
100000
100000
100000
100000
100000
100000
100000
100000
100000
100000
100000
100000
100000
100000
100000
100000
100000
100000
100000
100000
100000
100000
100000
100000
100000
100000
100000
100000
100000
100000
100000
100000
100000
100000
100000
100000
100000
100000
100000
100000
100000
100000
100000
100000
100000
100000
100000
100000
100000
100000
100000
100000
100000
100000
100000
100000
100000
100000
100000
100000
100000
100000
100000
100000
100000
100000
100000
100000
100000
100000
100000
100000
100000
100000
100000
100000
100000
100000
100000
100000
100000
100000
100000
100000
100000
100000
100000
100000
100000
100000
100000
100000
100000
100000
100000
100000
100000
100000
100000
100000
100000
100000
100000
100000
100000
100000
100000
100000
100000
100000
100000
100000
100000
100000
100000
100000
100000
100000
100000
100000
100000
100000
100000
100000
100000
100000
100000
100000
100000
100000
100000
100000
100000
100000
100000
100000
100000
100000
100000
100000
100000
100000
100000
100000
100000
100000
100000
100000
100000
100000
100000
100000
100000
100000
100000
100000
100000
100000
100000
100000
100000
100000
100000
100000
100000
100000
100000
100000
100000
100000
100000
100000
100000
100000
100000
100000
100000
100000
100000
100000
100000
100000
100000
100000
100000
100000
100000
100000
100000
100000
100000
100000
100000
100000
100000
100000
100000
100000
100000
100000
100000
100000
100000
100000
100000
100000
100000
100000
100000
100000
100000
100000
100000
100000
100000
100000
100000
100000
100000
100000
100000
100000
100000
100000
100000
100000
100000
100000
100000
100000
100000
100000
100000
100000
100000
100000
100000
100000
100000
100000
100000
100000
100000
100000
100000
100000
100000
100000
100000
100000
100000
100000
100000
100000
100000
100000
100000
100000
100000
100000
100000
100000
100000
100000
100000
100000
100000
100000
100000
100000
100000
100000
100000
100000
100000
100000
100000
100000
100000
100000
100000
100000
100000
100000
100000
100000
100000
100000
100000
100000
100000
100000
100000
100000
100000
100000
100000
100000
100000
100000
100000
100000
100000
100000
100000
100000
100000
100000
100000
100000
100000
100000
100000
100000
100000
100000
100000
100000
100000
100000
100000
100000
100000
100000
100000
100000
100000
100000
100000
100000
100000
100000
100000
100000
100000
100000
100000
100000
100000
100000
100000
100000
100000
100000
100000
100000
100000
100000
100000
100000
100000
100000
100000
100000
100000
100000
100000
100000
100000
100000
100000
100000
100000
100000
100000
100000
100000
100000
100000
100000
100000
100000
100000
100000
100000
100000
100000
100000
100000
100000
100000
100000
100000
100000
100000
100000
100000
100000
100000
100000
100000
100000
100000
100000
100000
100000
100000
100000
100000
100000
100000
100000
100000
100000
100000
100000
100000
100000
100000
100000
100000
100000
100000
100000
100000
100000
100000
100000
100000
100000
100000
100000
100000
100000
100000
100000
100000
100000
100000
100000
100000
100000
100000
100000
100000
100000
100000
100000
100000
100000
100000
100000
100000
100000
100000
100000
100000
100000
100000
100000
100000
100000
100000
100000
100000
100000
100000
100000
100000
100000
100000
100000
100000
100000
100000
100000
100000
100000
100000
100000
100000
100000
100000
100000
100000
100000
100000
100000
100000
100000
100000
100000
100000
100000
100000
100000
100000
100000
100000
100000
100000
100000
100000
100000
100000
100000
100000
100000
100000
100000
100000
100000
100000
100000
100000
100000
100000
100000
100000
100000
100000
100000
100000
100000
100000
100000
100000
100000
100000
100000
100000
100000
100000
100000
100000
100000
100000
100000
100000
100000
100000
100000
100000
100000
100000
100000
100000
100000
100000
100000
100000
100000
100000
100000
100000
100000
100000
100000
100000
100000
100000
100000
100000
100000
100000
100000
100000
100000
100000
100000
100000
100000
100000
100000
100000
100000
100000
100000
100000
100000
100000
100000
100000
100000
100000
100000
100000
100000
100000
100000
100000
100000
100000
100000
100000
100000
100000
100000
100000
100000
100000
100000
100000
100000
100000
100000
100000
100000
100000
100000
100000
100000
100000
100000
100000
100000
100000
100000
100000
100000
100000
100000
100000
100000
100000
100000
100000
100000
100000
100000
100000
100000
100000
100000
100000
100000
100000
100000
100000
100000
100000
100000
100000
100000
100000
100000
100000
100000
100000
100000
100000
100000
100000
100000
100000
100000
100000
100000
100000
100000
100000
100000
100000
100000
100000
100000
100000
100000
100000
100000
100000
100000
100000
100000
100000
100000
100000
100000
100000
100000
100000
100000
100000
100000
100000
100000
100000
100000
100000
100000
100000
100000
100000
100000
100000
100000
100000
100000
100000
100000
100000
100000
100000
100000
100000
100000
100000
100000
100000
100000
100000
100000
100000
100000
100000
100000
100000
100000
100000
100000
100000
100000
100000
100000
100000
100000
100000
100000
100000
100000
100000
100000
100000
100000
100000
100000
100000
100000
100000
100000
100000
100000
100000
100000
100000
100000
100000
100000
100000
100000
100000
100000
100000
100000
100000
100000
100000
100000
100000
100000
100000
100000
100000
100000
100000
100000
100000
100000
100000
100000
100000
100000
100000
100000
100000
100000
100000
100000
100000
100000
100000
100000
100000
100000
100000
100000
100000
100000
100000
100000
100000
100000
100000
100000
100000
100000
100000
100000
100000
100000
100000
100000
100000
100000
100000
100000
100000
100000
100000
100000
100000
100000
100000
100000
100000
100000
100000
100000
100000
100000
100000
100000
100000
100000
100000
100000
100000
100000
100000
100000
100000
100000
100000
100000
100000
100000
100000
100000
100000
100000
100000
100000
100000
100000
100000
100000
100000
100000
100000
100000
100000
100000
100000
100000
100000
100000
100000
100000
100000
100000
100000
100000
100000
100000
100000
100000
100000
100000
100000
100000
100000
100000
100000
100000
100000
100000
100000
100000
100000
100000
100000
100000
100000
100000
100000
100000
100000
100000
100000
100000
100000
100000
100000
100000
100000
100000
100000
100000
100000
100000
100000
100000
100000
100000
100000
100000
100000
100000
100000
100000
100000
100000
100000
100000
100000
100000
100000
100000
100000
100000
100000
100000
100000
100000
100000
100000
100000
100000
100000
100000
100000
100000
100000
100000
100000
100000
100000
100000
100000
100000
100000
100000
100000
100000
100000
100000
100000
100000
100000
100000
100000
100000
100000
100000
100000
100000
100000
100000
100000
100000
100000
100000
100000
100000
100000
100000
100000
100000
100000
100000
100000
100000
100000
100000
100000
100000
100000
100000
100000
100000
100000
100000
100000
100000
100000
100000
100000
100000
100000
100000
100000
100000
100000
100000
100000
100000
100000
100000
100000
100000
100000
100000
100000
100000
100000
100000
100000
100000
100000
100000
100000
100000
100000
100000
100000
100000
100000
100000
100000
100000
100000
100000
100000
100000
100000
100000
100000
100000
100000
100000
100000
100000
100000
100000
100000
100000
100000
100000
100000
100000
100000
100000
100000
100000
100000
100000
100000
100000
100000
100000
100000
100000
100000
100000
100000
100000
100000
100000
100000
100000
100000
100000
100000
100000
100000
100000
100000
100000
100000
100000
100000
100000
100000
100000
100000
100000
100000
100000
100000
100000
100000
100000
100000
100000
100000
100000
100000
100000
100000
100000
100000
100000
100000
100000
100000
100000
100000
100000
100000
100000
100000
100000
100000
100000
100000
100000
100000
100000
100000
100000
100000
100000
100000
100000
100000
100000
100000
100000
100000
100000
100000
100000
100000
100000
100000
100000
100000
100000
100000
100000
100000
100000
100000
100000
100000
100000
100000
100000
100000
100000
100000
100000
100000
100000
100000
100000
100000
100000
100000
100000
100000
100000
100000
100000
100000
100000
100000
100000
100000
100000
100000
100000
100000
100000
100000
100000
100000
100000
100000
100000
100000
100000
100000
100000
100000
100000
100000
100000
100000
100000
100000
100000
100000
100000
100000
100000
100000
100000
100000
100000
100000
100000
100000
100000
100000
100000
100000
100000
100000
100000
100000
100000
100000
100000
100000
100000
100000
100000
100000
100000
100000
100000
100000
100000
100000
100000
100000
100000
100000
100000
100000
100000
100000
100000
100000
100000
100000
100000
100000
100000
100000
100000
100000
100000
100000
100000
100000
100000
100000
100000
100000
100000
100000
100000
100000
100000
100000
100000
100000
100000
100000
100000
100000
100000
100000
100000
100000
100000
100000
100000
100000
100000
100000
100000
100000
100000
100000
100000
100000
100000
100000
100000
100000
100000
100000
100000
100000
100000
100000
100000
100000
100000
100000
100000
100000
100000
100000
100000
100000
100000
100000
100000
100000
100000
100000
100000
100000
100000
100000
100000
100000
100000
100000
100000
100000
100000
100000
100000
100000
100000
100000
100000
100000
100000
100000
100000
100000
100000
100000
100000
100000
100000
100000
100000
100000
100000
100000
100000
100000
100000
100000
100000
100000
100000
100000
100000
100000
100000
100000
100000
100000
100000
100000
100000
100000
100000
100000
100000
100000
100000
100000
100000
100000
100000
100000
100000
100000
100000
100000
100000
100000
100000
100000
100000
100000
100000
100000
100000
100000
100000
100000
100000
100000
100000
100000
100000
100000
100000
100000
100000
100000
100000
100000
100000
100000
100000
100000
100000
100000
100000
100000
100000
100000
100000
100000
100000
100000
100000
100000
100000
100000
100000
100000
100000
100000
100000
100000
100000
100000
100000
100000
100000
100000
100000
100000
100000
100000
100000
100000
100000
100000
100000
100000
100000
100000
100000
100000
100000
100000
100000
100000
100000
100000
100000
100000
100000
100000
100000
100000
100000
100000
100000
100000
100000
100000
100000
100000
100000
100000
100000
100000
100000
100000
100000
100000
100000
100000
100000
100000
100000
100000
100000
100000
100000
100000
100000
100000
100000
100000
100000
100000
100000
100000
100000
100000
100000
100000
100000
100000
100000
100000
100000
100000
100000
100000
100000
100000
100000
100000
100000
100000
100000
100000
100000
100000
100000
100000
100000
100000
100000
100000
100000
100000
100000
100000
100000
100000
100000
100000
100000
100000
100000
100000
100000
100000
100000
100000
100000
100000
100000
100000
100000
100000
100000
100000
100000
100000
100000
100000
100000
100000
100000
100000
100000
100000
100000
100000
100000
100000
100000
100000
100000
100000
100000
100000
100000
100000
100000
100000
100000
100000
100000
100000
100000
100000
100000
100000
100000
100000
100000
100000
100000
100000
100000
100000
100000
100000
100000
100000
100000
100000
100000
100000
100000
100000
100000
100000
100000
100000
100000
100000
100000
100000
100000
100000
100000
100000
100000
100000
100000
100000
100000
100000
100000
100000
100000
100000
100000
100000
100000
100000
100000
100000
100000
100000
100000
100000
100000
100000
100000
100000
100000
100000
100000
100000
100000
100000
100000
100000
100000
100000
100000
100000
100000
100000
100000
100000
100000
100000
100000
100000
100000
100000
100000
100000
100000
100000
100000
100000
100000
100000
100000
100000
100000
100000
100000
100000
100000
100000
100000
100000
100000
100000
100000
100000
100000
100000
100000
100000
100000
100000
100000
100000
100000
100000
100000
100000
100000
100000
100000
100000
100000
100000
100000
100000
100000
100000
100000
100000
100000
100000
100000
100000
100000
100000
100000
100000
100000
100000
100000
100000
100000
100000
100000
100000
100000
100000
100000
100000
100000
100000
100000
100000
100000
100000
100000
100000
100000
100000
100000
)
;

boundaryField
{
    side1
    {
        type            totalPressure;
        rho             rho;
        psi             thermo:psi;
        gamma           1;
        p0              uniform 100000;
        value           uniform 99997.58031;
    }
    side2
    {
        type            totalPressure;
        rho             rho;
        psi             thermo:psi;
        gamma           1.4;
        p0              uniform 100000;
        value           uniform 100000;
    }
    empty1
    {
        type            empty;
    }
    empty2
    {
        type            empty;
    }
}


// ************************************************************************* //
