/*--------------------------------*- C++ -*----------------------------------*\
| =========                 |                                                 |
| \\      /  F ield         | OpenFOAM: The Open Source CFD Toolbox           |
|  \\    /   O peration     | Version:  2312                                  |
|   \\  /    A nd           | Website:  www.openfoam.com                      |
|    \\/     M anipulation  |                                                 |
\*---------------------------------------------------------------------------*/
FoamFile
{
    version     2.0;
    format      ascii;
    arch        "LSB;label=32;scalar=64";
    class       volScalarField;
    location    "0.003";
    object      rho;
}
// * * * * * * * * * * * * * * * * * * * * * * * * * * * * * * * * * * * * * //

dimensions      [1 -3 0 0 0 0 0];

internalField   nonuniform List<scalar> 
8000
(
1000.048394
1000.048394
1000.048394
1000.048394
1000.048394
1000.048394
1000.048394
1000.048394
1000.048394
1000.048394
1000.048394
1000.048394
1000.048394
1000.048394
1000.048394
1000.048394
1000.048394
1000.048394
1000.048394
1000.048394
1000.048394
1000.048394
1000.048394
1000.048394
1000.048394
1000.048394
1000.048394
1000.048394
1000.048394
1000.048394
1000.048394
1000.048394
1000.048394
1000.048394
1000.048394
1000.048394
1000.048394
1000.048394
1000.048394
1000.048394
1000.048394
1000.048394
1000.048394
1000.048394
1000.048394
1000.048394
1000.048394
1000.048394
1000.048394
1000.048394
1000.048394
1000.048394
1000.048394
1000.048394
1000.048394
1000.048394
1000.048394
1000.048394
1000.048394
1000.048394
1000.048394
1000.048394
1000.048394
1000.048394
1000.048394
1000.048394
1000.048394
1000.048394
1000.048394
1000.048394
1000.048394
1000.048394
1000.048394
1000.048394
1000.048394
1000.048394
1000.048394
1000.048394
1000.048394
1000.048394
1000.048394
1000.048394
1000.048394
1000.048394
1000.048394
1000.048394
1000.048394
1000.048394
1000.048394
1000.048394
1000.048394
1000.048394
1000.048394
1000.048394
1000.048394
1000.048394
1000.048394
1000.048394
1000.048394
1000.048394
1000.048394
1000.048394
1000.048394
1000.048394
1000.048394
1000.048394
1000.048394
1000.048394
1000.048394
1000.048394
1000.048394
1000.048394
1000.048394
1000.048394
1000.048394
1000.048394
1000.048394
1000.048394
1000.048394
1000.048394
1000.048394
1000.048394
1000.048394
1000.048394
1000.048394
1000.048394
1000.048394
1000.048394
1000.048394
1000.048394
1000.048394
1000.048394
1000.048394
1000.048394
1000.048394
1000.048394
1000.048394
1000.048394
1000.048394
1000.048394
1000.048394
1000.048394
1000.048394
1000.048394
1000.048394
1000.048394
1000.048394
1000.048394
1000.048394
1000.048394
1000.048394
1000.048394
1000.048394
1000.048394
1000.048394
1000.048394
1000.048394
1000.048394
1000.048394
1000.048394
1000.048394
1000.048394
1000.048394
1000.048394
1000.048394
1000.048394
1000.048394
1000.048394
1000.048394
1000.048394
1000.048394
1000.048394
1000.048394
1000.048394
1000.048394
1000.048394
1000.048394
1000.048394
1000.048394
1000.048394
1000.048394
1000.048394
1000.048394
1000.048394
1000.048394
1000.048394
1000.048394
1000.048394
1000.048394
1000.048394
1000.048394
1000.048394
1000.048394
1000.048394
1000.048394
1000.048394
1000.048394
1000.048394
1000.048394
1000.048394
1000.048394
1000.048394
1000.048394
1000.048394
1000.048394
1000.048394
1000.048394
1000.048394
1000.048394
1000.048394
1000.048394
1000.048394
1000.048394
1000.048394
1000.048394
1000.048394
1000.048394
1000.048394
1000.048394
1000.048394
1000.048394
1000.048394
1000.048394
1000.048394
1000.048394
1000.048394
1000.048394
1000.048394
1000.048394
1000.048394
1000.048394
1000.048394
1000.048394
1000.048394
1000.048394
1000.048394
1000.048394
1000.048394
1000.048394
1000.048394
1000.048394
1000.048394
1000.048394
1000.048394
1000.048394
1000.048394
1000.048394
1000.048394
1000.048394
1000.048394
1000.048394
1000.048394
1000.048394
1000.048394
1000.048394
1000.048394
1000.048394
1000.048394
1000.048394
1000.048394
1000.048394
1000.048394
1000.048394
1000.048394
1000.048394
1000.048394
1000.048394
1000.048394
1000.048394
1000.048394
1000.048394
1000.048394
1000.048394
1000.048394
1000.048394
1000.048394
1000.048394
1000.048394
1000.048394
1000.048394
1000.048394
1000.048394
1000.048394
1000.048394
1000.048394
1000.048394
1000.048394
1000.048394
1000.048394
1000.048394
1000.048394
1000.048394
1000.048394
1000.048394
1000.048394
1000.048394
1000.048394
1000.048394
1000.048394
1000.048394
1000.048394
1000.048394
1000.048394
1000.048394
1000.048394
1000.048394
1000.048393
1000.048393
1000.048393
1000.048393
1000.048393
1000.048393
1000.048393
1000.048393
1000.048393
1000.048393
1000.048393
1000.048393
1000.048393
1000.048393
1000.048393
1000.048393
1000.048393
1000.048393
1000.048393
1000.048393
1000.048393
1000.048393
1000.048392
1000.048392
1000.048392
1000.048392
1000.048392
1000.048392
1000.048392
1000.048392
1000.048392
1000.048391
1000.048391
1000.048391
1000.048391
1000.048391
1000.048391
1000.04839
1000.04839
1000.04839
1000.04839
1000.048389
1000.048389
1000.048389
1000.048389
1000.048388
1000.048388
1000.048388
1000.048387
1000.048387
1000.048386
1000.048386
1000.048386
1000.048385
1000.048385
1000.048384
1000.048383
1000.048383
1000.048382
1000.048382
1000.048381
1000.04838
1000.048379
1000.048379
1000.048378
1000.048377
1000.048376
1000.048375
1000.048374
1000.048373
1000.048372
1000.048371
1000.04837
1000.048368
1000.048367
1000.048366
1000.048364
1000.048363
1000.048361
1000.048359
1000.048357
1000.048356
1000.048354
1000.048352
1000.048349
1000.048347
1000.048345
1000.048342
1000.04834
1000.048337
1000.048334
1000.048332
1000.048328
1000.048325
1000.048322
1000.048319
1000.048315
1000.048311
1000.048307
1000.048303
1000.048299
1000.048294
1000.04829
1000.048285
1000.04828
1000.048275
1000.048269
1000.048263
1000.048257
1000.048251
1000.048245
1000.048238
1000.048231
1000.048224
1000.048217
1000.048209
1000.048201
1000.048192
1000.048183
1000.048174
1000.048165
1000.048155
1000.048145
1000.048135
1000.048124
1000.048112
1000.048101
1000.048088
1000.048076
1000.048063
1000.048049
1000.048035
1000.048021
1000.048006
1000.04799
1000.047974
1000.047958
1000.047941
1000.047923
1000.047904
1000.047886
1000.047866
1000.047846
1000.047825
1000.047803
1000.047781
1000.047758
1000.047734
1000.04771
1000.047685
1000.047659
1000.047632
1000.047604
1000.047576
1000.047547
1000.047517
1000.047486
1000.047454
1000.047421
1000.047387
1000.047352
1000.047316
1000.047279
1000.047242
1000.047203
1000.047163
1000.047122
1000.04708
1000.047036
1000.046992
1000.046946
1000.0469
1000.046852
1000.046802
1000.046752
1000.0467
1000.046647
1000.046593
1000.046537
1000.04648
1000.046422
1000.046363
1000.046301
1000.046239
1000.046175
1000.04611
1000.046043
1000.045975
1000.045905
1000.045834
1000.045761
1000.045687
1000.045611
1000.045533
1000.045454
1000.045373
1000.045291
1000.045207
1000.045122
1000.045035
1000.044946
1000.044856
1000.044764
1000.04467
1000.044575
1000.044477
1000.044379
1000.044278
1000.044176
1000.044072
1000.043967
1000.04386
1000.043751
1000.04364
1000.043528
1000.043414
1000.043298
1000.043181
1000.043062
1000.042942
1000.042819
1000.042695
1000.04257
1000.042443
1000.042314
1000.042184
1000.042052
1000.041919
1000.041784
1000.041647
1000.041509
1000.04137
1000.041229
1000.041087
1000.040944
1000.040799
1000.040653
1000.040505
1000.040356
1000.040206
1000.040055
1000.039903
1000.03975
1000.039595
1000.03944
1000.039284
1000.039127
1000.038968
1000.038809
1000.03865
1000.038489
1000.038328
1000.038167
1000.038004
1000.037842
1000.037679
1000.037515
1000.037351
1000.037187
1000.037023
1000.036859
1000.036694
1000.03653
1000.036366
1000.036202
1000.036038
1000.035875
1000.035712
1000.035549
1000.035388
1000.035226
1000.035066
1000.034906
1000.034748
1000.03459
1000.034434
1000.034278
1000.034124
1000.033972
1000.033821
1000.033671
1000.033523
1000.033377
1000.033233
1000.033091
1000.03295
1000.032812
1000.032676
1000.032543
1000.032412
1000.032283
1000.032158
1000.032035
1000.031914
1000.031797
1000.031683
1000.031572
1000.031464
1000.03136
1000.031259
1000.031162
1000.031068
1000.030978
1000.030892
1000.03081
1000.030733
1000.030659
1000.03059
1000.030525
1000.030464
1000.030408
1000.030357
1000.030311
1000.030269
1000.030233
1000.030201
1000.030175
1000.030153
1000.030138
1000.030127
1000.030122
1000.030122
1000.030127
1000.030138
1000.030155
1000.030177
1000.030206
1000.03024
1000.03028
1000.030326
1000.030379
1000.030437
1000.030502
1000.030574
1000.030651
1000.030735
1000.030826
1000.030924
1000.031027
1000.031138
1000.031255
1000.031379
1000.03151
1000.031647
1000.031791
1000.031943
1000.032101
1000.032266
1000.032437
1000.032616
1000.032801
1000.032994
1000.033193
1000.033399
1000.033612
1000.033832
1000.034058
1000.034292
1000.034532
1000.034779
1000.035033
1000.035293
1000.03556
1000.035833
1000.036113
1000.036399
1000.036692
1000.036991
1000.037296
1000.037607
1000.037924
1000.038247
1000.038576
1000.038911
1000.039251
1000.039597
1000.039948
1000.040305
1000.040666
1000.041033
1000.041405
1000.041781
1000.042162
1000.042548
1000.042937
1000.043331
1000.043729
1000.044131
1000.044537
1000.044946
1000.045359
1000.045774
1000.046193
1000.046615
1000.047039
1000.047465
1000.047894
1000.048325
1000.048758
1000.049193
1000.049629
1000.050066
1000.050505
1000.050944
1000.051384
1000.051824
1000.052265
1000.052706
1000.053146
1000.053586
1000.054026
1000.054465
1000.054902
1000.055338
1000.055773
1000.056206
1000.056637
1000.057067
1000.057493
1000.057918
1000.058339
1000.058758
1000.059173
1000.059585
1000.059993
1000.060398
1000.060799
1000.061195
1000.061587
1000.061975
1000.062358
1000.062736
1000.06311
1000.063478
1000.06384
1000.064197
1000.064549
1000.064894
1000.065234
1000.065567
1000.065895
1000.066216
1000.06653
1000.066838
1000.067139
1000.067434
1000.067721
1000.068001
1000.068274
1000.06854
1000.068799
1000.069051
1000.069295
1000.069532
1000.069761
1000.069982
1000.070196
1000.070402
1000.070601
1000.070792
1000.070975
1000.071151
1000.071319
1000.071479
1000.071631
1000.071776
1000.071914
1000.072043
1000.072165
1000.07228
1000.072387
1000.072486
1000.072579
1000.072664
1000.072741
1000.072812
1000.072875
1000.072932
1000.072981
1000.073024
1000.07306
1000.073089
1000.073112
1000.073129
1000.073139
1000.073144
1000.073142
1000.073136
1000.073123
1000.073105
1000.073081
1000.073052
1000.073018
1000.072979
1000.072935
1000.072886
1000.072832
1000.072774
1000.072712
1000.072645
1000.072574
1000.0725
1000.072421
1000.07234
1000.072255
1000.072166
1000.072074
1000.07198
1000.071883
1000.071783
1000.07168
1000.071576
1000.071469
1000.07136
1000.071249
1000.071137
1000.071023
1000.070908
1000.070791
1000.070674
1000.070556
1000.070436
1000.070317
1000.070196
1000.070076
1000.069955
1000.069834
1000.069713
1000.069592
1000.069472
1000.069352
1000.069232
1000.069113
1000.068995
1000.068878
1000.068762
1000.068647
1000.068533
1000.06842
1000.068309
1000.068199
1000.068091
1000.067984
1000.067879
1000.067776
1000.067674
1000.067575
1000.067477
1000.067381
1000.067287
1000.067195
1000.067105
1000.067018
1000.066932
1000.066849
1000.066767
1000.066688
1000.066611
1000.066537
1000.066464
1000.066394
1000.066326
1000.06626
1000.066196
1000.066134
1000.066075
1000.066018
1000.065962
1000.065909
1000.065858
1000.065809
1000.065761
1000.065716
1000.065673
1000.065631
1000.065591
1000.065553
1000.065517
1000.065482
1000.065449
1000.065417
1000.065386
1000.065358
1000.06533
1000.065303
1000.065278
1000.065254
1000.065231
1000.065209
1000.065187
1000.065167
1000.065147
1000.065128
1000.06511
1000.065092
1000.065074
1000.065057
1000.06504
1000.065023
1000.065007
1000.06499
1000.064973
1000.064957
1000.06494
1000.064923
1000.064905
1000.064887
1000.064869
1000.06485
1000.06483
1000.06481
1000.064789
1000.064767
1000.064744
1000.06472
1000.064696
1000.06467
1000.064643
1000.064614
1000.064584
1000.064553
1000.064521
1000.064487
1000.064452
1000.064415
1000.064376
1000.064336
1000.064293
1000.06425
1000.064204
1000.064156
1000.064107
1000.064056
1000.064002
1000.063947
1000.06389
1000.06383
1000.063769
1000.063705
1000.063639
1000.063571
1000.063501
1000.063429
1000.063354
1000.063277
1000.063198
1000.063117
1000.063033
1000.062948
1000.06286
1000.062769
1000.062677
1000.062582
1000.062485
1000.062385
1000.062284
1000.06218
1000.062074
1000.061966
1000.061856
1000.061743
1000.061629
1000.061512
1000.061393
1000.061272
1000.061149
1000.061024
1000.060898
1000.060769
1000.060638
1000.060505
1000.060371
1000.060235
1000.060097
1000.059957
1000.059815
1000.059672
1000.059528
1000.059381
1000.059233
1000.059084
1000.058933
1000.058781
1000.058628
1000.058473
1000.058317
1000.05816
1000.058001
1000.057842
1000.057682
1000.05752
1000.057358
1000.057194
1000.05703
1000.056865
1000.056699
1000.056533
1000.056366
1000.056198
1000.05603
1000.055861
1000.055692
1000.055522
1000.055352
1000.055182
1000.055012
1000.054841
1000.05467
1000.0545
1000.054329
1000.054158
1000.053987
1000.053816
1000.053646
1000.053475
1000.053305
1000.053135
1000.052966
1000.052797
1000.052628
1000.05246
1000.052293
1000.052125
1000.051959
1000.051793
1000.051628
1000.051464
1000.0513
1000.051137
1000.050975
1000.050814
1000.050654
1000.050495
1000.050336
1000.050179
1000.050023
1000.049868
1000.049713
1000.049561
1000.049409
1000.049258
1000.049109
1000.048961
1000.048814
1000.048668
1000.048524
1000.048381
1000.04824
1000.0481
1000.047961
1000.047824
1000.047688
1000.047554
1000.047421
1000.04729
1000.04716
1000.047032
1000.046906
1000.04678
1000.046657
1000.046535
1000.046415
1000.046296
1000.04618
1000.046064
1000.045951
1000.045839
1000.045728
1000.04562
1000.045513
1000.045408
1000.045305
1000.045203
1000.045103
1000.045005
1000.044908
1000.044813
1000.04472
1000.044629
1000.04454
1000.044452
1000.044366
1000.044281
1000.044199
1000.044118
1000.044039
1000.043962
1000.043886
1000.043812
1000.04374
1000.04367
1000.043601
1000.043534
1000.043469
1000.043406
1000.043344
1000.043284
1000.043225
1000.043169
1000.043114
1000.04306
1000.043008
1000.042958
1000.04291
1000.042863
1000.042817
1000.042774
1000.042732
1000.042691
1000.042652
1000.042615
1000.042579
1000.042544
1000.042512
1000.04248
1000.04245
1000.042422
1000.042395
1000.042369
1000.042345
1000.042322
1000.0423
1000.04228
1000.042261
1000.042244
1000.042227
1000.042212
1000.042199
1000.042186
1000.042175
1000.042165
1000.042156
1000.042148
1000.042141
1000.042136
1000.042131
1000.042128
1000.042125
1000.042124
1000.042123
1000.042124
1000.042125
1000.042127
1000.04213
1000.042134
1000.042139
1000.042144
1000.042151
1000.042158
1000.042165
1000.042174
1000.042183
1000.042193
1000.042204
1000.042215
1000.042227
1000.042239
1000.042252
1000.042265
1000.042279
1000.042293
1000.042308
1000.042323
1000.042339
1000.042355
1000.042371
1000.042387
1000.042404
1000.042421
1000.042439
1000.042456
1000.042474
1000.042492
1000.04251
1000.042528
1000.042546
1000.042564
1000.042582
1000.042601
1000.042619
1000.042637
1000.042655
1000.042673
1000.042691
1000.042709
1000.042726
1000.042744
1000.042761
1000.042778
1000.042795
1000.042811
1000.042827
1000.042843
1000.042858
1000.042874
1000.042888
1000.042903
1000.042917
1000.04293
1000.042943
1000.042956
1000.042968
1000.042979
1000.042991
1000.043001
1000.043011
1000.043021
1000.043029
1000.043038
1000.043045
1000.043053
1000.043059
1000.043065
1000.04307
1000.043075
1000.043079
1000.043082
1000.043085
1000.043086
1000.043088
1000.043088
1000.043088
1000.043087
1000.043086
1000.043084
1000.043081
1000.043077
1000.043073
1000.043068
1000.043062
1000.043056
1000.043049
1000.043041
1000.043032
1000.043023
1000.043013
1000.043002
1000.04299
1000.042978
1000.042965
1000.042952
1000.042937
1000.042922
1000.042906
1000.04289
1000.042873
1000.042855
1000.042837
1000.042817
1000.042798
1000.042777
1000.042756
1000.042734
1000.042712
1000.042689
1000.042665
1000.042641
1000.042616
1000.042591
1000.042565
1000.042539
1000.042512
1000.042484
1000.042456
1000.042427
1000.042398
1000.042369
1000.042339
1000.042308
1000.042277
1000.042246
1000.042214
1000.042182
1000.042149
1000.042116
1000.042083
1000.042049
1000.042015
1000.041981
1000.041946
1000.041911
1000.041876
1000.04184
1000.041804
1000.041768
1000.041732
1000.041696
1000.041659
1000.041622
1000.041585
1000.041548
1000.041511
1000.041474
1000.041436
1000.041399
1000.041361
1000.041323
1000.041285
1000.041248
1000.04121
1000.041172
1000.041134
1000.041097
1000.041059
1000.041021
1000.040984
1000.040946
1000.040909
1000.040871
1000.040834
1000.040797
1000.04076
1000.040723
1000.040687
1000.04065
1000.040614
1000.040578
1000.040542
1000.040507
1000.040471
1000.040436
1000.040401
1000.040367
1000.040332
1000.040298
1000.040265
1000.040231
1000.040198
1000.040165
1000.040133
1000.040101
1000.040069
1000.040038
1000.040007
1000.039976
1000.039946
1000.039916
1000.039887
1000.039857
1000.039829
1000.039801
1000.039773
1000.039745
1000.039719
1000.039692
1000.039666
1000.03964
1000.039615
1000.039591
1000.039566
1000.039543
1000.039519
1000.039497
1000.039474
1000.039453
1000.039431
1000.039411
1000.03939
1000.03937
1000.039351
1000.039332
1000.039314
1000.039296
1000.039279
1000.039262
1000.039246
1000.03923
1000.039215
1000.039201
1000.039186
1000.039173
1000.03916
1000.039147
1000.039135
1000.039124
1000.039113
1000.039102
1000.039092
1000.039083
1000.039074
1000.039066
1000.039058
1000.039051
1000.039044
1000.039038
1000.039032
1000.039027
1000.039022
1000.039018
1000.039014
1000.039011
1000.039008
1000.039006
1000.039005
1000.039003
1000.039003
1000.039003
1000.039003
1000.039004
1000.039005
1000.039007
1000.039009
1000.039012
1000.039015
1000.039018
1000.039022
1000.039027
1000.039032
1000.039038
1000.039043
1000.03905
1000.039057
1000.039064
1000.039072
1000.03908
1000.039088
1000.039097
1000.039107
1000.039117
1000.039127
1000.039138
1000.039149
1000.03916
1000.039172
1000.039184
1000.039197
1000.03921
1000.039224
1000.039237
1000.039252
1000.039266
1000.039281
1000.039296
1000.039312
1000.039328
1000.039344
1000.039361
1000.039378
1000.039395
1000.039413
1000.039431
1000.039449
1000.039467
1000.039486
1000.039505
1000.039525
1000.039544
1000.039564
1000.039585
1000.039605
1000.039626
1000.039647
1000.039668
1000.03969
1000.039711
1000.039733
1000.039756
1000.039778
1000.039801
1000.039824
1000.039847
1000.03987
1000.039893
1000.039917
1000.039941
1000.039965
1000.039989
1000.040013
1000.040038
1000.040063
1000.040087
1000.040112
1000.040138
1000.040163
1000.040188
1000.040214
1000.040239
1000.040265
1000.040291
1000.040317
1000.040343
1000.04037
1000.040396
1000.040422
1000.040449
1000.040475
1000.040502
1000.040529
1000.040556
1000.040583
1000.04061
1000.040637
1000.040664
1000.040691
1000.040718
1000.040745
1000.040773
1000.0408
1000.040827
1000.040855
1000.040882
1000.04091
1000.040937
1000.040965
1000.040993
1000.04102
1000.041048
1000.041075
1000.041103
1000.041131
1000.041158
1000.041186
1000.041214
1000.041241
1000.041269
1000.041297
1000.041324
1000.041352
1000.04138
1000.041407
1000.041435
1000.041463
1000.04149
1000.041518
1000.041546
1000.041573
1000.041601
1000.041629
1000.041656
1000.041684
1000.041711
1000.041739
1000.041766
1000.041794
1000.041821
1000.041849
1000.041876
1000.041904
1000.041931
1000.041959
1000.041986
1000.042013
1000.042041
1000.042068
1000.042095
1000.042123
1000.04215
1000.042178
1000.042205
1000.042232
1000.04226
1000.042287
1000.042314
1000.042341
1000.042369
1000.042396
1000.042424
1000.042451
1000.042478
1000.042506
1000.042533
1000.04256
1000.042588
1000.042615
1000.042643
1000.04267
1000.042698
1000.042725
1000.042753
1000.04278
1000.042808
1000.042835
1000.042863
1000.042891
1000.042919
1000.042946
1000.042974
1000.043002
1000.04303
1000.043058
1000.043086
1000.043114
1000.043142
1000.043171
1000.043199
1000.043227
1000.043256
1000.043284
1000.043313
1000.043341
1000.04337
1000.043399
1000.043428
1000.043457
1000.043486
1000.043515
1000.043544
1000.043574
1000.043603
1000.043633
1000.043662
1000.043692
1000.043722
1000.043752
1000.043782
1000.043812
1000.043843
1000.043873
1000.043904
1000.043934
1000.043965
1000.043996
1000.044027
1000.044058
1000.04409
1000.044121
1000.044153
1000.044184
1000.044216
1000.044248
1000.044281
1000.044313
1000.044345
1000.044378
1000.044411
1000.044444
1000.044477
1000.04451
1000.044543
1000.044577
1000.044611
1000.044644
1000.044678
1000.044713
1000.044747
1000.044781
1000.044816
1000.044851
1000.044886
1000.044921
1000.044956
1000.044991
1000.045027
1000.045063
1000.045099
1000.045135
1000.045171
1000.045207
1000.045244
1000.04528
1000.045317
1000.045354
1000.045391
1000.045428
1000.045466
1000.045503
1000.045541
1000.045579
1000.045617
1000.045655
1000.045693
1000.045732
1000.04577
1000.045809
1000.045848
1000.045887
1000.045926
1000.045965
1000.046004
1000.046044
1000.046083
1000.046123
1000.046162
1000.046202
1000.046242
1000.046282
1000.046323
1000.046363
1000.046403
1000.046444
1000.046484
1000.046525
1000.046566
1000.046606
1000.046647
1000.046688
1000.046729
1000.04677
1000.046811
1000.046853
1000.046894
1000.046935
1000.046977
1000.047018
1000.047059
1000.047101
1000.047142
1000.047184
1000.047225
1000.047267
1000.047309
1000.04735
1000.047392
1000.047434
1000.047475
1000.047517
1000.047558
1000.0476
1000.047642
1000.047683
1000.047725
1000.047766
1000.047808
1000.047849
1000.047891
1000.047932
1000.047974
1000.048015
1000.048056
1000.048098
1000.048139
1000.04818
1000.048221
1000.048262
1000.048303
1000.048344
1000.048385
1000.048426
1000.048466
1000.048507
1000.048547
1000.048588
1000.048628
1000.048668
1000.048708
1000.048748
1000.048788
1000.048828
1000.048868
1000.048908
1000.048947
1000.048986
1000.049026
1000.049065
1000.049104
1000.049143
1000.049182
1000.049221
1000.049259
1000.049298
1000.049336
1000.049374
1000.049412
1000.04945
1000.049488
1000.049526
1000.049563
1000.0496
1000.049638
1000.049675
1000.049712
1000.049749
1000.049785
1000.049822
1000.049858
1000.049894
1000.04993
1000.049966
1000.050002
1000.050038
1000.050073
1000.050108
1000.050143
1000.050178
1000.050213
1000.050248
1000.050282
1000.050317
1000.050351
1000.050385
1000.050419
1000.050452
1000.050486
1000.050519
1000.050552
1000.050586
1000.050618
1000.050651
1000.050684
1000.050716
1000.050748
1000.05078
1000.050812
1000.050844
1000.050875
1000.050906
1000.050937
1000.050968
1000.050999
1000.05103
1000.05106
1000.051091
1000.051121
1000.051151
1000.05118
1000.05121
1000.051239
1000.051268
1000.051297
1000.051326
1000.051355
1000.051384
1000.051412
1000.05144
1000.051468
1000.051496
1000.051523
1000.051551
1000.051578
1000.051605
1000.051632
1000.051659
1000.051685
1000.051712
1000.051738
1000.051764
1000.05179
1000.051815
1000.051841
1000.051866
1000.051891
1000.051916
1000.051941
1000.051966
1000.05199
1000.052014
1000.052038
1000.052062
1000.052086
1000.05211
1000.052133
1000.052156
1000.052179
1000.052202
1000.052225
1000.052247
1000.05227
1000.052292
1000.052314
1000.052336
1000.052358
1000.052379
1000.052401
1000.052422
1000.052443
1000.052464
1000.052485
1000.052506
1000.052526
1000.052547
1000.052567
1000.052587
1000.052607
1000.052627
1000.052647
1000.052666
1000.052685
1000.052705
1000.052724
1000.052743
1000.052762
1000.05278
1000.052799
1000.052818
1000.052836
1000.052854
1000.052872
1000.05289
1000.052908
1000.052926
1000.052944
1000.052961
1000.052979
1000.052996
1000.053013
1000.05303
1000.053047
1000.053064
1000.053081
1000.053098
1000.053115
1000.053131
1000.053148
1000.053164
1000.053181
1000.053197
1000.053213
1000.053229
1000.053245
1000.053261
1000.053277
1000.053293
1000.053308
1000.053324
1000.05334
1000.053355
1000.053371
1000.053386
1000.053401
1000.053417
1000.053432
1000.053447
1000.053462
1000.053477
1000.053492
1000.053507
1000.053522
1000.053537
1000.053551
1000.053566
1000.053581
1000.053595
1000.05361
1000.053624
1000.053639
1000.053653
1000.053667
1000.053681
1000.053696
1000.05371
1000.053724
1000.053738
1000.053752
1000.053766
1000.05378
1000.053793
1000.053807
1000.053821
1000.053834
1000.053848
1000.053861
1000.053875
1000.053888
1000.053901
1000.053914
1000.053927
1000.05394
1000.053953
1000.053966
1000.053979
1000.053991
1000.054004
1000.054016
1000.054029
1000.054041
1000.054053
1000.054065
1000.054077
1000.054089
1000.0541
1000.054112
1000.054123
1000.054135
1000.054146
1000.054157
1000.054168
1000.054178
1000.054189
1000.0542
1000.05421
1000.05422
1000.05423
1000.05424
1000.054249
1000.054259
1000.054268
1000.054277
1000.054286
1000.054295
1000.054304
1000.054312
1000.05432
1000.054328
1000.054336
1000.054344
1000.054351
1000.054358
1000.054365
1000.054372
1000.054379
1000.054385
1000.054391
1000.054397
1000.054403
1000.054408
1000.054413
1000.054418
1000.054423
1000.054427
1000.054432
1000.054436
1000.054439
1000.054443
1000.054446
1000.054449
1000.054452
1000.054454
1000.054456
1000.054458
1000.05446
1000.054462
1000.054463
1000.054464
1000.054465
1000.054465
1000.054465
1000.054465
1000.054465
1000.054465
1000.054464
1000.054463
1000.054462
1000.054461
1000.054459
1000.054457
1000.054455
1000.054453
1000.05445
1000.054448
1000.054445
1000.054441
1000.054438
1000.054434
1000.05443
1000.054426
1000.054422
1000.054418
1000.054413
1000.054408
1000.054403
1000.054398
1000.054393
1000.054387
1000.054382
1000.054376
1000.05437
1000.054364
1000.054357
1000.054351
1000.054345
1000.054338
1000.054331
1000.054324
1000.054317
1000.05431
1000.054303
1000.054295
1000.054288
1000.054281
1000.054273
1000.054265
1000.054258
1000.05425
1000.054242
1000.054234
1000.054226
1000.054218
1000.05421
1000.054202
1000.054194
1000.054186
1000.054178
1000.05417
1000.054162
1000.054154
1000.054146
1000.054138
1000.05413
1000.054122
1000.054114
1000.054106
1000.054098
1000.05409
1000.054083
1000.054075
1000.054067
1000.05406
1000.054052
1000.054045
1000.054037
1000.05403
1000.054022
1000.054015
1000.054008
1000.054001
1000.053994
1000.053987
1000.05398
1000.053973
1000.053966
1000.05396
1000.053953
1000.053947
1000.05394
1000.053934
1000.053928
1000.053922
1000.053916
1000.05391
1000.053904
1000.053898
1000.053892
1000.053886
1000.053881
1000.053875
1000.05387
1000.053864
1000.053859
1000.053854
1000.053849
1000.053843
1000.053838
1000.053833
1000.053828
1000.053823
1000.053818
1000.053814
1000.053809
1000.053804
1000.053799
1000.053794
1000.05379
1000.053785
1000.05378
1000.053776
1000.053771
1000.053766
1000.053762
1000.053757
1000.053752
1000.053747
1000.053743
1000.053738
1000.053733
1000.053729
1000.053724
1000.053719
1000.053714
1000.053709
1000.053704
1000.053699
1000.053694
1000.053689
1000.053683
1000.053678
1000.053673
1000.053667
1000.053662
1000.053656
1000.05365
1000.053645
1000.053639
1000.053633
1000.053627
1000.05362
1000.053614
1000.053608
1000.053601
1000.053595
1000.053588
1000.053581
1000.053574
1000.053567
1000.053559
1000.053552
1000.053544
1000.053536
1000.053528
1000.05352
1000.053512
1000.053504
1000.053495
1000.053487
1000.053478
1000.053469
1000.05346
1000.05345
1000.053441
1000.053431
1000.053422
1000.053412
1000.053401
1000.053391
1000.053381
1000.05337
1000.053359
1000.053348
1000.053337
1000.053326
1000.053314
1000.053302
1000.05329
1000.053278
1000.053266
1000.053254
1000.053241
1000.053229
1000.053216
1000.053203
1000.053189
1000.053176
1000.053162
1000.053149
1000.053135
1000.053121
1000.053106
1000.053092
1000.053078
1000.053063
1000.053048
1000.053033
1000.053018
1000.053003
1000.052987
1000.052972
1000.052956
1000.05294
1000.052924
1000.052908
1000.052892
1000.052876
1000.052859
1000.052843
1000.052826
1000.052809
1000.052792
1000.052775
1000.052758
1000.052741
1000.052723
1000.052706
1000.052688
1000.052671
1000.052653
1000.052635
1000.052618
1000.0526
1000.052582
1000.052564
1000.052546
1000.052527
1000.052509
1000.052491
1000.052473
1000.052454
1000.052436
1000.052417
1000.052399
1000.052381
1000.052362
1000.052343
1000.052325
1000.052306
1000.052288
1000.052269
1000.05225
1000.052232
1000.052213
1000.052195
1000.052176
1000.052157
1000.052139
1000.05212
1000.052102
1000.052083
1000.052064
1000.052046
1000.052027
1000.052009
1000.051991
1000.051972
1000.051954
1000.051936
1000.051917
1000.051899
1000.051881
1000.051863
1000.051845
1000.051827
1000.051809
1000.051791
1000.051773
1000.051755
1000.051737
1000.051719
1000.051702
1000.051684
1000.051667
1000.051649
1000.051632
1000.051614
1000.051597
1000.05158
1000.051562
1000.051545
1000.051528
1000.051511
1000.051494
1000.051477
1000.05146
1000.051444
1000.051427
1000.05141
1000.051394
1000.051377
1000.051361
1000.051344
1000.051328
1000.051311
1000.051295
1000.051279
1000.051263
1000.051247
1000.05123
1000.051214
1000.051198
1000.051182
1000.051167
1000.051151
1000.051135
1000.051119
1000.051103
1000.051088
1000.051072
1000.051056
1000.051041
1000.051025
1000.05101
1000.050994
1000.050979
1000.050963
1000.050948
1000.050932
1000.050917
1000.050901
1000.050886
1000.050871
1000.050855
1000.05084
1000.050825
1000.050809
1000.050794
1000.050779
1000.050763
1000.050748
1000.050733
1000.050718
1000.050702
1000.050687
1000.050672
1000.050656
1000.050641
1000.050626
1000.05061
1000.050595
1000.05058
1000.050564
1000.050549
1000.050534
1000.050518
1000.050503
1000.050488
1000.050472
1000.050457
1000.050441
1000.050426
1000.05041
1000.050395
1000.050379
1000.050364
1000.050348
1000.050333
1000.050317
1000.050301
1000.050286
1000.05027
1000.050254
1000.050239
1000.050223
1000.050207
1000.050191
1000.050176
1000.05016
1000.050144
1000.050128
1000.050112
1000.050097
1000.050081
1000.050065
1000.050049
1000.050033
1000.050017
1000.050001
1000.049985
1000.049969
1000.049953
1000.049937
1000.049921
1000.049905
1000.049889
1000.049873
1000.049857
1000.049841
1000.049825
1000.049809
1000.049793
1000.049777
1000.049761
1000.049745
1000.049729
1000.049713
1000.049697
1000.049681
1000.049666
1000.04965
1000.049634
1000.049618
1000.049602
1000.049586
1000.04957
1000.049554
1000.049539
1000.049523
1000.049507
1000.049491
1000.049475
1000.04946
1000.049444
1000.049429
1000.049413
1000.049397
1000.049382
1000.049366
1000.049351
1000.049335
1000.04932
1000.049305
1000.049289
1000.049274
1000.049259
1000.049244
1000.049229
1000.049213
1000.049198
1000.049183
1000.049168
1000.049154
1000.049139
1000.049124
1000.049109
1000.049094
1000.04908
1000.049065
1000.049051
1000.049036
1000.049022
1000.049007
1000.048993
1000.048978
1000.048964
1000.04895
1000.048936
1000.048922
1000.048908
1000.048894
1000.04888
1000.048866
1000.048852
1000.048838
1000.048825
1000.048811
1000.048797
1000.048784
1000.04877
1000.048757
1000.048743
1000.04873
1000.048717
1000.048703
1000.04869
1000.048677
1000.048664
1000.048651
1000.048638
1000.048625
1000.048612
1000.048599
1000.048586
1000.048573
1000.048561
1000.048548
1000.048535
1000.048523
1000.04851
1000.048497
1000.048485
1000.048472
1000.04846
1000.048448
1000.048435
1000.048423
1000.048411
1000.048398
1000.048386
1000.048374
1000.048362
1000.048349
1000.048337
1000.048325
1000.048313
1000.048301
1000.048289
1000.048277
1000.048265
1000.048253
1000.048241
1000.048229
1000.048217
1000.048205
1000.048193
1000.048181
1000.04817
1000.048158
1000.048146
1000.048134
1000.048122
1000.04811
1000.048098
1000.048087
1000.048075
1000.048063
1000.048051
1000.048039
1000.048028
1000.048016
1000.048004
1000.047992
1000.047981
1000.047969
1000.047957
1000.047945
1000.047933
1000.047922
1000.04791
1000.047898
1000.047886
1000.047874
1000.047863
1000.047851
1000.047839
1000.047827
1000.047815
1000.047804
1000.047792
1000.04778
1000.047768
1000.047756
1000.047744
1000.047732
1000.047721
1000.047709
1000.047697
1000.047685
1000.047673
1000.047661
1000.047649
1000.047637
1000.047625
1000.047613
1000.047601
1000.047589
1000.047577
1000.047566
1000.047554
1000.047542
1000.04753
1000.047518
1000.047506
1000.047494
1000.047482
1000.047469
1000.047457
1000.047445
1000.047433
1000.047421
1000.047409
1000.047397
1000.047385
1000.047373
1000.047361
1000.047349
1000.047337
1000.047325
1000.047313
1000.047301
1000.047289
1000.047277
1000.047265
1000.047253
1000.047241
1000.047229
1000.047217
1000.047205
1000.047193
1000.047181
1000.047169
1000.047157
1000.047145
1000.047133
1000.047122
1000.04711
1000.047098
1000.047086
1000.047074
1000.047062
1000.047051
1000.047039
1000.047027
1000.047015
1000.047004
1000.046992
1000.04698
1000.046969
1000.046957
1000.046946
1000.046934
1000.046923
1000.046911
1000.0469
1000.046888
1000.046877
1000.046865
1000.046854
1000.046843
1000.046832
1000.04682
1000.046809
1000.046798
1000.046787
1000.046776
1000.046765
1000.046754
1000.046743
1000.046732
1000.046721
1000.04671
1000.0467
1000.046689
1000.046678
1000.046668
1000.046657
1000.046646
1000.046636
1000.046626
1000.046615
1000.046605
1000.046594
1000.046584
1000.046574
1000.046564
1000.046554
1000.046544
1000.046534
1000.046524
1000.046514
1000.046504
1000.046494
1000.046484
1000.046475
1000.046465
1000.046455
1000.046446
1000.046436
1000.046427
1000.046417
1000.046408
1000.046399
1000.046389
1000.04638
1000.046371
1000.046362
1000.046353
1000.046344
1000.046335
1000.046326
1000.046317
1000.046309
1000.0463
1000.046291
1000.046283
1000.046274
1000.046266
1000.046257
1000.046249
1000.04624
1000.046232
1000.046224
1000.046216
1000.046208
1000.0462
1000.046191
1000.046183
1000.046176
1000.046168
1000.04616
1000.046152
1000.046144
1000.046137
1000.046129
1000.046121
1000.046114
1000.046106
1000.046099
1000.046091
1000.046084
1000.046077
1000.046069
1000.046062
1000.046055
1000.046048
1000.046041
1000.046034
1000.046027
1000.04602
1000.046013
1000.046006
1000.045999
1000.045992
1000.045986
1000.045979
1000.045972
1000.045965
1000.045959
1000.045952
1000.045946
1000.045939
1000.045933
1000.045926
1000.04592
1000.045914
1000.045907
1000.045901
1000.045895
1000.045888
1000.045882
1000.045876
1000.04587
1000.045864
1000.045857
1000.045851
1000.045845
1000.045839
1000.045833
1000.045827
1000.045821
1000.045815
1000.045809
1000.045803
1000.045797
1000.045791
1000.045785
1000.04578
1000.045774
1000.045768
1000.045762
1000.045756
1000.04575
1000.045745
1000.045739
1000.045733
1000.045727
1000.045721
1000.045716
1000.04571
1000.045704
1000.045698
1000.045693
1000.045687
1000.045681
1000.045675
1000.04567
1000.045664
1000.045658
1000.045652
1000.045647
1000.045641
1000.045635
1000.04563
1000.045624
1000.045618
1000.045612
1000.045607
1000.045601
1000.045595
1000.045589
1000.045583
1000.045578
1000.045572
1000.045566
1000.04556
1000.045554
1000.045549
1000.045543
1000.045537
1000.045531
1000.045525
1000.04552
1000.045514
1000.045508
1000.045502
1000.045496
1000.04549
1000.045484
1000.045479
1000.045473
1000.045467
1000.045461
1000.045455
1000.045449
1000.045443
1000.045437
1000.045431
1000.045426
1000.04542
1000.045414
1000.045408
1000.045402
1000.045396
1000.04539
1000.045384
1000.045378
1000.045373
1000.045367
1000.045361
1000.045355
1000.045349
1000.045343
1000.045337
1000.045332
1000.045326
1000.04532
1000.045314
1000.045308
1000.045303
1000.045297
1000.045291
1000.045285
1000.04528
1000.045274
1000.045268
1000.045263
1000.045257
1000.045251
1000.045246
1000.04524
1000.045235
1000.045229
1000.045224
1000.045218
1000.045213
1000.045207
1000.045202
1000.045196
1000.045191
1000.045186
1000.04518
1000.045175
1000.04517
1000.045165
1000.045159
1000.045154
1000.045149
1000.045144
1000.045139
1000.045134
1000.045129
1000.045124
1000.045119
1000.045114
1000.045109
1000.045105
1000.0451
1000.045095
1000.04509
1000.045086
1000.045081
1000.045077
1000.045072
1000.045068
1000.045063
1000.045059
1000.045054
1000.04505
1000.045046
1000.045041
1000.045037
1000.045033
1000.045029
1000.045025
1000.045021
1000.045017
1000.045013
1000.045009
1000.045005
1000.045001
1000.044997
1000.044994
1000.04499
1000.044986
1000.044983
1000.044979
1000.044976
1000.044972
1000.044969
1000.044965
1000.044962
1000.044959
1000.044955
1000.044952
1000.044949
1000.044946
1000.044943
1000.04494
1000.044937
1000.044934
1000.044931
1000.044928
1000.044925
1000.044923
1000.04492
1000.044917
1000.044915
1000.044912
1000.044909
1000.044907
1000.044904
1000.044902
1000.0449
1000.044897
1000.044895
1000.044893
1000.04489
1000.044888
1000.044886
1000.044884
1000.044882
1000.04488
1000.044878
1000.044876
1000.044874
1000.044872
1000.04487
1000.044868
1000.044867
1000.044865
1000.044863
1000.044861
1000.04486
1000.044858
1000.044857
1000.044855
1000.044854
1000.044852
1000.044851
1000.044849
1000.044848
1000.044846
1000.044845
1000.044844
1000.044842
1000.044841
1000.04484
1000.044839
1000.044838
1000.044836
1000.044835
1000.044834
1000.044833
1000.044832
1000.044831
1000.04483
1000.044829
1000.044828
1000.044827
1000.044826
1000.044825
1000.044824
1000.044824
1000.044823
1000.044822
1000.044821
1000.04482
1000.04482
1000.044819
1000.044818
1000.044817
1000.044817
1000.044816
1000.044815
1000.044815
1000.044814
1000.044814
1000.044813
1000.044813
1000.044812
1000.044812
1000.044811
1000.044811
1000.04481
1000.04481
1000.04481
1000.044809
1000.044809
1000.044809
1000.044808
1000.044808
1000.044808
1000.044808
1000.044808
1000.044807
1000.044807
1000.044807
1000.044807
1000.044807
1000.044807
1000.044807
1000.044807
1000.044807
1000.044808
1000.044808
1000.044808
1000.044808
1000.044808
1000.044809
1000.044809
1000.044809
1000.04481
1000.04481
1000.04481
1000.044811
1000.044811
1000.044812
1000.044813
1000.044813
1000.044814
1000.044815
1000.044815
1000.044816
1000.044817
1000.044818
1000.044819
1000.04482
1000.044821
1000.044822
1000.044823
1000.044824
1000.044825
1000.044826
1000.044827
1000.044829
1000.04483
1000.044831
1000.044833
1000.044834
1000.044835
1000.044837
1000.044839
1000.04484
1000.044842
1000.044843
1000.044845
1000.044847
1000.044849
1000.044851
1000.044852
1000.044854
1000.044856
1000.044858
1000.04486
1000.044862
1000.044865
1000.044867
1000.044869
1000.044871
1000.044874
1000.044876
1000.044878
1000.044881
1000.044883
1000.044886
1000.044888
1000.044891
1000.044893
1000.044896
1000.044899
1000.044902
1000.044904
1000.044907
1000.04491
1000.044913
1000.044916
1000.044919
1000.044922
1000.044925
1000.044928
1000.044931
1000.044934
1000.044937
1000.044941
1000.044944
1000.044947
1000.044951
1000.044954
1000.044957
1000.044961
1000.044964
1000.044968
1000.044971
1000.044975
1000.044979
1000.044982
1000.044986
1000.04499
1000.044993
1000.044997
1000.045001
1000.045005
1000.045009
1000.045013
1000.045017
1000.045021
1000.045025
1000.045029
1000.045033
1000.045037
1000.045041
1000.045045
1000.045049
1000.045053
1000.045058
1000.045062
1000.045066
1000.045071
1000.045075
1000.045079
1000.045084
1000.045088
1000.045093
1000.045097
1000.045102
1000.045106
1000.045111
1000.045116
1000.04512
1000.045125
1000.04513
1000.045134
1000.045139
1000.045144
1000.045149
1000.045154
1000.045159
1000.045163
1000.045168
1000.045173
1000.045178
1000.045183
1000.045189
1000.045194
1000.045199
1000.045204
1000.045209
1000.045214
1000.04522
1000.045225
1000.04523
1000.045236
1000.045241
1000.045246
1000.045252
1000.045257
1000.045263
1000.045268
1000.045274
1000.04528
1000.045285
1000.045291
1000.045297
1000.045302
1000.045308
1000.045314
1000.04532
1000.045326
1000.045332
1000.045338
1000.045344
1000.04535
1000.045356
1000.045362
1000.045368
1000.045374
1000.045381
1000.045387
1000.045393
1000.045399
1000.045406
1000.045412
1000.045419
1000.045425
1000.045432
1000.045438
1000.045445
1000.045452
1000.045458
1000.045465
1000.045472
1000.045479
1000.045486
1000.045493
1000.045499
1000.045506
1000.045514
1000.045521
1000.045528
1000.045535
1000.045542
1000.045549
1000.045557
1000.045564
1000.045571
1000.045579
1000.045586
1000.045594
1000.045601
1000.045609
1000.045616
1000.045624
1000.045632
1000.04564
1000.045647
1000.045655
1000.045663
1000.045671
1000.045679
1000.045687
1000.045695
1000.045703
1000.045711
1000.045719
1000.045727
1000.045736
1000.045744
1000.045752
1000.045761
1000.045769
1000.045777
1000.045786
1000.045794
1000.045803
1000.045812
1000.04582
1000.045829
1000.045838
1000.045846
1000.045855
1000.045864
1000.045873
1000.045882
1000.04589
1000.045899
1000.045908
1000.045917
1000.045926
1000.045936
1000.045945
1000.045954
1000.045963
1000.045972
1000.045981
1000.045991
1000.046
1000.046009
1000.046019
1000.046028
1000.046038
1000.046047
1000.046057
1000.046066
1000.046076
1000.046085
1000.046095
1000.046105
1000.046114
1000.046124
1000.046134
1000.046144
1000.046153
1000.046163
1000.046173
1000.046183
1000.046193
1000.046203
1000.046213
1000.046223
1000.046233
1000.046243
1000.046253
1000.046263
1000.046273
1000.046283
1000.046294
1000.046304
1000.046314
1000.046324
1000.046335
1000.046345
1000.046355
1000.046366
1000.046376
1000.046387
1000.046397
1000.046408
1000.046418
1000.046429
1000.046439
1000.04645
1000.04646
1000.046471
1000.046482
1000.046492
1000.046503
1000.046514
1000.046525
1000.046535
1000.046546
1000.046557
1000.046568
1000.046579
1000.04659
1000.046601
1000.046612
1000.046623
1000.046634
1000.046645
1000.046656
1000.046667
1000.046679
1000.04669
1000.046701
1000.046712
1000.046723
1000.046735
1000.046746
1000.046757
1000.046769
1000.04678
1000.046792
1000.046803
1000.046815
1000.046826
1000.046838
1000.046849
1000.046861
1000.046873
1000.046884
1000.046896
1000.046908
1000.046919
1000.046931
1000.046943
1000.046955
1000.046967
1000.046978
1000.04699
1000.047002
1000.047014
1000.047026
1000.047038
1000.04705
1000.047062
1000.047074
1000.047086
1000.047098
1000.047111
1000.047123
1000.047135
1000.047147
1000.047159
1000.047171
1000.047184
1000.047196
1000.047208
1000.047221
1000.047233
1000.047245
1000.047257
1000.04727
1000.047282
1000.047295
1000.047307
1000.047319
1000.047332
1000.047344
1000.047357
1000.047369
1000.047382
1000.047394
1000.047407
1000.047419
1000.047432
1000.047444
1000.047457
1000.047469
1000.047482
1000.047494
1000.047507
1000.047519
1000.047532
1000.047544
1000.047557
1000.04757
1000.047582
1000.047595
1000.047607
1000.04762
1000.047632
1000.047645
1000.047657
1000.04767
1000.047683
1000.047695
1000.047708
1000.04772
1000.047733
1000.047745
1000.047758
1000.04777
1000.047783
1000.047795
1000.047808
1000.04782
1000.047833
1000.047845
1000.047858
1000.04787
1000.047883
1000.047895
1000.047908
1000.04792
1000.047932
1000.047945
1000.047957
1000.04797
1000.047982
1000.047994
1000.048007
1000.048019
1000.048031
1000.048044
1000.048056
1000.048068
1000.048081
1000.048093
1000.048105
1000.048118
1000.04813
1000.048142
1000.048154
1000.048167
1000.048179
1000.048191
1000.048204
1000.048216
1000.048228
1000.04824
1000.048252
1000.048265
1000.048277
1000.048289
1000.048301
1000.048314
1000.048326
1000.048338
1000.04835
1000.048362
1000.048375
1000.048387
1000.048399
1000.048411
1000.048423
1000.048436
1000.048448
1000.04846
1000.048472
1000.048485
1000.048497
1000.048509
1000.048521
1000.048534
1000.048546
1000.048558
1000.048571
1000.048583
1000.048595
1000.048607
1000.04862
1000.048632
1000.048644
1000.048657
1000.048669
1000.048682
1000.048694
1000.048706
1000.048719
1000.048731
1000.048744
1000.048756
1000.048769
1000.048781
1000.048794
1000.048806
1000.048819
1000.048831
1000.048844
1000.048856
1000.048869
1000.048881
1000.048894
1000.048906
1000.048919
1000.048932
1000.048944
1000.048957
1000.048969
1000.048982
1000.048994
1000.049007
1000.04902
1000.049032
1000.049045
1000.049057
1000.04907
1000.049083
1000.049095
1000.049108
1000.04912
1000.049133
1000.049145
1000.049158
1000.04917
1000.049183
1000.049195
1000.049207
1000.04922
1000.049232
1000.049244
1000.049256
1000.049269
1000.049281
1000.049293
1000.049305
1000.049317
1000.049329
1000.049341
1000.049353
1000.049365
1000.049377
1000.049388
1000.0494
1000.049412
1000.049423
1000.049435
1000.049446
1000.049458
1000.049469
1000.04948
1000.049491
1000.049503
1000.049514
1000.049525
1000.049536
1000.049547
1000.049557
1000.049568
1000.049579
1000.04959
1000.0496
1000.049611
1000.049621
1000.049632
1000.049642
1000.049652
1000.049662
1000.049672
1000.049683
1000.049693
1000.049703
1000.049712
1000.049722
1000.049732
1000.049742
1000.049752
1000.049761
1000.049771
1000.04978
1000.04979
1000.049799
1000.049809
1000.049818
1000.049827
1000.049836
1000.049846
1000.049855
1000.049864
1000.049873
1000.049882
1000.049891
1000.0499
1000.049909
1000.049917
1000.049926
1000.049935
1000.049944
1000.049952
1000.049961
1000.04997
1000.049978
1000.049987
1000.049995
1000.050004
1000.050012
1000.05002
1000.050029
1000.050037
1000.050045
1000.050054
1000.050062
1000.05007
1000.050078
1000.050086
1000.050094
1000.050102
1000.05011
1000.050118
1000.050126
1000.050134
1000.050142
1000.05015
1000.050158
1000.050165
1000.050173
1000.050181
1000.050189
1000.050196
1000.050204
1000.050212
1000.050219
1000.050227
1000.050235
1000.050242
1000.05025
1000.050257
1000.050265
1000.050272
1000.05028
1000.050287
1000.050295
1000.050302
1000.05031
1000.050317
1000.050324
1000.050332
1000.050339
1000.050346
1000.050354
1000.050361
1000.050369
1000.050376
1000.050383
1000.050391
1000.050398
1000.050405
1000.050413
1000.05042
1000.050427
1000.050435
1000.050442
1000.050449
1000.050457
1000.050464
1000.050471
1000.050479
1000.050486
1000.050493
1000.0505
1000.050508
1000.050515
1000.050522
1000.050529
1000.050537
1000.050544
1000.050551
1000.050558
1000.050565
1000.050573
1000.05058
1000.050587
1000.050594
1000.050601
1000.050608
1000.050615
1000.050622
1000.050629
1000.050635
1000.050642
1000.050649
1000.050656
1000.050662
1000.050669
1000.050676
1000.050682
1000.050689
1000.050695
1000.050702
1000.050708
1000.050714
1000.050721
1000.050727
1000.050733
1000.050739
1000.050745
1000.050751
1000.050758
1000.050764
1000.05077
1000.050775
1000.050781
1000.050787
1000.050793
1000.050799
1000.050804
1000.05081
1000.050816
1000.050821
1000.050827
1000.050833
1000.050838
1000.050843
1000.050849
1000.050854
1000.05086
1000.050865
1000.05087
1000.050875
1000.05088
1000.050885
1000.05089
1000.050895
1000.0509
1000.050905
1000.05091
1000.050914
1000.050919
1000.050924
1000.050928
1000.050932
1000.050937
1000.050941
1000.050945
1000.050949
1000.050953
1000.050957
1000.050961
1000.050965
1000.050969
1000.050973
1000.050976
1000.05098
1000.050983
1000.050987
1000.05099
1000.050993
1000.050996
1000.050999
1000.051003
1000.051006
1000.051008
1000.051011
1000.051014
1000.051017
1000.05102
1000.051022
1000.051025
1000.051027
1000.05103
1000.051032
1000.051034
1000.051037
1000.051039
1000.051041
1000.051043
1000.051045
1000.051048
1000.05105
1000.051052
1000.051053
1000.051055
1000.051057
1000.051059
1000.051061
1000.051062
1000.051064
1000.051066
1000.051067
1000.051069
1000.05107
1000.051072
1000.051073
1000.051075
1000.051076
1000.051078
1000.051079
1000.05108
1000.051081
1000.051083
1000.051084
1000.051085
1000.051086
1000.051087
1000.051088
1000.05109
1000.051091
1000.051092
1000.051093
1000.051094
1000.051095
1000.051096
1000.051097
1000.051098
1000.051098
1000.051099
1000.0511
1000.051101
1000.051102
1000.051103
1000.051104
1000.051105
1000.051105
1000.051106
1000.051107
1000.051108
1000.051109
1000.051109
1000.05111
1000.051111
1000.051112
1000.051113
1000.051113
1000.051114
1000.051115
1000.051116
1000.051116
1000.051117
1000.051118
1000.051119
1000.05112
1000.05112
1000.051121
1000.051122
1000.051123
1000.051124
1000.051125
1000.051125
1000.051126
1000.051127
1000.051128
1000.051129
1000.05113
1000.051131
1000.051132
1000.051133
1000.051134
1000.051135
1000.051135
1000.051136
1000.051138
1000.051139
1000.05114
1000.051141
1000.051142
1000.051143
1000.051144
1000.051145
1000.051146
1000.051147
1000.051148
1000.05115
1000.051151
1000.051152
1000.051153
1000.051154
1000.051156
1000.051157
1000.051158
1000.051159
1000.051161
1000.051162
1000.051163
1000.051164
1000.051166
1000.051167
1000.051168
1000.051169
1000.051171
1000.051172
1000.051173
1000.051174
1000.051175
1000.051176
1000.051177
1000.051178
1000.051179
1000.05118
1000.051181
1000.051182
1000.051183
1000.051183
1000.051184
1000.051185
1000.051185
1000.051186
1000.051186
1000.051186
1000.051187
1000.051187
1000.051187
1000.051187
1000.051187
1000.051187
1000.051187
1000.051187
1000.051187
1000.051186
1000.051186
1000.051185
1000.051185
1000.051184
1000.051183
1000.051182
1000.051181
1000.051179
1000.051177
1000.051175
1000.051172
1000.051168
1000.051164
1000.051157
1000.051149
1000.051137
1000.05112
1000.051095
1000.051059
1000.051006
1000.050928
1000.050812
1000.050643
1000.050394
1000.050031
1000.049502
1000.048735
1000.04763
1000.046045
1000.043786
1000.040581
1000.036061
1000.02972
1000.020876
1000.008613
999.9917142
999.9685738
999.9370919
999.8945423
999.8374142
999.7612281
999.6603306
999.5276818
999.3545756
999.1302724
998.8417015
998.4731861
998.0063914
997.4065896
996.619595
995.5679807
994.1400463
992.1729178
989.4262616
985.5419097
979.9821224
971.9366631
960.1872752
942.9271548
917.5729445
880.7096773
828.421569
757.4952422
666.1836634
557.48285
441.067051
339.5625565
248.2723958
176.4193349
123.105753
85.30890589
59.0202196
41.00062691
28.72087815
20.3419686
14.59281049
10.61540889
7.837487421
5.876566762
4.476729117
3.465561875
2.730840267
2.214456686
1.877140854
1.659992304
1.515051017
1.415298697
1.345292225
1.295582221
1.260016887
1.234447343
1.21600327
1.202671142
1.193028939
1.186054332
1.181009478
1.177364707
1.174736736
1.172846308
1.171489763
1.17051872
1.169825303
1.169330937
1.168978434
1.168726433
1.168545301
1.168414952
1.168321675
1.168254598
1.168205258
1.168167499
1.168136995
1.168110909
1.168087795
1.168067195
1.168048516
1.168030593
1.168012248
1.167992873
1.167971904
1.167950486
1.167930583
1.167912709
1.167897035
1.167883481
1.167871783
1.167861565
1.167852415
1.167843941
1.16783582
1.167827817
1.167819809
1.167811715
1.167803446
1.167794936
1.167786162
1.167777139
1.167767909
1.167758506
1.167748931
1.167739139
1.167729033
1.167718486
1.167707362
1.167695551
1.167682992
1.167669694
1.167655694
1.167641582
1.167628291
1.167616103
1.167605122
1.16759534
1.167586668
1.167578959
1.167572036
1.167565717
1.167559826
1.167554209
1.16754874
1.167543326
1.167537915
1.167532473
1.167526952
1.167521301
1.167515469
1.167509416
1.167503111
1.167496535
1.167489669
1.167482505
1.167475039
1.167467272
1.167459201
1.167450914
1.167442923
1.16743556
1.167429013
1.167423411
1.167418825
1.167415264
1.167412687
1.167411004
1.167410088
1.167409773
1.167409825
1.167410084
1.167410641
1.167411535
1.167412732
1.167414179
1.1674156
1.167416739
1.167417562
1.167418081
1.167418363
1.167418516
1.167418568
1.167418467
1.167418195
1.167417807
1.167417562
1.16741754
1.167417653
1.167417936
1.167418518
1.167419498
1.167420995
1.167423126
1.16742599
1.167429668
1.167434213
1.167439652
1.167445978
1.167453149
1.167461088
1.167469686
1.167478807
1.167488317
1.167497893
1.167507138
1.167515986
1.167524441
1.167532536
1.16754033
1.167547901
1.167555333
1.167562703
1.167570061
1.167577442
1.167584899
1.167592508
1.16760036
1.167608555
1.167617197
1.16762639
1.167636227
1.167646794
1.167658154
1.167670352
1.167683407
1.167697313
1.167712032
1.167727504
1.167743639
1.167760327
1.167777446
1.167794872
1.167812384
1.16782968
1.167846719
1.167863517
1.167880111
1.167896551
1.167912892
1.167929189
1.167945475
1.167961775
1.167978122
1.167994568
1.168011171
1.168028
1.168045125
1.168062615
1.168080533
1.168098936
1.16811787
1.168137365
1.168157437
1.168178084
1.168199286
1.168221009
1.168243201
1.168265801
1.168288738
1.16831194
1.168335335
1.168358858
1.168382457
1.168406095
1.168429754
1.168453433
1.168477147
1.168500926
1.168524809
1.168548842
1.168573074
1.168597553
1.168622328
1.168647445
1.168672943
1.168698854
1.168725201
1.168751992
1.168779223
1.168806876
1.168834914
1.168863288
1.168891937
1.168920791
1.168949748
1.168978599
1.169007282
1.169035807
1.1690642
1.169092499
1.169120748
1.16914898
1.169177216
1.169205478
1.169233806
1.169262247
1.169290861
1.169319712
1.169348867
1.169378393
1.169408355
1.16943881
1.169469807
1.169501382
1.169533557
1.169566336
1.169599707
1.169633639
1.169668085
1.169702979
1.169738245
1.169773796
1.169809549
1.169845342
1.16988098
1.16991644
1.169951729
1.169986866
1.170021877
1.170056789
1.170091636
1.170126445
1.170161239
1.170196032
1.170230833
1.170265658
1.170300525
1.170335454
1.170370458
1.17040555
1.170440732
1.170476003
1.170511354
1.170546688
1.170581892
1.170616922
1.170651747
1.17068635
1.170720724
1.170754878
1.170788828
1.1708226
1.170856226
1.170889742
1.170923183
1.170956585
1.170989971
1.171023358
1.171056757
1.171090188
1.171123674
1.17115724
1.171190908
1.171224694
1.171258609
1.171292655
1.171326825
1.171361109
1.171395428
1.171429608
1.171463574
1.171497278
1.171530679
1.171563752
1.171596482
1.171628861
1.171660892
1.17169258
1.171723935
1.171754964
1.171785675
1.171816066
1.171846133
1.171875863
1.171905234
1.171934219
1.171962783
1.171990889
1.172018494
1.172045559
1.172072044
1.172097914
1.172123142
1.172147706
1.172171592
1.172194798
1.172217324
1.172239182
1.172260385
1.172280951
1.172300898
1.172320241
1.172338994
1.172357161
1.172374743
1.172391729
1.172408102
1.172423834
1.172438889
1.172453224
1.172466793
1.172479541
1.172491417
1.172502365
1.172512336
1.17252128
1.172529157
1.172535933
1.172541584
1.172546099
1.172549488
1.172551791
1.172553105
1.172553612
1.172553657
1.172553332
1.172552427
1.172550761
1.17254821
1.172544697
1.172540172
1.172534609
1.172528
1.172520345
1.172511653
1.17250194
1.172491221
1.172479512
1.172466829
1.172453182
1.172438579
1.172423023
1.172406511
1.172389034
1.172370582
1.172351136
1.172330677
1.172309184
1.172286634
1.172263004
1.172238276
1.17221243
1.172185454
1.172157339
1.172128081
1.17209768
1.172066142
1.172033479
1.171999703
1.171964833
1.171928888
1.171891889
1.171853858
1.171814816
1.171774784
1.171733782
1.171691826
1.171648935
1.171605122
1.171560402
1.171514789
1.171468296
1.171420937
1.171372728
1.171323683
1.171273821
1.171223161
1.171171723
1.171119528
1.171066599
1.171012958
1.170958627
1.170903626
1.170847976
1.170791692
1.170734789
1.17067728
1.170619173
1.170560477
1.170501197
1.170441337
1.170380903
1.1703199
1.170258337
1.170196224
1.170133577
1.170070416
1.170006766
1.169942658
1.169878131
1.169813224
1.169747986
1.169682466
1.169616716
1.169550789
1.169484736
1.169418603
1.169352478
1.16928642
1.16922043
1.169154505
1.169088643
1.16902284
1.168957099
1.168891423
1.168825819
1.168760302
1.168694891
1.168629607
1.168564479
1.16849954
1.168434824
1.168370369
1.168306215
1.168242401
1.168178967
1.168115953
1.168053396
1.167991332
1.167929795
1.167868818
1.167808431
1.167748663
1.16768954
1.167631087
1.167573329
1.167516288
1.167459985
1.167404439
1.167349668
1.167295687
1.167242509
1.167190144
1.167138599
1.167087875
1.167037974
1.166988889
1.166940611
1.166893127
1.166846422
1.166800475
1.166755264
1.166710767
1.166666958
1.166623813
1.166581308
1.166539421
1.166498132
1.166457423
1.16641728
1.166377691
1.166338648
1.166300146
1.166262181
1.166224753
1.166187862
1.166151508
1.16611569
1.166080409
1.16604566
1.166011439
1.165977737
1.165944543
1.165911842
1.165879619
1.165847855
1.165816528
1.165785619
1.165755106
1.165724972
1.1656952
1.165665777
1.165636696
1.165607955
1.165579555
1.165551505
1.165523821
1.165496522
1.165469635
1.16544319
1.165417221
1.165391766
1.165366865
1.16534256
1.165318895
1.165295911
1.165273653
1.165252164
1.165231485
1.165211659
1.165192727
1.16517473
1.165157711
1.16514171
1.165126771
1.165112938
1.165100254
1.165088766
1.16507852
1.165069561
1.165061933
1.165055669
1.165050792
1.165047292
1.165045107
1.165044069
1.165043833
1.165044051
1.165044924
1.165046732
1.165049694
1.165053974
1.165059697
1.165066962
1.165075851
1.165086434
1.165098772
1.165112917
1.165128916
1.16514681
1.165166636
1.165188422
1.165212195
1.165237974
1.165265774
1.165295604
1.165327467
1.165361363
1.165397286
1.165435225
1.165475166
1.165517092
1.165560983
1.165606815
1.165654566
1.16570421
1.165755721
1.165809076
1.165864249
1.165921217
1.165979958
1.166040449
1.166102673
1.166166609
1.166232242
1.166299554
1.16636853
1.166439154
1.166511412
1.166585288
1.166660765
1.166737827
1.166816457
1.166896634
1.166978338
1.167061546
1.167146235
1.16723238
1.167319951
1.167408921
1.167499258
1.167590928
1.167683898
1.16777813
1.167873586
1.167970224
1.168068001
1.168166871
1.168266785
1.168367693
1.168469541
1.168572271
1.168675824
1.168780138
1.168885148
1.168990787
1.169096986
1.169203676
1.169310786
1.169418246
1.169525987
1.169633941
1.169742047
1.169850242
1.169958393
1.17006643
1.170174347
1.170282144
1.170389828
1.170497407
1.170604895
1.170712309
1.170819666
1.170926986
1.171034285
1.171141574
1.171248862
1.171356159
1.171463476
1.17157083
1.171678237
1.171785716
1.171893286
1.172000965
1.17210877
1.172216715
1.172324811
1.172433067
1.172541487
1.172650069
1.172758809
1.172867694
1.172976707
1.173085836
1.173195002
1.173304019
1.173412796
1.173521256
1.173629322
1.17373692
1.173843982
1.173950441
1.174056238
1.174161321
1.174265645
1.174369173
1.174471877
1.17457374
1.174674751
1.174774912
1.17487423
1.174972723
1.175070415
1.175167338
1.175263526
1.175359019
1.175453858
1.175548082
1.175641729
1.17573483
1.175827408
1.175919475
1.176011029
1.176102051
1.176192503
1.176282324
1.176371428
1.176459702
1.176547003
1.176633157
1.176717957
1.176801164
1.176882503
1.176961663
1.177038299
1.177112034
1.177182453
1.177249112
1.177311537
1.177369226
1.17742166
1.177468309
1.177508651
1.177542202
1.177568574
1.177587567
1.177599362
1.177604808
1.17760591
1.177604453
1.177599137
1.177588324
1.177570673
1.17754512
1.177510778
1.177466875
1.177412706
1.177347614
1.177270977
1.177182195
1.177080683
1.176965871
1.176837199
1.176694117
1.176536084
1.176362568
1.176173045
1.175966999
1.175743923
1.175503319
1.175244698
1.174967576
1.174671482
1.174355953
1.174020534
1.173664783
1.173288272
1.172890587
1.172471332
1.172030135
1.171566653
1.171080576
1.170571637
1.170039618
1.169484365
1.168905798
1.168303922
1.167678846
1.167030796
1.166360135
1.165667377
1.164953212
1.164218523
1.163464425
1.162692278
1.161903688
1.161100549
1.160285079
1.159458835
1.158628369
1.157808665
1.157006961
1.156228987
1.155480235
1.154765928
1.154090914
1.153459568
1.152875718
1.152342585
1.15186274
1.151438081
1.151069845
1.150758601
1.150504205
1.150305681
1.150161057
1.150066787
1.150016721
1.1500005
1.150002326
1.150023536
1.150073896
1.15016042
1.150287434
1.150457172
1.150670395
1.150926864
1.151225601
1.151565108
1.151943527
1.152358761
1.152808565
1.153290611
1.153802538
1.154341987
1.154906629
1.15549418
1.156102412
1.15672916
1.157372322
1.15802986
1.158699796
1.159380203
1.160069208
1.160764989
1.161465954
1.162169606
1.162869557
1.163562639
1.164247024
1.164920875
1.165582337
1.16622954
1.166860608
1.167473663
1.168066835
1.16863827
1.169186148
1.169708694
1.170204199
1.17067104
1.171107703
1.171512811
1.171885152
1.1722237
1.172527642
1.172796403
1.173029675
1.173227458
1.173390084
1.173518276
1.173613273
1.173677124
1.173713189
1.173726976
1.173728033
1.173719182
1.173695202
1.173651783
1.173586374
1.173497929
1.173386522
1.17325307
1.173099153
1.172926875
1.172738748
1.172537568
1.172326284
1.172107546
1.171887044
1.171672987
1.171467472
1.171271563
1.171086025
1.170911376
1.170747921
1.170595772
1.170454877
1.170325041
1.170205956
1.170097219
1.169998354
1.169908835
1.169828099
1.169755559
1.169690625
1.169632705
1.169581219
1.169535605
1.169495326
1.16945987
1.169428756
1.169401534
1.169377787
1.169357133
1.169339218
1.169323724
1.169310358
1.16929886
1.169288995
1.169280552
1.169273346
1.16926721
1.169261999
1.169257583
1.169253852
1.169250706
1.169248059
1.169245836
1.169243977
1.169242426
1.169241129
1.169240044
1.169239159
1.169238438
1.169237824
1.169237317
1.169236901
1.169236559
1.169236279
1.169236051
1.169235865
1.169235713
1.16923559
1.169235491
1.16923541
1.169235345
1.169235293
1.169235251
1.169235218
1.169235191
1.169235169
1.169235152
1.169235138
1.169235127
1.169235118
1.169235112
1.169235106
1.169235102
1.169235098
1.169235096
1.169235094
1.169235092
1.169235091
1.16923509
1.169235089
1.169235088
1.169235088
1.169235088
1.169235087
1.169235087
1.169235087
1.169235087
1.169235087
1.169235087
1.169235086
1.169235086
1.169235086
1.169235086
1.169235086
1.169235086
1.169235086
1.169235086
1.169235086
1.169235086
1.169235086
1.169235086
1.169235086
1.169235086
1.169235086
1.169235086
1.169235086
1.169235086
1.169235086
1.169235086
1.169235086
1.169235086
1.169235086
1.169235086
1.169235086
1.169235086
1.169235086
1.169235086
1.169235086
1.169235086
1.169235086
1.169235086
1.169235086
1.169235086
1.169235086
1.169235086
1.169235086
1.169235086
1.169235086
1.169235086
1.169235086
1.169235086
1.169235086
1.169235086
1.169235086
1.169235086
1.169235086
1.169235086
1.169235086
1.169235086
1.169235086
1.169235086
1.169235086
1.169235086
1.169235086
1.169235086
1.169235086
1.169235086
1.169235086
1.169235086
1.169235086
1.169235086
1.169235086
1.169235086
1.169235086
1.169235086
1.169235086
1.169235086
1.169235086
1.169235086
1.169235086
1.169235086
1.169235086
1.169235086
1.169235086
1.169235086
1.169235086
1.169235086
1.169235086
1.169235086
1.169235086
1.169235086
1.169235086
1.169235086
1.169235086
1.169235086
1.169235086
1.169235086
1.169235086
1.169235086
1.169235086
1.169235086
1.169235086
1.169235086
1.169235086
1.169235086
1.169235086
1.169235086
1.169235086
1.169235086
1.169235086
1.169235086
1.169235086
1.169235086
1.169235086
1.169235086
1.169235086
1.169235086
1.169235086
1.169235086
1.169235086
1.169235086
1.169235086
1.169235086
1.169235086
1.169235086
1.169235086
1.169235086
1.169235086
1.169235086
1.169235086
1.169235086
1.169235086
1.169235086
1.169235086
1.169235086
1.169235086
1.169235086
1.169235086
1.169235086
1.169235086
1.169235086
1.169235086
1.169235086
1.169235086
1.169235086
1.169235086
1.169235086
1.169235086
1.169235086
1.169235086
1.169235086
1.169235086
1.169235086
1.169235086
1.169235086
1.169235086
1.169235086
1.169235086
1.169235086
1.169235086
1.169235086
1.169235086
1.169235086
1.169235086
1.169235086
1.169235086
1.169235086
1.169235086
1.169235086
1.169235086
1.169235086
1.169235086
1.169235086
1.169235086
1.169235086
1.169235086
1.169235086
1.169235086
1.169235086
1.169235086
1.169235086
1.169235086
1.169235086
1.169235086
1.169235086
1.169235086
1.169235086
1.169235086
1.169235086
1.169235086
1.169235086
1.169235086
1.169235086
1.169235086
1.169235086
1.169235086
1.169235086
1.169235086
1.169235086
1.169235086
1.169235086
1.169235086
1.169235086
1.169235086
1.169235086
1.169235086
1.169235086
1.169235086
1.169235086
1.169235086
1.169235086
1.169235086
1.169235086
1.169235086
1.169235086
1.169235086
1.169235086
1.169235086
1.169235086
1.169235086
1.169235086
1.169235086
1.169235086
1.169235086
1.169235086
1.169235086
1.169235086
1.169235086
1.169235086
1.169235086
1.169235086
1.169235086
1.169235086
1.169235086
1.169235086
1.169235086
1.169235086
1.169235086
1.169235086
1.169235086
1.169235086
1.169235086
1.169235086
1.169235086
1.169235086
1.169235086
1.169235086
1.169235086
1.169235086
1.169235086
1.169235086
1.169235086
1.169235086
1.169235086
1.169235086
1.169235086
1.169235086
1.169235086
1.169235086
1.169235086
1.169235086
1.169235086
1.169235086
1.169235086
1.169235086
1.169235086
1.169235086
1.169235086
1.169235086
1.169235086
1.169235086
1.169235086
1.169235086
1.169235086
1.169235086
1.169235086
1.169235086
1.169235086
1.169235086
1.169235086
1.169235086
1.169235086
1.169235086
1.169235086
1.169235086
1.169235086
1.169235086
1.169235086
1.169235086
1.169235086
1.169235086
1.169235086
1.169235086
1.169235086
1.169235086
1.169235086
1.169235086
1.169235086
1.169235086
1.169235086
1.169235086
1.169235086
1.169235086
1.169235086
1.169235086
1.169235086
1.169235086
1.169235086
1.169235086
1.169235086
1.169235086
1.169235086
1.169235086
1.169235086
1.169235086
1.169235086
1.169235086
1.169235086
1.169235086
1.169235086
1.169235086
1.169235086
1.169235086
1.169235086
1.169235086
1.169235086
1.169235086
1.169235086
1.169235086
1.169235086
1.169235086
1.169235086
1.169235086
1.169235086
1.169235086
1.169235086
1.169235086
1.169235086
1.169235086
1.169235086
1.169235086
1.169235086
1.169235086
1.169235086
1.169235086
1.169235086
1.169235086
1.169235086
1.169235086
1.169235086
1.169235086
1.169235086
1.169235086
1.169235086
1.169235086
1.169235086
1.169235086
1.169235086
1.169235086
1.169235086
1.169235086
1.169235086
1.169235086
1.169235086
1.169235086
1.169235086
1.169235086
1.169235086
1.169235086
1.169235086
1.169235086
1.169235086
1.169235086
1.169235086
1.169235086
1.169235086
1.169235086
1.169235086
1.169235086
1.169235086
1.169235086
1.169235086
1.169235086
1.169235086
1.169235086
1.169235086
1.169235086
1.169235086
1.169235086
1.169235086
1.169235086
1.169235086
1.169235086
1.169235086
1.169235086
1.169235086
1.169235086
1.169235086
1.169235086
1.169235086
1.169235086
1.169235086
1.169235086
1.169235086
1.169235086
1.169235086
1.169235086
1.169235086
1.169235086
1.169235086
1.169235086
1.169235086
1.169235086
1.169235086
1.169235086
1.169235086
1.169235086
1.169235086
1.169235086
1.169235086
1.169235086
1.169235086
1.169235086
1.169235086
1.169235086
1.169235086
1.169235086
1.169235086
1.169235086
1.169235086
1.169235086
1.169235086
1.169235086
1.169235086
1.169235086
1.169235086
1.169235086
1.169235086
1.169235086
1.169235086
1.169235086
1.169235086
1.169235086
1.169235086
1.169235086
1.169235086
1.169235086
1.169235086
1.169235086
1.169235086
1.169235086
1.169235086
1.169235086
1.169235086
1.169235086
1.169235086
1.169235086
1.169235086
1.169235086
1.169235086
1.169235086
1.169235086
1.169235086
1.169235086
1.169235086
1.169235086
1.169235086
1.169235086
1.169235086
1.169235086
1.169235086
1.169235086
1.169235086
1.169235086
1.169235086
1.169235086
1.169235086
1.169235086
1.169235086
1.169235086
1.169235086
1.169235086
1.169235086
1.169235086
1.169235086
1.169235086
1.169235086
1.169235086
1.169235086
1.169235086
1.169235086
1.169235086
1.169235086
1.169235086
1.169235086
1.169235086
1.169235086
1.169235086
1.169235086
1.169235086
1.169235086
1.169235086
1.169235086
1.169235086
1.169235086
1.169235086
1.169235086
1.169235086
1.169235086
1.169235086
1.169235086
1.169235086
1.169235086
1.169235086
1.169235086
1.169235086
1.169235086
1.169235086
1.169235086
1.169235086
1.169235086
1.169235086
1.169235086
1.169235086
1.169235086
1.169235086
1.169235086
1.169235086
1.169235086
1.169235086
1.169235086
1.169235086
1.169235086
1.169235086
1.169235086
1.169235086
1.169235086
1.169235086
1.169235086
1.169235086
1.169235086
1.169235086
1.169235086
1.169235086
1.169235086
1.169235086
1.169235086
1.169235086
1.169235086
1.169235086
1.169235086
1.169235086
1.169235086
1.169235086
1.169235086
1.169235086
1.169235086
1.169235086
1.169235086
1.169235086
1.169235086
1.169235086
1.169235086
1.169235086
1.169235086
1.169235086
1.169235086
1.169235086
1.169235086
1.169235086
1.169235086
1.169235086
1.169235086
1.169235086
1.169235086
1.169235086
1.169235086
1.169235086
1.169235086
1.169235086
1.169235086
1.169235086
1.169235086
1.169235086
1.169235086
1.169235086
1.169235086
1.169235086
1.169235086
1.169235086
1.169235086
1.169235086
1.169235086
1.169235086
1.169235086
1.169235086
1.169235086
1.169235086
1.169235086
1.169235086
1.169235086
1.169235086
1.169235086
1.169235086
1.169235086
1.169235086
1.169235086
1.169235086
1.169235086
1.169235086
1.169235086
1.169235086
1.169235086
1.169235086
1.169235086
1.169235086
1.169235086
1.169235086
1.169235086
1.169235086
1.169235086
1.169235086
1.169235086
1.169235086
1.169235086
1.169235086
1.169235086
1.169235086
1.169235086
1.169235086
1.169235086
1.169235086
1.169235086
1.169235086
1.169235086
1.169235086
1.169235086
1.169235086
1.169235086
1.169235086
1.169235086
1.169235086
1.169235086
1.169235086
1.169235086
1.169235086
1.169235086
1.169235086
1.169235086
1.169235086
1.169235086
1.169235086
1.169235086
1.169235086
1.169235086
1.169235086
1.169235086
1.169235086
1.169235086
1.169235086
1.169235086
1.169235086
1.169235086
1.169235086
1.169235086
1.169235086
1.169235086
1.169235086
1.169235086
1.169235086
1.169235086
1.169235086
1.169235086
1.169235086
1.169235086
1.169235086
1.169235086
1.169235086
1.169235086
1.169235086
1.169235086
1.169235086
1.169235086
1.169235086
1.169235086
1.169235086
1.169235086
1.169235086
1.169235086
1.169235086
1.169235086
1.169235086
1.169235086
1.169235086
1.169235086
1.169235086
1.169235086
1.169235086
1.169235086
1.169235086
1.169235086
1.169235086
1.169235086
1.169235086
1.169235086
1.169235086
1.169235086
1.169235086
1.169235086
1.169235086
1.169235086
1.169235086
1.169235086
1.169235086
1.169235086
1.169235086
1.169235086
1.169235086
1.169235086
1.169235086
1.169235086
1.169235086
1.169235086
1.169235086
1.169235086
1.169235086
1.169235086
1.169235086
1.169235086
1.169235086
1.169235086
1.169235086
1.169235086
1.169235086
1.169235086
1.169235086
1.169235086
1.169235086
1.169235086
1.169235086
1.169235086
1.169235086
1.169235086
1.169235086
1.169235086
1.169235086
1.169235086
1.169235086
1.169235086
1.169235086
1.169235086
1.169235086
1.169235086
1.169235086
1.169235086
1.169235086
1.169235086
1.169235086
1.169235086
1.169235086
1.169235086
1.169235086
1.169235086
1.169235086
1.169235086
1.169235086
1.169235086
1.169235086
1.169235086
1.169235086
1.169235086
1.169235086
1.169235086
1.169235086
1.169235086
1.169235086
1.169235086
1.169235086
1.169235086
1.169235086
1.169235086
1.169235086
1.169235086
1.169235086
1.169235086
1.169235086
1.169235086
1.169235086
1.169235086
1.169235086
1.169235086
1.169235086
1.169235086
1.169235086
1.169235086
1.169235086
1.169235086
1.169235086
1.169235086
1.169235086
1.169235086
1.169235086
1.169235086
1.169235086
1.169235086
1.169235086
1.169235086
1.169235086
1.169235086
1.169235086
1.169235086
1.169235086
1.169235086
1.169235086
1.169235086
1.169235086
1.169235086
1.169235086
1.169235086
1.169235086
1.169235086
1.169235086
1.169235086
1.169235086
1.169235086
1.169235086
1.169235086
1.169235086
1.169235086
1.169235086
1.169235086
1.169235086
1.169235086
1.169235086
1.169235086
1.169235086
1.169235086
1.169235086
1.169235086
1.169235086
1.169235086
1.169235086
1.169235086
1.169235086
1.169235086
1.169235086
1.169235086
1.169235086
1.169235086
1.169235086
1.169235086
1.169235086
1.169235086
1.169235086
1.169235086
1.169235086
1.169235086
1.169235086
1.169235086
1.169235086
1.169235086
1.169235086
1.169235086
1.169235086
1.169235086
1.169235086
1.169235086
1.169235086
1.169235086
1.169235086
1.169235086
1.169235086
1.169235086
1.169235086
1.169235086
1.169235086
1.169235086
1.169235086
1.169235086
1.169235086
1.169235086
1.169235086
1.169235086
1.169235086
1.169235086
1.169235086
1.169235086
1.169235086
1.169235086
1.169235086
1.169235086
1.169235086
1.169235086
1.169235086
1.169235086
1.169235086
1.169235086
1.169235086
1.169235086
1.169235086
1.169235086
1.169235086
1.169235086
1.169235086
1.169235086
1.169235086
1.169235086
1.169235086
1.169235086
1.169235086
1.169235086
1.169235086
1.169235086
1.169235086
1.169235086
1.169235086
1.169235086
1.169235086
1.169235086
1.169235086
1.169235086
1.169235086
1.169235086
1.169235086
1.169235086
1.169235086
1.169235086
1.169235086
1.169235086
1.169235086
1.169235086
1.169235086
1.169235086
1.169235086
1.169235086
1.169235086
1.169235086
1.169235086
1.169235086
1.169235086
1.169235086
1.169235086
1.169235086
1.169235086
1.169235086
1.169235086
1.169235086
1.169235086
1.169235086
1.169235086
1.169235086
1.169235086
1.169235086
1.169235086
1.169235086
1.169235086
1.169235086
1.169235086
1.169235086
1.169235086
1.169235086
1.169235086
1.169235086
1.169235086
1.169235086
1.169235086
1.169235086
1.169235086
1.169235086
1.169235086
1.169235086
1.169235086
1.169235086
1.169235086
1.169235086
1.169235086
1.169235086
1.169235086
1.169235086
1.169235086
1.169235086
1.169235086
1.169235086
1.169235086
1.169235086
1.169235086
1.169235086
1.169235086
1.169235086
1.169235086
1.169235086
1.169235086
1.169235086
1.169235086
1.169235086
1.169235086
1.169235086
1.169235086
1.169235086
1.169235086
1.169235086
1.169235086
1.169235086
1.169235086
1.169235086
1.169235086
1.169235086
1.169235086
1.169235086
1.169235086
1.169235086
1.169235086
1.169235086
1.169235086
1.169235086
1.169235086
1.169235086
1.169235086
1.169235086
1.169235086
1.169235086
1.169235086
1.169235086
1.169235086
1.169235086
1.169235086
1.169235086
1.169235086
1.169235086
1.169235086
1.169235086
1.169235086
1.169235086
1.169235086
1.169235086
1.169235086
1.169235086
1.169235086
1.169235086
1.169235086
1.169235086
1.169235086
1.169235086
1.169235086
1.169235086
1.169235086
1.169235086
1.169235086
1.169235086
1.169235086
1.169235086
1.169235086
1.169235086
1.169235086
1.169235086
1.169235086
1.169235086
1.169235086
1.169235086
1.169235086
1.169235086
1.169235086
1.169235086
1.169235086
1.169235086
1.169235086
1.169235086
1.169235086
1.169235086
1.169235086
1.169235086
1.169235086
1.169235086
1.169235086
1.169235086
1.169235086
1.169235086
1.169235086
1.169235086
1.169235086
1.169235086
1.169235086
1.169235086
1.169235086
1.169235086
1.169235086
1.169235086
1.169235086
1.169235086
1.169235086
1.169235086
1.169235086
1.169235086
1.169235086
1.169235086
1.169235086
1.169235086
1.169235086
1.169235086
1.169235086
1.169235086
1.169235086
1.169235086
1.169235086
1.169235086
1.169235086
1.169235086
1.169235086
1.169235086
1.169235086
1.169235086
1.169235086
1.169235086
1.169235086
1.169235086
1.169235086
1.169235086
1.169235086
1.169235086
1.169235086
1.169235086
1.169235086
1.169235086
1.169235086
1.169235086
1.169235086
1.169235086
1.169235086
1.169235086
1.169235086
1.169235086
1.169235086
1.169235086
1.169235086
1.169235086
1.169235086
1.169235086
1.169235086
1.169235086
1.169235086
1.169235086
1.169235086
1.169235086
1.169235086
1.169235086
1.169235086
1.169235086
1.169235086
1.169235086
1.169235086
1.169235086
1.169235086
1.169235086
1.169235086
1.169235086
1.169235086
1.169235086
1.169235086
1.169235086
1.169235086
1.169235086
1.169235086
1.169235086
1.169235086
1.169235086
1.169235086
1.169235086
1.169235086
1.169235086
1.169235086
1.169235086
1.169235086
1.169235086
1.169235086
1.169235086
1.169235086
1.169235086
1.169235086
1.169235086
1.169235086
1.169235086
1.169235086
1.169235086
1.169235086
1.169235086
1.169235086
1.169235086
1.169235086
1.169235086
1.169235086
1.169235086
1.169235086
1.169235086
1.169235086
1.169235086
1.169235086
1.169235086
1.169235086
1.169235086
1.169235086
1.169235086
1.169235086
1.169235086
1.169235086
1.169235086
1.169235086
1.169235086
1.169235086
1.169235086
1.169235086
1.169235086
1.169235086
1.169235086
1.169235086
1.169235086
1.169235086
1.169235086
1.169235086
1.169235086
1.169235086
1.169235086
1.169235086
1.169235086
1.169235086
1.169235086
1.169235086
1.169235086
1.169235086
1.169235086
1.169235086
1.169235086
1.169235086
1.169235086
1.169235086
1.169235086
1.169235086
1.169235086
1.169235086
1.169235086
1.169235086
1.169235086
1.169235086
1.169235086
1.169235086
1.169235086
1.169235086
1.169235086
1.169235086
1.169235086
1.169235086
1.169235086
1.169235086
1.169235086
1.169235086
1.169235086
1.169235086
1.169235086
1.169235086
1.169235086
1.169235086
1.169235086
1.169235086
1.169235086
1.169235086
1.169235086
1.169235086
1.169235086
1.169235086
1.169235086
1.169235086
1.169235086
1.169235086
1.169235086
1.169235086
1.169235086
1.169235086
1.169235086
1.169235086
1.169235086
1.169235086
1.169235086
1.169235086
1.169235086
1.169235086
1.169235086
1.169235086
1.169235086
1.169235086
1.169235086
1.169235086
1.169235086
1.169235086
1.169235086
1.169235086
1.169235086
1.169235086
1.169235086
1.169235086
1.169235086
1.169235086
1.169235086
1.169235086
1.169235086
1.169235086
1.169235086
1.169235086
1.169235086
1.169235086
1.169235086
1.169235086
1.169235086
1.169235086
1.169235086
1.169235086
1.169235086
1.169235086
1.169235086
1.169235086
1.169235086
1.169235086
1.169235086
1.169235086
1.169235086
1.169235086
1.169235086
1.169235086
1.169235086
1.169235086
1.169235086
1.169235086
1.169235086
1.169235086
1.169235086
1.169235086
1.169235086
1.169235086
1.169235086
1.169235086
1.169235086
1.169235086
1.169235086
1.169235086
1.169235086
1.169235086
1.169235086
1.169235086
1.169235086
1.169235086
1.169235086
1.169235086
1.169235086
1.169235086
1.169235086
1.169235086
1.169235086
1.169235086
1.169235086
1.169235086
1.169235086
1.169235086
1.169235086
1.169235086
1.169235086
1.169235086
1.169235086
1.169235086
1.169235086
1.169235086
1.169235086
1.169235086
1.169235086
1.169235086
1.169235086
1.169235086
1.169235086
1.169235086
1.169235086
1.169235086
1.169235086
1.169235086
1.169235086
1.169235086
1.169235086
1.169235086
1.169235086
1.169235086
1.169235086
1.169235086
1.169235086
1.169235086
1.169235086
1.169235086
1.169235086
1.169235086
1.169235086
1.169235086
1.169235086
1.169235086
1.169235086
1.169235086
1.169235086
1.169235086
1.169235086
1.169235086
1.169235086
1.169235086
1.169235086
1.169235086
1.169235086
1.169235086
1.169235086
1.169235086
1.169235086
1.169235086
1.169235086
1.169235086
1.169235086
1.169235086
1.169235086
1.169235086
1.169235086
1.169235086
1.169235086
1.169235086
1.169235086
1.169235086
1.169235086
1.169235086
1.169235086
1.169235086
1.169235086
1.169235086
1.169235086
1.169235086
1.169235086
1.169235086
1.169235086
1.169235086
1.169235086
1.169235086
1.169235086
1.169235086
1.169235086
1.169235086
1.169235086
1.169235086
1.169235086
1.169235086
1.169235086
1.169235086
1.169235086
1.169235086
1.169235086
1.169235086
1.169235086
1.169235086
1.169235086
1.169235086
1.169235086
1.169235086
1.169235086
1.169235086
1.169235086
1.169235086
1.169235086
1.169235086
1.169235086
1.169235086
1.169235086
1.169235086
1.169235086
1.169235086
1.169235086
1.169235086
1.169235086
1.169235086
1.169235086
1.169235086
1.169235086
1.169235086
1.169235086
1.169235086
1.169235086
1.169235086
1.169235086
1.169235086
1.169235086
1.169235086
1.169235086
1.169235086
1.169235086
1.169235086
1.169235086
1.169235086
1.169235086
1.169235086
1.169235086
1.169235086
1.169235086
1.169235086
1.169235086
1.169235086
1.169235086
1.169235086
1.169235086
1.169235086
1.169235086
1.169235086
1.169235086
1.169235086
1.169235086
1.169235086
1.169235086
1.169235086
1.169235086
1.169235086
1.169235086
1.169235086
1.169235086
1.169235086
1.169235086
1.169235086
1.169235086
1.169235086
1.169235086
1.169235086
1.169235086
1.169235086
1.169235086
1.169235086
1.169235086
1.169235086
1.169235086
1.169235086
1.169235086
1.169235086
1.169235086
1.169235086
1.169235086
1.169235086
1.169235086
1.169235086
1.169235086
1.169235086
1.169235086
1.169235086
1.169235086
1.169235086
1.169235086
1.169235086
1.169235086
1.169235086
1.169235086
1.169235086
1.169235086
1.169235086
1.169235086
1.169235086
1.169235086
1.169235086
1.169235086
1.169235086
1.169235086
1.169235086
1.169235086
1.169235086
1.169235086
1.169235086
1.169235086
1.169235086
1.169235086
1.169235086
1.169235086
1.169235086
1.169235086
1.169235086
1.169235086
1.169235086
1.169235086
1.169235086
1.169235086
1.169235086
1.169235086
1.169235086
1.169235086
1.169235086
1.169235086
1.169235086
1.169235086
1.169235086
1.169235086
1.169235086
1.169235086
1.169235086
1.169235086
1.169235086
1.169235086
1.169235086
1.169235086
1.169235086
1.169235086
1.169235086
1.169235086
1.169235086
1.169235086
1.169235086
1.169235086
1.169235086
1.169235086
1.169235086
1.169235086
1.169235086
1.169235086
1.169235086
1.169235086
1.169235086
1.169235086
1.169235086
1.169235086
1.169235086
1.169235086
1.169235086
1.169235086
1.169235086
1.169235086
1.169235086
1.169235086
1.169235086
1.169235086
1.169235086
1.169235086
1.169235086
1.169235086
1.169235086
1.169235086
1.169235086
1.169235086
1.169235086
1.169235086
1.169235086
1.169235086
1.169235086
1.169235086
1.169235086
1.169235086
1.169235086
1.169235086
1.169235086
1.169235086
1.169235086
1.169235086
1.169235086
1.169235086
1.169235086
1.169235086
1.169235086
1.169235086
1.169235086
1.169235086
1.169235086
1.169235086
1.169235086
1.169235086
1.169235086
1.169235086
1.169235086
1.169235086
1.169235086
1.169235086
1.169235086
1.169235086
1.169235086
1.169235086
1.169235086
1.169235086
1.169235086
1.169235086
1.169235086
1.169235086
1.169235086
1.169235086
1.169235086
1.169235086
1.169235086
1.169235086
1.169235086
1.169235086
1.169235086
1.169235086
1.169235086
1.169235086
1.169235086
1.169235086
1.169235086
1.169235086
1.169235086
1.169235086
1.169235086
1.169235086
1.169235086
1.169235086
1.169235086
1.169235086
1.169235086
1.169235086
1.169235086
1.169235086
1.169235086
1.169235086
1.169235086
1.169235086
1.169235086
1.169235086
1.169235086
1.169235086
1.169235086
1.169235086
1.169235086
1.169235086
1.169235086
1.169235086
1.169235086
1.169235086
1.169235086
1.169235086
1.169235086
1.169235086
1.169235086
1.169235086
1.169235086
1.169235086
1.169235086
1.169235086
1.169235086
1.169235086
1.169235086
1.169235086
1.169235086
1.169235086
1.169235086
1.169235086
1.169235086
1.169235086
1.169235086
1.169235086
1.169235086
1.169235086
1.169235086
1.169235086
1.169235086
1.169235086
1.169235086
1.169235086
1.169235086
1.169235086
1.169235086
1.169235086
1.169235086
1.169235086
1.169235086
1.169235086
1.169235086
1.169235086
1.169235086
1.169235086
1.169235086
1.169235086
1.169235086
1.169235086
1.169235086
1.169235086
1.169235086
1.169235086
1.169235086
1.169235086
1.169235086
1.169235086
1.169235086
1.169235086
1.169235086
1.169235086
1.169235086
1.169235086
1.169235086
1.169235086
1.169235086
1.169235086
1.169235086
1.169235086
1.169235086
1.169235086
1.169235086
1.169235086
1.169235086
1.169235086
1.169235086
1.169235086
1.169235086
1.169235086
1.169235086
1.169235086
1.169235086
1.169235086
1.169235086
1.169235086
1.169235086
1.169235086
1.169235086
1.169235086
1.169235086
1.169235086
1.169235086
1.169235086
1.169235086
1.169235086
1.169235086
1.169235086
1.169235086
1.169235086
1.169235086
1.169235086
1.169235086
1.169235086
1.169235086
1.169235086
1.169235086
1.169235086
1.169235086
1.169235086
1.169235086
1.169235086
1.169235086
1.169235086
1.169235086
1.169235086
1.169235086
1.169235086
1.169235086
1.169235086
1.169235086
1.169235086
1.169235086
1.169235086
1.169235086
1.169235086
1.169235086
1.169235086
1.169235086
1.169235086
1.169235086
1.169235086
1.169235086
1.169235086
1.169235086
1.169235086
1.169235086
1.169235086
1.169235086
1.169235086
1.169235086
1.169235086
1.169235086
1.169235086
1.169235086
1.169235086
1.169235086
1.169235086
1.169235086
1.169235086
1.169235086
1.169235086
1.169235086
1.169235086
1.169235086
1.169235086
1.169235086
1.169235086
1.169235086
1.169235086
1.169235086
1.169235086
1.169235086
1.169235086
1.169235086
1.169235086
1.169235086
1.169235086
1.169235086
1.169235086
1.169235086
1.169235086
1.169235086
1.169235086
1.169235086
1.169235086
1.169235086
1.169235086
1.169235086
1.169235086
1.169235086
1.169235086
1.169235086
1.169235086
1.169235086
1.169235086
1.169235086
1.169235086
1.169235086
1.169235086
1.169235086
1.169235086
1.169235086
1.169235086
1.169235086
1.169235086
1.169235086
1.169235086
1.169235086
1.169235086
1.169235086
1.169235086
1.169235086
1.169235086
1.169235086
1.169235086
1.169235086
1.169235086
1.169235086
1.169235086
1.169235086
1.169235086
1.169235086
1.169235086
1.169235086
1.169235086
1.169235086
1.169235086
1.169235086
1.169235086
1.169235086
1.169235086
1.169235086
1.169235086
1.169235086
1.169235086
1.169235086
1.169235086
1.169235086
1.169235086
1.169235086
1.169235086
1.169235086
1.169235086
1.169235086
1.169235086
1.169235086
1.169235086
1.169235086
1.169235086
1.169235086
1.169235086
1.169235086
1.169235086
1.169235086
1.169235086
1.169235086
1.169235086
1.169235086
1.169235086
1.169235086
1.169235086
1.169235086
1.169235086
1.169235086
1.169235086
1.169235086
1.169235086
1.169235086
1.169235086
1.169235086
1.169235086
1.169235086
1.169235086
1.169235086
1.169235086
1.169235086
1.169235086
1.169235086
1.169235086
1.169235086
1.169235086
1.169235086
1.169235086
1.169235086
1.169235086
1.169235086
1.169235086
1.169235086
1.169235086
1.169235086
1.169235086
1.169235086
1.169235086
1.169235086
1.169235086
1.169235086
1.169235086
1.169235086
1.169235086
1.169235086
1.169235086
1.169235086
1.169235086
1.169235086
1.169235086
1.169235086
1.169235086
1.169235086
1.169235086
1.169235086
1.169235086
1.169235086
1.169235086
1.169235086
1.169235086
1.169235086
1.169235086
1.169235086
1.169235086
1.169235086
1.169235086
1.169235086
1.169235086
1.169235086
1.169235086
1.169235086
1.169235086
1.169235086
1.169235086
1.169235086
1.169235086
1.169235086
1.169235086
1.169235086
1.169235086
1.169235086
1.169235086
1.169235086
1.169235086
1.169235086
1.169235086
1.169235086
1.169235086
1.169235086
1.169235086
1.169235086
1.169235086
1.169235086
1.169235086
1.169235086
1.169235086
1.169235086
1.169235086
1.169235086
1.169235086
1.169235086
1.169235086
1.169235086
1.169235086
1.169235086
1.169235086
1.169235086
1.169235086
1.169235086
1.169235086
1.169235086
1.169235086
1.169235086
1.169235086
1.169235086
1.169235086
1.169235086
1.169235086
1.169235086
1.169235086
1.169235086
1.169235086
1.169235086
1.169235086
1.169235086
1.169235086
1.169235086
1.169235086
1.169235086
1.169235086
1.169235086
1.169235086
1.169235086
1.169235086
1.169235086
1.169235086
1.169235086
1.169235086
1.169235086
1.169235086
1.169235086
1.169235086
1.169235086
1.169235086
1.169235086
1.169235086
1.169235086
1.169235086
1.169235086
1.169235086
1.169235086
1.169235086
1.169235086
1.169235086
1.169235086
1.169235086
1.169235086
1.169235086
1.169235086
1.169235086
1.169235086
1.169235086
1.169235086
1.169235086
1.169235086
1.169235086
1.169235086
1.169235086
1.169235086
1.169235086
1.169235086
1.169235086
1.169235086
1.169235086
1.169235086
1.169235086
1.169235086
1.169235086
1.169235086
1.169235086
1.169235086
1.169235086
1.169235086
1.169235086
1.169235086
1.169235086
1.169235086
1.169235086
1.169235086
1.169235086
1.169235086
1.169235086
1.169235086
1.169235086
1.169235086
1.169235086
1.169235086
1.169235086
1.169235086
1.169235086
1.169235086
1.169235086
1.169235086
1.169235086
1.169235086
1.169235086
1.169235086
1.169235086
1.169235086
1.169235086
1.169235086
1.169235086
1.169235086
1.169235086
1.169235086
1.169235086
1.169235086
1.169235086
1.169235086
1.169235086
1.169235086
1.169235086
1.169235086
1.169235086
1.169235086
1.169235086
1.169235086
1.169235086
1.169235086
1.169235086
1.169235086
1.169235086
1.169235086
1.169235086
1.169235086
1.169235086
1.169235086
1.169235086
1.169235086
1.169235086
1.169235086
1.169235086
1.169235086
1.169235086
1.169235086
1.169235086
1.169235086
1.169235086
1.169235086
1.169235086
1.169235086
1.169235086
1.169235086
1.169235086
1.169235086
1.169235086
1.169235086
1.169235086
1.169235086
1.169235086
1.169235086
1.169235086
1.169235086
1.169235086
1.169235086
1.169235086
1.169235086
1.169235086
1.169235086
1.169235086
1.169235086
1.169235086
1.169235086
1.169235086
1.169235086
1.169235086
1.169235086
1.169235086
1.169235086
1.169235086
1.169235086
1.169235086
1.169235086
1.169235086
1.169235086
1.169235086
1.169235086
1.169235086
1.169235086
1.169235086
1.169235086
1.169235086
1.169235086
1.169235086
1.169235086
1.169235086
1.169235086
1.169235086
1.169235086
1.169235086
1.169235086
1.169235086
1.169235086
1.169235086
1.169235086
1.169235086
1.169235086
1.169235086
1.169235086
1.169235086
1.169235086
1.169235086
1.169235086
1.169235086
1.169235086
1.169235086
1.169235086
1.169235086
1.169235086
1.169235086
1.169235086
1.169235086
1.169235086
1.169235086
1.169235086
1.169235086
1.169235086
1.169235086
1.169235086
1.169235086
1.169235086
1.169235086
1.169235086
1.169235086
1.169235086
1.169235086
1.169235086
1.169235086
1.169235086
1.169235086
1.169235086
1.169235086
1.169235086
1.169235086
1.169235086
1.169235086
1.169235086
1.169235086
1.169235086
1.169235086
1.169235086
1.169235086
1.169235086
1.169235086
1.169235086
1.169235086
1.169235086
1.169235086
1.169235086
1.169235086
1.169235086
1.169235086
1.169235086
1.169235086
1.169235086
1.169235086
1.169235086
1.169235086
1.169235086
1.169235086
1.169235086
1.169235086
1.169235086
1.169235086
1.169235086
1.169235086
1.169235086
1.169235086
1.169235086
1.169235086
1.169235086
1.169235086
1.169235086
1.169235086
1.169235086
1.169235086
1.169235086
1.169235086
1.169235086
1.169235086
1.169235086
1.169235086
1.169235086
1.169235086
1.169235086
1.169235086
1.169235086
1.169235086
1.169235086
1.169235086
1.169235086
1.169235086
1.169235086
1.169235086
1.169235086
1.169235086
1.169235086
1.169235086
1.169235086
1.169235086
1.169235086
1.169235086
1.169235086
1.169235086
1.169235086
1.169235086
1.169235086
1.169235086
1.169235086
1.169235086
1.169235086
1.169235086
1.169235086
1.169235086
1.169235086
1.169235086
1.169235086
1.169235086
1.169235086
1.169235086
1.169235086
1.169235086
1.169235086
1.169235086
1.169235086
1.169235086
1.169235086
1.169235086
1.169235086
1.169235086
1.169235086
1.169235086
1.169235086
1.169235086
1.169235086
1.169235086
1.169235086
1.169235086
1.169235086
1.169235086
1.169235086
1.169235086
1.169235086
1.169235086
1.169235086
1.169235086
1.169235086
1.169235086
1.169235086
1.169235086
1.169235086
1.169235086
1.169235086
1.169235086
1.169235086
1.169235086
1.169235086
1.169235086
1.169235086
1.169235086
1.169235086
1.169235086
1.169235086
1.169235086
1.169235086
1.169235086
1.169235086
1.169235086
1.169235086
1.169235086
1.169235086
1.169235086
1.169235086
1.169235086
1.169235086
1.169235086
1.169235086
1.169235086
1.169235086
1.169235086
1.169235086
1.169235086
1.169235086
1.169235086
1.169235086
1.169235086
1.169235086
1.169235086
1.169235086
1.169235086
1.169235086
1.169235086
1.169235086
1.169235086
1.169235086
1.169235086
1.169235086
1.169235086
1.169235086
1.169235086
1.169235086
1.169235086
1.169235086
1.169235086
1.169235086
1.169235086
1.169235086
1.169235086
1.169235086
1.169235086
1.169235086
1.169235086
1.169235086
1.169235086
1.169235086
1.169235086
1.169235086
1.169235086
1.169235086
1.169235086
1.169235086
1.169235086
1.169235086
1.169235086
1.169235086
1.169235086
1.169235086
1.169235086
1.169235086
1.169235086
1.169235086
1.169235086
1.169235086
1.169235086
1.169235086
1.169235086
1.169235086
1.169235086
1.169235086
1.169235086
1.169235086
1.169235086
1.169235086
1.169235086
1.169235086
1.169235086
1.169235086
1.169235086
1.169235086
1.169235086
1.169235086
1.169235086
1.169235086
1.169235086
1.169235086
1.169235086
1.169235086
1.169235086
1.169235086
1.169235086
1.169235086
1.169235086
1.169235086
1.169235086
1.169235086
1.169235086
1.169235086
1.169235086
1.169235086
1.169235086
1.169235086
1.169235086
1.169235086
1.169235086
1.169235086
1.169235086
1.169235086
1.169235086
1.169235086
1.169235086
1.169235086
1.169235086
1.169235086
1.169235086
1.169235086
1.169235086
1.169235086
1.169235086
1.169235086
1.169235086
1.169235086
1.169235086
1.169235086
1.169235086
1.169235086
1.169235086
1.169235086
1.169235086
1.169235086
1.169235086
1.169235086
1.169235086
1.169235086
1.169235086
1.169235086
1.169235086
1.169235086
1.169235086
1.169235086
1.169235086
1.169235086
1.169235086
1.169235086
1.169235086
1.169235086
1.169235086
1.169235086
1.169235086
1.169235086
1.169235086
1.169235086
1.169235086
1.169235086
1.169235086
1.169235086
1.169235086
1.169235086
1.169235086
1.169235086
1.169235086
1.169235086
1.169235086
1.169235086
1.169235086
1.169235086
1.169235086
1.169235086
1.169235086
1.169235086
1.169235086
1.169235086
1.169235086
1.169235086
1.169235086
1.169235086
1.169235086
1.169235086
1.169235086
1.169235086
1.169235086
1.169235086
1.169235086
1.169235086
1.169235086
1.169235086
1.169235086
1.169235086
1.169235086
1.169235086
1.169235086
1.169235086
1.169235086
1.169235086
1.169235086
1.169235086
1.169235086
1.169235086
1.169235086
1.169235086
1.169235086
1.169235086
1.169235086
1.169235086
1.169235086
1.169235086
1.169235086
1.169235086
1.169235086
1.169235086
1.169235086
1.169235086
1.169235086
1.169235086
1.169235086
1.169235086
1.169235086
1.169235086
1.169235086
1.169235086
1.169235086
1.169235086
1.169235086
1.169235086
1.169235086
1.169235086
1.169235086
1.169235086
1.169235086
1.169235086
1.169235086
1.169235086
1.169235086
1.169235086
1.169235086
1.169235086
1.169235086
1.169235086
1.169235086
1.169235086
1.169235086
1.169235086
1.169235086
1.169235086
1.169235086
1.169235086
1.169235086
1.169235086
1.169235086
1.169235086
1.169235086
1.169235086
1.169235086
1.169235086
1.169235086
1.169235086
1.169235086
1.169235086
1.169235086
1.169235086
1.169235086
1.169235086
1.169235086
1.169235086
1.169235086
1.169235086
1.169235086
1.169235086
1.169235086
1.169235086
1.169235086
1.169235086
1.169235086
1.169235086
1.169235086
1.169235086
1.169235086
1.169235086
1.169235086
1.169235086
1.169235086
1.169235086
1.169235086
1.169235086
1.169235086
1.169235086
1.169235086
1.169235086
1.169235086
1.169235086
1.169235086
1.169235086
1.169235086
1.169235086
1.169235086
1.169235086
1.169235086
1.169235086
1.169235086
1.169235086
1.169235086
1.169235086
1.169235086
1.169235086
1.169235086
1.169235086
1.169235086
1.169235086
1.169235086
1.169235086
1.169235086
1.169235086
1.169235086
1.169235086
1.169235086
1.169235086
1.169235086
1.169235086
1.169235086
1.169235086
1.169235086
1.169235086
1.169235086
1.169235086
1.169235086
1.169235086
1.169235086
1.169235086
1.169235086
1.169235086
1.169235086
1.169235086
1.169235086
1.169235086
1.169235086
1.169235086
1.169235086
1.169235086
1.169235086
1.169235086
1.169235086
1.169235086
1.169235086
1.169235086
1.169235086
1.169235086
1.169235086
1.169235086
1.169235086
1.169235086
1.169235086
1.169235086
1.169235086
1.169235086
1.169235086
1.169235086
1.169235086
1.169235086
1.169235086
1.169235086
1.169235086
1.169235086
1.169235086
1.169235086
1.169235086
1.169235086
1.169235086
1.169235086
1.169235086
1.169235086
1.169235086
1.169235086
1.169235086
1.169235086
1.169235086
1.169235086
1.169235086
1.169235086
1.169235086
1.169235086
1.169235086
1.169235086
1.169235086
1.169235086
1.169235086
1.169235086
1.169235086
1.169235086
1.169235086
1.169235086
1.169235086
1.169235086
1.169235086
1.169235086
1.169235086
1.169235086
1.169235086
1.169235086
1.169235086
1.169235086
1.169235086
1.169235086
1.169235086
1.169235086
1.169235086
1.169235086
1.169235086
1.169235086
1.169235086
1.169235086
1.169235086
1.169235086
1.169235086
1.169235086
1.169235086
1.169235086
1.169235086
1.169235086
1.169235086
1.169235086
1.169235086
1.169235086
1.169235086
1.169235086
1.169235086
1.169235086
1.169235086
1.169235086
1.169235086
1.169235086
1.169235086
1.169235086
1.169235086
1.169235086
1.169235086
1.169235086
1.169235086
1.169235086
1.169235086
1.169235086
1.169235086
1.169235086
1.169235086
1.169235086
1.169235086
1.169235086
1.169235086
1.169235086
1.169235086
1.169235086
1.169235086
1.169235086
1.169235086
1.169235086
1.169235086
1.169235086
1.169235086
1.169235086
1.169235086
1.169235086
1.169235086
1.169235086
1.169235086
1.169235086
1.169235086
1.169235086
1.169235086
1.169235086
1.169235086
1.169235086
1.169235086
1.169235086
1.169235086
1.169235086
1.169235086
1.169235086
1.169235086
1.169235086
1.169235086
1.169235086
1.169235086
1.169235086
1.169235086
1.169235086
1.169235086
1.169235086
1.169235086
1.169235086
1.169235086
1.169235086
1.169235086
1.169235086
1.169235086
1.169235086
1.169235086
1.169235086
1.169235086
1.169235086
1.169235086
1.169235086
1.169235086
1.169235086
1.169235086
1.169235086
1.169235086
1.169235086
1.169235086
1.169235086
1.169235086
1.169235086
1.169235086
1.169235086
1.169235086
1.169235086
1.169235086
1.169235086
1.169235086
1.169235086
1.169235086
1.169235086
1.169235086
1.169235086
1.169235086
1.169235086
1.169235086
1.169235086
1.169235086
1.169235086
1.169235086
1.169235086
1.169235086
1.169235086
1.169235086
1.169235086
1.169235086
1.169235086
1.169235086
1.169235086
1.169235086
1.169235086
1.169235086
1.169235086
1.169235086
1.169235086
1.169235086
1.169235086
1.169235086
1.169235086
1.169235086
1.169235086
1.169235086
1.169235086
1.169235086
1.169235086
1.169235086
1.169235086
1.169235086
1.169235086
1.169235086
1.169235086
1.169235086
1.169235086
1.169235086
1.169235086
1.169235086
1.169235086
1.169235086
1.169235086
1.169235086
1.169235086
1.169235086
1.169235086
1.169235086
1.169235086
1.169235086
1.169235086
1.169235086
1.169235086
1.169235086
1.169235086
1.169235086
1.169235086
1.169235086
1.169235086
1.169235086
1.169235086
1.169235086
1.169235086
1.169235086
1.169235086
1.169235086
1.169235086
1.169235086
1.169235086
1.169235086
)
;

boundaryField
{
    side1
    {
        type            calculated;
        value           uniform 1000.048394;
    }
    side2
    {
        type            calculated;
        value           uniform 1.169235086;
    }
    empty1
    {
        type            empty;
    }
    empty2
    {
        type            empty;
    }
}


// ************************************************************************* //
