/*--------------------------------*- C++ -*----------------------------------*\
| =========                 |                                                 |
| \\      /  F ield         | OpenFOAM: The Open Source CFD Toolbox           |
|  \\    /   O peration     | Version:  2312                                  |
|   \\  /    A nd           | Website:  www.openfoam.com                      |
|    \\/     M anipulation  |                                                 |
\*---------------------------------------------------------------------------*/
FoamFile
{
    version     2.0;
    format      ascii;
    arch        "LSB;label=32;scalar=64";
    class       volScalarField;
    location    "0.003";
    object      rhoHat;
}
// * * * * * * * * * * * * * * * * * * * * * * * * * * * * * * * * * * * * * //

dimensions      [1 -3 0 0 0 0 0];

internalField   nonuniform List<scalar> 
8000
(
1000
1000
1000
1000
1000
1000
1000
1000
1000
1000
1000
1000
1000
1000
1000
1000
1000
1000
1000
1000
1000
1000
1000
1000
1000
1000
1000
1000
1000
1000
1000
1000
1000
1000
1000
1000
1000
1000
1000
1000
1000
1000
1000
1000
1000
1000
1000
1000
1000
1000
1000
1000
1000
1000
1000
1000
1000
1000
1000
1000
1000
1000
1000
1000
1000
1000
1000
1000
1000
1000
1000
1000
1000
1000
1000
1000
1000
1000
1000
1000
1000
1000
1000
1000
1000
1000
1000
1000
1000
1000
1000
1000
1000
1000
1000
1000
1000
1000
1000
1000
1000
1000
1000
1000
1000
1000
1000
1000
1000
1000
1000
1000
1000
1000
1000
1000
1000
1000
1000
1000
1000
1000
1000
1000
1000
1000
1000
1000
1000
1000
1000
1000
1000
1000
1000
1000
1000
1000
1000
1000
1000
1000
1000
1000
1000
1000
1000
1000
1000
1000
1000
1000
1000
1000
1000
1000
1000
1000
1000
1000
1000
1000
1000
1000
1000
1000
1000
1000
1000
1000
1000
1000
1000
1000
1000
1000
1000
1000
1000
1000
1000
1000
1000
1000
1000
1000
1000
1000
1000
1000
1000
1000
1000
1000
1000
1000
1000
1000
1000
1000
1000
1000
1000
1000
1000
1000
1000
1000
1000
1000
1000
1000
1000
1000
1000
1000
1000
1000
1000
1000
1000
1000
1000
1000
1000
1000
1000
1000
1000
1000
1000
1000
1000
1000
1000
1000
1000
1000
1000
1000
1000
1000
1000
1000
1000
1000
1000
1000
1000
1000
1000
1000
1000
1000
1000
1000
1000
1000
1000
1000
1000
1000
1000
1000
1000
1000
1000
1000
1000
1000
1000
1000
1000
1000
1000
1000
1000
1000
1000
1000
1000
1000
1000
1000
1000
1000
1000
1000
1000
1000
1000
1000
1000
1000
1000
1000
1000
1000
1000
1000
1000
1000
1000
1000
1000
1000
1000
1000
1000
1000
1000
1000
1000
1000
1000
1000
1000
1000
1000
1000
1000
1000
1000
1000
1000
1000
1000
1000
1000
1000
1000
1000
1000
1000
1000
1000
1000
1000
1000
1000
1000
1000
1000
1000
1000
1000
1000
1000
1000
1000
1000
1000
1000
1000
1000
1000
1000
1000
1000
1000
1000
1000
1000
1000
1000
1000
1000
1000
1000
1000
1000
1000
1000
1000
1000
1000
1000
1000
1000
1000
1000
1000
1000
1000
1000
1000
1000
1000
1000
1000
1000
1000
1000
1000
1000
1000
1000
1000
1000
1000
1000
1000
1000
1000
1000
1000
1000
1000
1000
1000
1000
1000
1000
1000
1000
1000
1000
1000
1000
1000
1000
1000
1000
1000
1000
1000
1000
1000
1000
1000
1000
1000
1000
1000
1000
1000
1000
1000
1000
1000
1000
1000
1000
1000
1000
1000
1000
1000
1000
1000
1000
1000
1000
1000
1000
1000
1000
1000
1000
1000
1000
1000
1000
1000
1000
1000
1000
1000
1000
1000
1000
1000
1000
1000
1000
1000
1000
1000
1000
1000
1000
1000
1000
1000
1000
1000
1000
1000
1000
1000
1000
1000
1000
1000
1000
1000
1000
1000
1000
1000
1000
1000
1000
1000
1000
1000
1000
1000
1000
1000
1000
1000
1000
1000
1000
1000
1000
1000
1000
1000
1000
1000
1000
1000
1000
1000
1000
1000
1000
1000
1000
1000
1000
1000
1000
1000
1000
1000
1000
1000
1000
1000
1000
1000
1000
1000
1000
1000
1000
1000
1000
1000
1000
1000
1000
1000
1000
1000
1000
1000
1000
1000
1000
1000
1000
1000
1000
1000
1000
1000
1000
1000
1000
1000
1000
1000
1000
1000
1000
1000
1000
1000
1000
1000
1000
1000
1000
1000
1000
1000
1000
1000
1000
1000
1000
1000
1000
1000
1000
1000
1000
1000
1000
1000
1000
1000
1000
1000
1000
1000
1000
1000
1000
1000
1000
1000
1000
1000
1000
1000
1000
1000
1000
1000
1000
1000
1000
1000
1000
1000
1000
1000
1000
1000
1000
1000
1000
1000
1000
1000
1000
1000
1000
1000
1000
1000
1000
1000
1000
1000
1000
1000
1000
1000
1000
1000
1000
1000
1000
1000
1000
1000
1000
1000
1000
1000
1000
1000
1000
1000
1000
1000
1000
1000
1000
1000
1000
1000
1000
1000
1000
1000
1000
1000
1000
1000
1000
1000
1000
1000
1000
1000
1000
1000
1000
1000
1000
1000
1000
1000
1000
1000
1000
1000
1000
1000
1000
1000
1000
1000
1000
1000
1000
1000
1000
1000
1000
1000
1000
1000
1000
1000
1000
1000
1000
1000
1000
1000
1000
1000
1000
1000
1000
1000
1000
1000
1000
1000
1000
1000
1000
1000
1000
1000
1000
1000
1000
1000
1000
1000
1000
1000
1000
1000
1000
1000
1000
1000
1000
1000
1000
1000
1000
1000
1000
1000
1000
1000
1000
1000
1000
1000
1000
1000
1000
1000
1000
1000
1000
1000
1000
1000
1000
1000
1000
1000
1000
1000
1000
1000
1000
1000
1000
1000
1000
1000
1000
1000
1000
1000
1000
1000
1000
1000
1000
1000
1000
1000
1000
1000
1000
1000
1000
1000
1000
1000
1000
1000
1000
1000
1000
1000
1000
1000
1000
1000
1000
1000
1000
1000
1000
1000
1000
1000
1000
1000
1000
1000
1000
1000
1000
1000
1000
1000
1000
1000
1000
1000
1000
1000
1000
1000
1000
1000
1000
1000
1000
1000
1000
1000
1000
1000
1000
1000
1000
1000
1000
1000
1000
1000
1000
1000
1000
1000
1000
1000
1000
1000
1000
1000
1000
1000
1000
1000
1000
1000
1000
1000
1000
1000
1000
1000
1000
1000
1000
1000
1000
1000
1000
1000
1000
1000
1000
1000
1000
1000
1000
1000
1000
1000
1000
1000
1000
1000
1000
1000
1000
1000
1000
1000
1000
1000
1000
1000
1000
1000
1000
1000
1000
1000
1000
1000
1000
1000
1000
1000
1000
1000
1000
1000
1000
1000
1000
1000
1000
1000
1000
1000
1000
1000
1000
1000
1000
1000
1000
1000
1000
1000
1000
1000
1000
1000
1000
1000
1000
1000
1000
1000
1000
1000
1000
1000
1000
1000
1000
1000
1000
1000
1000
1000
1000
1000
1000
1000
1000
1000
1000
1000
1000
1000
1000
1000
1000
1000
1000
1000
1000
1000
1000
1000
1000
1000
1000
1000
1000
1000
1000
1000
1000
1000
1000
1000
1000
1000
1000
1000
1000
1000
1000
1000
1000
1000
1000
1000
1000
1000
1000
1000
1000
1000
1000
1000
1000
1000
1000
1000
1000
1000
1000
1000
1000
1000
1000
1000
1000
1000
1000
1000
1000
1000
1000
1000
1000
1000
1000
1000
1000
1000
1000
1000
1000
1000
1000
1000
1000
1000
1000
1000
1000
1000
1000
1000
1000
1000
1000
1000
1000
1000
1000
1000
1000
1000
1000
1000
1000
1000
1000
1000
1000
1000
1000
1000
1000
1000
1000
1000
1000
1000
1000
1000
1000
1000
1000
1000
1000
1000
1000
1000
1000
1000
1000
1000
1000
1000
1000
1000
1000
1000
1000
1000
1000
1000
1000
1000
1000
1000
1000
1000
1000
1000
1000
1000
1000
1000
1000
1000
1000
1000
1000
1000
1000
1000
1000
1000
1000
1000
1000
1000
1000
1000
1000
1000
1000
1000
1000
1000
1000
1000
1000
1000
1000
1000
1000
1000
1000
1000
1000
1000
1000
1000
1000
1000
1000
1000
1000
1000
1000
1000
1000
1000
1000
1000
1000
1000
1000
1000
1000
1000
1000
1000
1000
1000
1000
1000
1000
1000
1000
1000
1000
1000
1000
1000
1000
1000
1000
1000
1000
1000
1000
1000
1000
1000
1000
1000
1000
1000
1000
1000
1000
1000
1000
1000
1000
1000
1000
1000
1000
1000
1000
1000
1000
1000
1000
1000
1000
1000
1000
1000
1000
1000
1000
1000
1000
1000
1000
1000
1000
1000
1000
1000
1000
1000
1000
1000
1000
1000
1000
1000
1000
1000
1000
1000
1000
1000
1000
1000
1000
1000
1000
1000
1000
1000
1000
1000
1000
1000
1000
1000
1000
1000
1000
1000
1000
1000
1000
1000
1000
1000
1000
1000
1000
1000
1000
1000
1000
1000
1000
1000
1000
1000
1000
1000
1000
1000
1000
1000
1000
1000
1000
1000
1000
1000
1000
1000
1000
1000
1000
1000
1000
1000
1000
1000
1000
1000
1000
1000
1000
1000
1000
1000
1000
1000
1000
1000
1000
1000
1000
1000
1000
1000
1000
1000
1000
1000
1000
1000
1000
1000
1000
1000
1000
1000
1000
1000
1000
1000
1000
1000
1000
1000
1000
1000
1000
1000
1000
1000
1000
1000
1000
1000
1000
1000
1000
1000
1000
1000
1000
1000
1000
1000
1000
1000
1000
1000
1000
1000
1000
1000
1000
1000
1000
1000
1000
1000
1000
1000
1000
1000
1000
1000
1000
1000
1000
1000
1000
1000
1000
1000
1000
1000
1000
1000
1000
1000
1000
1000
1000
1000
1000
1000
1000
1000
1000
1000
1000
1000
1000
1000
1000
1000
1000
1000
1000
1000
1000
1000
1000
1000
1000
1000
1000
1000
1000
1000
1000
1000
1000
1000
1000
1000
1000
1000
1000
1000
1000
1000
1000
1000
1000
1000
1000
1000
1000
1000
1000
1000
1000
1000
1000
1000
1000
1000
1000
1000
1000
1000
1000
1000
1000
1000
1000
1000
1000
1000
1000
1000
1000
1000
1000
1000
1000
1000
1000
1000
1000
1000
1000
1000
1000
1000
1000
1000
1000
1000
1000
1000
1000
1000
1000
1000
1000
1000
1000
1000
1000
1000
1000
1000
1000
1000
1000
1000
1000
1000
1000
1000
1000
1000
1000
1000
1000
1000
1000
1000
1000
1000
1000
1000
1000
1000
1000
1000
1000
1000
1000
1000
1000
1000
1000
1000
1000
1000
1000
1000
1000
1000
1000
1000
1000
1000
1000
1000
1000
1000
1000
1000
1000
1000
1000
1000
1000
1000
1000
1000
1000
1000
1000
1000
1000
1000
1000
1000
1000
1000
1000
1000
1000
1000
1000
1000
1000
1000
1000
1000
1000
1000
1000
1000
1000
1000
1000
1000
1000
1000
1000
1000
1000
1000
1000
1000
1000
1000
1000
1000
1000
1000
1000
1000
1000
1000
1000
1000
1000
1000
1000
1000
1000
1000
1000
1000
1000
1000
1000
1000
1000
1000
1000
1000
1000
1000
1000
1000
1000
1000
1000
1000
1000
1000
1000
1000
1000
1000
1000
1000
1000
1000
1000
1000
1000
1000
1000
1000
1000
1000
1000
1000
1000
1000
1000
1000
1000
1000
1000
1000
1000
1000
1000
1000
1000
1000
1000
1000
1000
1000
1000
1000
1000
1000
1000
1000
1000
1000
1000
1000
1000
1000
1000
1000
1000
1000
1000
1000
1000
1000
1000
1000
1000
1000
1000
1000
1000
1000
1000
1000
1000
1000
1000
1000
1000
1000
1000
1000
1000
1000
1000
1000
1000
1000
1000
1000
1000
1000
1000
1000
1000
1000
1000
1000
1000
1000
1000
1000
1000
1000
1000
1000
1000
1000
1000
1000
1000
1000
1000
1000
1000
1000
1000
1000
1000
1000
1000
1000
1000
1000
1000
1000
1000
1000
1000
1000
1000
1000
1000
1000
1000
1000
1000
1000
1000
1000
1000
1000
1000
1000
1000
1000
1000
1000
1000
1000
1000
1000
1000
1000
1000
1000
1000
1000
1000
1000
1000
1000
1000
1000
1000
1000
1000
1000
1000
1000
1000
1000
1000
1000
1000
1000
1000
1000
1000
1000
1000
1000
1000
1000
1000
1000
1000
1000
1000
1000
1000
1000
1000
1000
1000
1000
1000
1000
1000
1000
1000
1000
1000
1000
1000
1000
1000
1000
1000
1000
1000
1000
1000
1000
1000
1000
1000
1000
1000
1000
1000
1000
1000
1000
1000
1000
1000
1000
1000
1000
1000
1000
1000
1000
1000
1000
1000
1000
1000
1000
1000
1000
1000
1000
1000
1000
1000
1000
1000
1000
1000
1000
1000
1000
1000
1000
1000
1000
1000
1000
1000
1000
1000
1000
1000
1000
1000
1000
1000
1000
1000
1000
1000
1000
1000
1000
1000
1000
1000
1000
1000
1000
1000
1000
1000
1000
1000
1000
1000
1000
1000
1000
1000
1000
1000
1000
1000
1000
1000
1000
1000
1000
1000
1000
1000
1000
1000
1000
1000
1000
1000
1000
1000
1000
1000
1000
1000
1000
1000
1000
1000
1000
1000
1000
1000
1000
1000
1000
1000
1000
1000
1000
1000
1000
1000
1000
1000
1000
1000
1000
1000
1000
1000
1000
1000
1000
1000
1000
1000
1000
1000
1000
1000
1000
1000
1000
1000
1000
1000
1000
1000
1000
1000
1000
1000
1000
1000
1000
1000
1000
1000
1000
1000
1000
1000
1000
1000
1000
1000
1000
1000
1000
1000
1000
1000
1000
1000
1000
1000
1000
1000
1000
1000
1000
1000
1000
1000
1000
1000
1000
1000
1000
1000
1000
1000
1000
1000
1000
1000
1000
1000
1000
1000
1000
1000
1000
1000
1000
1000
1000
1000
1000
1000
1000
1000
1000
1000
1000
1000
1000
1000
1000
1000
1000
1000
1000
1000
1000
1000
1000
1000
1000
1000
1000
1000
1000
1000
1000
1000
1000
1000
1000
1000
1000
1000
1000
1000
1000
1000
1000
1000
1000
1000
1000
1000
1000
1000
1000
1000
1000
1000
1000
1000
1000
1000
1000
1000
1000
1000
1000
1000
1000
1000
1000
1000
1000
1000
1000
1000
1000
1000
1000
1000
1000
1000
1000
1000
1000
1000
1000
1000
1000
1000
1000
1000
1000
1000
1000
1000
1000
1000
1000
1000
1000
1000
1000
1000
1000
1000
1000
1000
1000
1000
1000
1000
1000
1000
1000
1000
1000
1000
1000
1000
1000
1000
1000
1000
1000
1000
1000
1000
1000
1000
1000
1000
1000
1000
1000
1000
1000
1000
1000
1000
1000
1000
1000
1000
1000
1000
1000
1000
1000
1000
1000
1000
1000
1000
1000
1000
1000
1000
1000
1000
1000
1000
1000
1000
1000
1000
1000
1000
1000
1000
1000
1000
1000
1000
1000
1000
1000
1000
1000
1000
1000
1000
1000
1000
1000
1000
1000
1000
1000
1000
1000
1000
1000
1000
1000
1000
1000
1000
1000
1000
1000
1000
1000
1000
1000
1000
1000
1000
1000
1000
1000
1000
1000
1000
1000
1000
1000
1000
1000
1000
1000
1000
1000
1000
1000
1000
1000
1000
1000
1000
1000
1000
1000
1000
1000
1000
1000
1000
1000
1000
1000
1000
1000
1000
1000
1000
1000
1000
1000
1000
1000
1000
1000
1000
1000
1000
1000
1000
1000
1000
1000
1000
1000
1000
1000
1000
1000
1000
1000
1000
1000
1000
1000
1000
1000
1000
1000
1000
1000
1000
1000
1000
1000
1000
1000
1000
1000
1000
1000
1000
1000
1000
1000
1000
1000
1000
1000
1000
1000
1000
1000
1000
1000
1000
1000
1000
1000
1000
1000
1000
1000
1000
1000
1000
1000
1000
1000
1000
1000
1000
1000
1000
1000
1000
1000
1000
1000
1000
1000
1000
1000
1000
1000
1000
1000
1000
1000
1000
1000
1000
1000
1000
1000
1000
1000
1000
1000
1000
1000
1000
1000
1000
1000
1000
1000
1000
1000
1000
1000
1000
1000
1000
1000
1000
1000
1000
1000
1000
1000
1000
1000
1000
1000
1000
1000
1000
1000
1000
1000
1000
1000
1000
1000
1000
1000
1000
1000
1000
1000
1000
1000
1000
1000
1000
1000
1000
1000
1000
1000
1000
1000
1000
1000
1000
1000
1000
1000
1000
1000
1000
1000
1000
1000
1000
1000
1000
1000
1000
1000
1000
1000
1000
1000
1000
1000
1000
1000
1000
1000
1000
1000
1000
1000
1000
1000
1000
1000
1000
1000
1000
1000
1000
1000
1000
1000
1000
1000
1000
1000
1000
1000
1000
1000
1000
1000
1000
1000
1000
1000
1000
1000
1000
1000
1000
1000
1000
1000
1000
1000
1000
1000
1000
1000
1000
1000
1000
1000
1000
1000
1000
1000
1000
1000
1000
1000
1000
1000
1000
1000
1000
1000
1000
1000
1000
1000
1000
1000
1000
1000
1000
1000
1000
1000
1000
1000
1000
1000
1000
1000
1000
1000
1000
1000
1000
1000
1000
1000
1000
1000
1000
1000
1000
1000
1000
1000
1000
1000
1000
1000
1000
1000
1000
1000
1000
1000
1000
1000
1000
1000
1000
1000
1000
1000
1000
1000
1000
1000
1000
1000
1000
1000
1000
1000
1000
1000
1000
1000
1000
1000
1000
1000
1000
1000
1000
1000
1000
1000
1000
1000
1000
1000
1000
1000
1000
1000
1000
1000
1000
1000
1000
1000
1000
1000
1000
1000
1000
1000
1000
1000
1000
1000
1000
1000
1000
1000
1000
1000
1000
1000
1000
1000
1000
1000
1000
1000
1000
1000
1000
1000
1000
1000
1000
1000
1000
1000
1000
1000
1000
1000
1000
1000
1000
1000
1000
1000
1000
1000
1000
1000
1000
1000
1000
1000
1000
1000
1000
1000
1000
1000
1000
1000
1000
1000
1000
1000
1000
1000
1000
1000
1000
1000
1000
1000
1000
1000
1000
1000
1000
1000
1000
1000
1000
1000
1000
1000
1000
1000
1000
1000
1000
1000
1000
1000
1000
1000
1000
1000
1000
1000
1000
1000
1000
1000
1000
1000
1000
1000
1000
1000
1000
1000
1000
1000
1000
1000
1000
1000
1000
1000
1000
1000
1000
1000
1000
1000
1000
1000
1000
1000
1000
1000
1000
1000
1000
1000
1000
1000
1000
1000
1000
1000
1000
1000
1000
1000
1000
1000
1000
1000
1000
1000
1000
1000
1000
1000
1000
1000
1000
1000
1000
1000
1000
1000
1000
1000
1000
1000
1000
1000
1000
1000
1000
1000
1000
1000
1000
1000
1000
1000
1000
1000
1000
1000
1000
1000
1000
1000
1000
1000
1000
1000
1000
1000
1000
1000
1000
1000
1000
1000
1000
1000
1000
1000
1000
1000
1000
1000
1000
1000
1000
1000
1000
1000
1000
1000
1000
1000
1000
1000
1000
1000
1000
1000
1000
1000
1000
1000
1000
1000
1000
1000
1000
1000
1000
1000
1000
1000
1000
1000
1000
1000
1000
1000
1000
1000
1000
1000
1000
1000
1000
1000
1000
1000
1000
1000
1000
1000
1000
1000
1000
1000
1000
1000
1000
1000
1000
1000
1000
1000
1000
1000
1000
1000
1000
1000
1000
1000
1000
1000
1000
1000
1000
1000
1000
1000
1000
1000
1000
1000
1000
1000
1000
1000
1000
1000
1000
1000
1000
1000
1000
1000
1000
1000
1000
1000
1000
1000
1000
1000
1000
1000
1000
1000
1000
1000
1000
1000
1000
1000
1000
1000
1000
1000
1000
1000
1000
1000
1000
1000
1000
1000
1000
1000
1000
1000
1000
1000
1000
1000
1000
1000
1000
1000
1000
1000
1000
1000
1000
1000
1000
1000
1000
1000
1000
1000
1000
1000
1000
1000
1000
1000
1000
1000
1000
1000
1000
1000
1000
1000
1000
1000
1000
1000
1000
1000
1000
1000
1000
1000
1000
1000
1000
1000
1000
1000
1000
1000
1000
1000
1000
1000
1000
1000
1000
1000
1000
1000
1000
1000
1000
1000
1000
1000
1000
1000
1000
1000
1000
1000
1000
1000
1000
1000
1000
1000
1000
1000
1000
1000
1000
1000
1000
1000
1000
1000
1000
1000
1000
1000
1000
1000
1000
1000
1000
1000
1000
1000
1000
1000
1000
1000
1000
1000
1000
1000
1000
1000
1000
1000
1000
1000
1000
1000
1000
1000
1000
1000
1000
1000
1000
1000
1000
1000
1000
1000
1000
1000
1000
1000
1000
1000
1000
1000
1000
1000
1000
1000
1000
1000
1000
1000
1000
1000
1000
1000
1000
1000
1000
1000
1000
1000
1000
1000
1000
1000
1000
1000
1000
1000
1000
1000
1000
1000
1000
1000
1000
1000
1000
1000
1000
1000
1000
1000
1000
1000
1000
1000
1000
1000
1000
1000
1000
1000
1000
1000
1000
1000
1000
1000
1000
1000
1000
1000
1000
1000
1000
1000
1000
1000
1000
1000
1000
1000
1000
1000
1000
1000
1000
1000
1000
1000
1000
1000
1000
1000
1000
1000
1000
1000
1000
1000
1000
1000
1000
1000
1000
1000
1000
1000
1000
1000
1000
1000
1000
1000
1000
1000
1000
1000
1000
1000
1000
1000
1000
1000
1000
1000
1000
1000
1000
1000
1000
1000
1000
1000
1000
1000
1000
1000
1000
1000
1000
1000
1000
1000
1000
1000
1000
1000
1000
1000
1000
1000
1000
1000
1000
1000
1000
1000
1000
1000
1000
1000
1000
1000
1000
1000
1000
1000
1000
1000
1000
1000
1000
1000
1000
1000
1000
1000
1000
1000
1000
1000
1000
1000
1000
1000
1000
1000
1000
1000
1000
1000
1000
1000
1000
1000
1000
1000
1000
1000
1000
1000
1000
1000
1000
1000
1000
1000
1000
1000
1000
1000
1000
1000
1000
1000
1000
1000
1000
1000
1000
1000
1000
1000
1000
1000
1000
1000
1000
1000
1000
1000
1000
1000
1000
1000
1000
1000
1000
1000
1000
1000
1000
1000
1000
1000
1000
1000
1000
1000
1000
1000
1000
1000
1000
1000
1000
1000
1000
1000
1000
1000
1000
1000
1000
1000
1000
1000
1000
1000
1000
1000
1000
1000
1000
1000
1000
1000
1000
1000
1000
1000
1000
1000
1000
1000
1000
1000
1000
1000
1000
1000
1000
1000
1000
1000
1000
1000
1000
1000
1000
1000
1000
1000
1000
1000
1000
1000
1000
1000
1000
1000
1000
1000
1000
1000
1000
1000
1000
1000
1000
1000
1000
1000
1000
1000
1000
1000
1000
1000
1000
1000
1000
1000
1000
1000
1000
1000
1000
1000
1000
1000
1000
1000
1000
1000
1000
1000
1000
1000
1000
1000
1000
1000
1000
1000
1000
1000
1000
1000
1000
1000
1000
1000
1000
1000
1000
1000
1000
1000
1000
1000
1000
1000
1000
1000
1000
1000
1000
1000
1000
1000
1000
1000
1000
1000
1000
1000
1000
1000
1000
1000
1000
1000
1000
1000
1000
1000
1000
1000
1000
1000
1000
1000
1000
1000
1000
1000
1000
1000
1000
1000
1000
1000
1000
1000
1000
1000
1000
1000
1000
1000
1000
1000
1000
1000
1000
1000
1000
1000
1000
1000
1000
1000
1000
1000
1000
1000
1000
1000
1000
1000
1000
1000
1000
1000
1000
1000
1000
1000
1000
1000
1000
1000
1000
1000
1000
1000
1000
1000
1000
1000
1000
1000
1000
1000
1000
1000
1000
1000
1000
1000
1000
1000
1000
1000
1000
1000
1000
1000
1000
1000
1000
1000
1000
1000
1000
1000
1000
1000
1000
1000
1000
1000
1000
1000
1000
1000
1000
1000
1000
1000
1000
1000
1000
1000
1000
1000
1000
1000
1000
1000
1000
1000
1000
1000
1000
1000
1000
1000
1000
1000
1000
1000
1000
1000
1000
1000
1000
1000
1000
1000
1000
1000
1000
1000
1000
1000
1000
1000
1000
1000
1000
1000
1000
1000
1000
1000
1000
1000
1000
1000
1000
1000
1000
1000
1000
1000
1000
1000
1000
1000
1000
1000
1000
1000
1000
1000
1000
1000
1000
1000
1000
1000
1000
1000
1000
1000
1000
1000
1000
1000
1000
1000
1000
1000
1000
1000
1000
1000
1000
1000
1000
1000
1000
1000
1000
1000
1000
1000
1000
1000
1000
1000
1000
1000
1000
1000
1000
1000
1000
1000
1000
1000
1000
1000
1000
1000
1000
1000
1000
1000
1000
1000
1000
1000
1000
1000
1000
1000
1000
1000
1000
1000
1000
1000
1000
1000
1000
1000
1000
1000
1000
1000
1000
1000
1000
1000
1000
1000
1000
1000
1000
1000
1000
1000
1000
1000
1000
1000
1000
1000
1000
1000
1000
1000
1000
1000
1000
1000
1000
1000
1000
1000
1000
1000
1000
1000
1000
1000
1000
1000
1000
1000
1000
1000
1000
1000
1000
1000
1000
1000
1000
1000
1000
1000
1000
1000
1000
1000
1000
1000
1000
1000
1000
1000
1000
1000
1000
1000
1000
1000
1000
1000
1000
1000
1000
1000
1000
1000
1000
1000
1000
1000
1000
1000
1000
1000
1000
1000
1000
1000
1000
1000
1000
1000
1000
1000
1000
1000
1000
1000
1000
1000
1000
1000
1000
1000
1000
1000
1000
1000
1000
1000
1000
1000
1000
1000
1000
1000
1000
1000
1000
1000
1000
1000
1000
1000
1000
1000
1000
1000
1000
1000
1000
1000
1000
1000
1000
1000
1000
1000
1000
1000
1000
1000
1000
1000
1000
1000
1000
1000
1000
1000
1000
1000
1000
1000
1000
1000
1000
1000
1000
1000
1000
1000
1000
1000
1000
1000
1000
1000
1000
1000
1000
1000
1000
1000
1000
1000
1000
1000
1000
1000
1000
1000
1000
1000
1000
1000
1000
1000
1000
1000
1000
1000
1000
1000
1000
1000
1000
1000
1000
1000
1000
1000
1000
1000
1000
1000
1000
1000
1000
1000
1000
1000
1000
1000
1000
1000
1000
1000
1000
1000
1000
999.9999999
999.9999999
999.9999998
999.9999997
999.9999996
999.9999994
999.999999
999.9999984
999.9999975
999.999996
999.9999937
999.9999902
999.9999847
999.9999763
999.9999634
999.9999437
999.9999137
999.9998682
999.9997998
999.9996972
999.9995439
999.9993163
999.9989798
999.9984847
999.9977599
999.9967041
999.9951738
999.9929673
999.9898023
999.9852868
999.9788797
999.969839
999.9571551
999.9394627
999.9149311
999.8811242
999.8348294
999.7718444
999.6867162
999.5724259
999.4200194
999.2181949
998.9528797
998.6066853
998.1581862
997.5813325
996.8449208
995.9124947
994.7150549
993.1449745
991.0489037
988.2062946
984.2969846
978.8514608
971.1761232
960.242758
944.5309005
921.8185706
888.9549666
841.7617964
775.4423188
686.0392255
573.5168302
443.4860621
310.4604154
194.2311905
115.0237968
61.41219035
30.9498861
15.02726751
7.185850133
3.418420812
1.635261639
0.7925249657
0.3907531599
0.1963760317
0.1006212838
0.05252379983
0.02787051873
0.01497814666
0.008104408765
0.004388980499
0.002412001337
0.001403277925
0.0008759073099
0.0005744331381
0.0003898881867
0.0002710418741
0.0001915572145
0.0001368750011
9.847317963e-05
7.111149628e-05
5.142790266e-05
3.718533702e-05
2.684890067e-05
1.934084896e-05
1.389127755e-05
9.943268237e-06
7.090812837e-06
5.036679468e-06
3.562923414e-06
2.509791898e-06
1.760392388e-06
1.229433898e-06
8.549033521e-07
5.918936616e-07
4.080273392e-07
2.80066462e-07
1.914112544e-07
1.302619368e-07
8.827170861e-08
5.956491966e-08
4.002546783e-08
2.678376587e-08
1.784880932e-08
1.184572884e-08
7.829629389e-09
5.154175087e-09
3.379306612e-09
2.206775873e-09
1.435368935e-09
9.299438997e-10
6.001346087e-10
3.857889563e-10
2.470419425e-10
1.575870545e-10
1.001405625e-10
6.339395675e-11
3.99800193e-11
2.511924002e-11
1.572364461e-11
9.805711798e-12
6.092681915e-12
3.771427615e-12
2.326361326e-12
1.429523167e-12
8.752998326e-13
5.340172748e-13
3.246292124e-13
1.965094754e-13
1.18571819e-13
7.172040739e-14
4.307665336e-14
2.531308496e-14
1.532107774e-14
9.103828802e-15
5.107025913e-15
3.330669074e-15
1.998401444e-15
8.881784197e-16
4.440892099e-16
0
0
0
0
-2.220446049e-16
2.220446049e-16
0
2.220446049e-16
2.220446049e-16
-2.220446049e-16
0
2.220446049e-16
2.220446049e-16
0
0
0
0
0
0
0
-2.220446049e-16
2.220446049e-16
0
-4.440892099e-16
2.220446049e-16
0
2.220446049e-16
2.220446049e-16
0
0
0
4.440892099e-16
0
2.220446049e-16
-2.220446049e-16
0
0
2.220446049e-16
-2.220446049e-16
0
0
0
0
-2.220446049e-16
-2.220446049e-16
0
0
2.220446049e-16
0
0
-2.220446049e-16
0
0
2.220446049e-16
0
0
-2.220446049e-16
0
0
0
0
0
2.220446049e-16
2.220446049e-16
0
0
0
-2.220446049e-16
-2.220446049e-16
2.220446049e-16
-2.220446049e-16
-2.220446049e-16
-2.220446049e-16
0
-2.220446049e-16
0
0
-4.440892099e-16
0
0
0
0
0
4.440892099e-16
0
0
0
0
-2.220446049e-16
0
0
0
0
0
-2.220446049e-16
-2.220446049e-16
4.440892099e-16
0
0
0
0
-2.220446049e-16
2.220446049e-16
4.440892099e-16
0
0
-2.220446049e-16
4.440892099e-16
0
-2.220446049e-16
-2.220446049e-16
2.220446049e-16
0
0
2.220446049e-16
4.440892099e-16
0
0
2.220446049e-16
0
-2.220446049e-16
-2.220446049e-16
-2.220446049e-16
-2.220446049e-16
0
4.440892099e-16
0
0
-2.220446049e-16
0
4.440892099e-16
-2.220446049e-16
0
2.220446049e-16
0
0
4.440892099e-16
0
0
2.220446049e-16
-2.220446049e-16
0
-2.220446049e-16
0
2.220446049e-16
0
0
2.220446049e-16
0
0
0
2.220446049e-16
-2.220446049e-16
0
2.220446049e-16
-2.220446049e-16
0
2.220446049e-16
-2.220446049e-16
2.220446049e-16
0
4.440892099e-16
0
0
2.220446049e-16
0
0
2.220446049e-16
0
0
0
2.220446049e-16
0
-4.440892099e-16
0
4.440892099e-16
2.220446049e-16
0
0
2.220446049e-16
-2.220446049e-16
0
2.220446049e-16
0
2.220446049e-16
-2.220446049e-16
2.220446049e-16
0
0
0
2.220446049e-16
2.220446049e-16
0
2.220446049e-16
2.220446049e-16
0
0
-4.440892099e-16
0
0
2.220446049e-16
2.220446049e-16
0
0
-2.220446049e-16
0
0
0
4.440892099e-16
-2.220446049e-16
0
4.440892099e-16
0
0
0
0
0
0
2.220446049e-16
2.220446049e-16
0
-2.220446049e-16
-2.220446049e-16
0
0
2.220446049e-16
-2.220446049e-16
-2.220446049e-16
0
0
0
-4.440892099e-16
0
0
0
0
0
-2.220446049e-16
0
-2.220446049e-16
0
-2.220446049e-16
0
2.220446049e-16
0
4.440892099e-16
0
0
0
2.220446049e-16
0
2.220446049e-16
-2.220446049e-16
0
0
0
0
2.220446049e-16
0
0
0
0
-4.440892099e-16
4.440892099e-16
0
0
0
0
0
0
4.440892099e-16
0
0
0
-2.220446049e-16
0
0
2.220446049e-16
-2.220446049e-16
0
-2.220446049e-16
0
0
0
0
0
0
0
0
2.220446049e-16
-2.220446049e-16
0
0
-2.220446049e-16
2.220446049e-16
0
0
-2.220446049e-16
0
0
-2.220446049e-16
2.220446049e-16
2.220446049e-16
-2.220446049e-16
0
0
2.220446049e-16
0
0
2.220446049e-16
0
0
0
0
-2.220446049e-16
0
0
0
0
2.220446049e-16
0
-4.440892099e-16
0
0
0
2.220446049e-16
0
-2.220446049e-16
0
2.220446049e-16
2.220446049e-16
2.220446049e-16
0
-2.220446049e-16
0
-2.220446049e-16
0
0
-2.220446049e-16
-2.220446049e-16
-4.440892099e-16
-2.220446049e-16
0
-2.220446049e-16
-2.220446049e-16
2.220446049e-16
0
0
0
2.220446049e-16
0
0
0
0
0
0
0
0
0
-2.220446049e-16
0
0
4.440892099e-16
0
2.220446049e-16
0
0
2.220446049e-16
0
2.220446049e-16
0
0
0
0
0
-2.220446049e-16
0
0
0
0
2.220446049e-16
-2.220446049e-16
2.220446049e-16
0
2.220446049e-16
2.220446049e-16
0
0
-2.220446049e-16
-2.220446049e-16
-2.220446049e-16
-2.220446049e-16
4.440892099e-16
0
0
-2.220446049e-16
-2.220446049e-16
-2.220446049e-16
2.220446049e-16
0
2.220446049e-16
0
-2.220446049e-16
0
-2.220446049e-16
0
0
0
0
0
0
0
2.220446049e-16
2.220446049e-16
-2.220446049e-16
0
0
-2.220446049e-16
0
2.220446049e-16
2.220446049e-16
0
0
2.220446049e-16
-2.220446049e-16
-4.440892099e-16
0
0
0
2.220446049e-16
0
0
2.220446049e-16
0
0
-2.220446049e-16
2.220446049e-16
-2.220446049e-16
-2.220446049e-16
0
-2.220446049e-16
-2.220446049e-16
-2.220446049e-16
0
0
0
0
0
2.220446049e-16
0
-4.440892099e-16
0
2.220446049e-16
2.220446049e-16
0
0
-2.220446049e-16
-2.220446049e-16
0
0
-4.440892099e-16
0
2.220446049e-16
-2.220446049e-16
0
0
-2.220446049e-16
0
0
0
0
0
0
-2.220446049e-16
2.220446049e-16
2.220446049e-16
0
0
0
0
-2.220446049e-16
2.220446049e-16
0
0
0
0
-4.440892099e-16
-2.220446049e-16
-2.220446049e-16
-2.220446049e-16
0
-2.220446049e-16
2.220446049e-16
-2.220446049e-16
0
0
0
2.220446049e-16
-4.440892099e-16
0
0
2.220446049e-16
0
2.220446049e-16
-2.220446049e-16
0
2.220446049e-16
-2.220446049e-16
2.220446049e-16
0
0
2.220446049e-16
2.220446049e-16
0
0
0
0
2.220446049e-16
-2.220446049e-16
2.220446049e-16
2.220446049e-16
-2.220446049e-16
0
0
-2.220446049e-16
2.220446049e-16
0
0
4.440892099e-16
-2.220446049e-16
0
2.220446049e-16
2.220446049e-16
-2.220446049e-16
0
2.220446049e-16
0
-4.440892099e-16
2.220446049e-16
0
0
0
-2.220446049e-16
-2.220446049e-16
2.220446049e-16
-2.220446049e-16
0
0
-2.220446049e-16
0
2.220446049e-16
-2.220446049e-16
0
2.220446049e-16
-2.220446049e-16
-2.220446049e-16
-2.220446049e-16
2.220446049e-16
0
-2.220446049e-16
0
0
0
0
-2.220446049e-16
2.220446049e-16
0
0
0
-2.220446049e-16
0
0
2.220446049e-16
0
0
0
0
0
0
2.220446049e-16
2.220446049e-16
0
-2.220446049e-16
2.220446049e-16
0
0
0
0
-2.220446049e-16
-2.220446049e-16
-4.440892099e-16
2.220446049e-16
0
0
0
0
2.220446049e-16
0
0
-2.220446049e-16
0
0
-2.220446049e-16
-2.220446049e-16
0
0
-2.220446049e-16
4.440892099e-16
0
-2.220446049e-16
2.220446049e-16
0
0
0
-2.220446049e-16
2.220446049e-16
0
0
0
2.220446049e-16
0
0
0
0
0
2.220446049e-16
-2.220446049e-16
0
4.440892099e-16
0
0
0
2.220446049e-16
0
0
0
2.220446049e-16
-2.220446049e-16
0
2.220446049e-16
0
2.220446049e-16
-2.220446049e-16
0
0
-2.220446049e-16
0
2.220446049e-16
-2.220446049e-16
0
0
2.220446049e-16
0
0
2.220446049e-16
2.220446049e-16
2.220446049e-16
2.220446049e-16
2.220446049e-16
0
-2.220446049e-16
0
0
0
-2.220446049e-16
-2.220446049e-16
0
2.220446049e-16
2.220446049e-16
0
4.440892099e-16
2.220446049e-16
-2.220446049e-16
2.220446049e-16
0
0
2.220446049e-16
0
2.220446049e-16
0
0
2.220446049e-16
2.220446049e-16
2.220446049e-16
-2.220446049e-16
-2.220446049e-16
4.440892099e-16
0
0
0
-2.220446049e-16
2.220446049e-16
2.220446049e-16
0
0
2.220446049e-16
0
-2.220446049e-16
4.440892099e-16
0
0
2.220446049e-16
0
0
-2.220446049e-16
0
0
-4.440892099e-16
2.220446049e-16
2.220446049e-16
0
0
-2.220446049e-16
0
0
0
0
0
0
0
0
2.220446049e-16
-2.220446049e-16
0
2.220446049e-16
-2.220446049e-16
2.220446049e-16
-2.220446049e-16
0
2.220446049e-16
0
-2.220446049e-16
0
0
0
2.220446049e-16
-2.220446049e-16
-2.220446049e-16
-2.220446049e-16
0
0
0
-4.440892099e-16
2.220446049e-16
0
0
0
0
-2.220446049e-16
4.440892099e-16
0
0
0
0
0
0
4.440892099e-16
-2.220446049e-16
-2.220446049e-16
0
-2.220446049e-16
0
-2.220446049e-16
0
0
0
0
0
0
2.220446049e-16
-2.220446049e-16
0
4.440892099e-16
-2.220446049e-16
-2.220446049e-16
2.220446049e-16
4.440892099e-16
2.220446049e-16
-2.220446049e-16
0
0
2.220446049e-16
-2.220446049e-16
0
2.220446049e-16
0
0
-2.220446049e-16
0
-4.440892099e-16
0
2.220446049e-16
0
0
0
0
0
2.220446049e-16
0
0
-4.440892099e-16
0
-2.220446049e-16
0
2.220446049e-16
0
-2.220446049e-16
0
2.220446049e-16
0
2.220446049e-16
4.440892099e-16
-2.220446049e-16
-2.220446049e-16
0
2.220446049e-16
-2.220446049e-16
-4.440892099e-16
0
0
0
2.220446049e-16
2.220446049e-16
-4.440892099e-16
-2.220446049e-16
0
0
-2.220446049e-16
-2.220446049e-16
0
0
0
2.220446049e-16
0
0
0
-2.220446049e-16
0
0
2.220446049e-16
2.220446049e-16
0
0
2.220446049e-16
0
0
-4.440892099e-16
2.220446049e-16
2.220446049e-16
0
2.220446049e-16
0
0
0
0
2.220446049e-16
0
0
2.220446049e-16
0
0
0
-2.220446049e-16
-2.220446049e-16
0
2.220446049e-16
0
2.220446049e-16
0
2.220446049e-16
2.220446049e-16
2.220446049e-16
-2.220446049e-16
-2.220446049e-16
0
-2.220446049e-16
-2.220446049e-16
0
0
-2.220446049e-16
0
0
0
-2.220446049e-16
-2.220446049e-16
-2.220446049e-16
0
-2.220446049e-16
2.220446049e-16
-2.220446049e-16
2.220446049e-16
2.220446049e-16
-2.220446049e-16
0
0
-2.220446049e-16
-2.220446049e-16
-2.220446049e-16
0
-2.220446049e-16
0
0
0
2.220446049e-16
-2.220446049e-16
-2.220446049e-16
0
2.220446049e-16
0
2.220446049e-16
-2.220446049e-16
-2.220446049e-16
-2.220446049e-16
0
-2.220446049e-16
0
0
-2.220446049e-16
0
2.220446049e-16
0
-2.220446049e-16
0
0
-2.220446049e-16
0
2.220446049e-16
2.220446049e-16
2.220446049e-16
2.220446049e-16
0
0
-2.220446049e-16
2.220446049e-16
0
-2.220446049e-16
0
0
0
0
0
-2.220446049e-16
0
0
0
-2.220446049e-16
0
-2.220446049e-16
0
-2.220446049e-16
0
0
0
0
0
0
0
-2.220446049e-16
0
0
0
0
-2.220446049e-16
2.220446049e-16
2.220446049e-16
2.220446049e-16
0
0
0
2.220446049e-16
2.220446049e-16
-2.220446049e-16
2.220446049e-16
-2.220446049e-16
0
2.220446049e-16
-2.220446049e-16
-2.220446049e-16
0
-2.220446049e-16
0
0
0
0
2.220446049e-16
0
0
0
-2.220446049e-16
2.220446049e-16
0
2.220446049e-16
2.220446049e-16
2.220446049e-16
2.220446049e-16
0
0
0
0
0
0
0
0
0
0
0
0
-2.220446049e-16
-2.220446049e-16
0
0
0
0
0
0
-2.220446049e-16
0
2.220446049e-16
2.220446049e-16
2.220446049e-16
0
0
0
2.220446049e-16
0
2.220446049e-16
0
0
-2.220446049e-16
0
0
0
0
0
0
0
0
0
2.220446049e-16
0
0
-2.220446049e-16
-2.220446049e-16
2.220446049e-16
2.220446049e-16
0
-2.220446049e-16
-2.220446049e-16
0
0
0
0
0
0
-4.440892099e-16
0
0
0
0
0
0
-2.220446049e-16
0
0
2.220446049e-16
-2.220446049e-16
2.220446049e-16
-4.440892099e-16
-4.440892099e-16
2.220446049e-16
0
-4.440892099e-16
-4.440892099e-16
-4.440892099e-16
0
0
0
0
0
-2.220446049e-16
-2.220446049e-16
0
0
2.220446049e-16
0
0
-2.220446049e-16
-2.220446049e-16
-2.220446049e-16
0
0
0
0
-2.220446049e-16
0
0
-2.220446049e-16
2.220446049e-16
2.220446049e-16
0
0
0
0
0
4.440892099e-16
4.440892099e-16
0
0
0
0
0
0
4.440892099e-16
4.440892099e-16
0
0
0
0
0
0
0
0
0
0
4.440892099e-16
0
0
0
0
0
0
0
0
-2.220446049e-16
-2.220446049e-16
-2.220446049e-16
0
0
2.220446049e-16
2.220446049e-16
-2.220446049e-16
0
0
2.220446049e-16
2.220446049e-16
0
0
2.220446049e-16
0
0
-2.220446049e-16
0
-2.220446049e-16
0
-2.220446049e-16
-2.220446049e-16
0
0
0
-2.220446049e-16
-2.220446049e-16
2.220446049e-16
0
2.220446049e-16
0
2.220446049e-16
-2.220446049e-16
-2.220446049e-16
-2.220446049e-16
0
-2.220446049e-16
-2.220446049e-16
0
0
0
0
0
0
-2.220446049e-16
-2.220446049e-16
-2.220446049e-16
0
0
0
0
0
0
2.220446049e-16
2.220446049e-16
0
2.220446049e-16
0
-2.220446049e-16
-2.220446049e-16
0
-2.220446049e-16
0
-2.220446049e-16
2.220446049e-16
-2.220446049e-16
2.220446049e-16
-2.220446049e-16
2.220446049e-16
0
0
0
0
0
-2.220446049e-16
0
-2.220446049e-16
0
0
-2.220446049e-16
-2.220446049e-16
-2.220446049e-16
0
-2.220446049e-16
0
0
-2.220446049e-16
2.220446049e-16
0
2.220446049e-16
0
-2.220446049e-16
-2.220446049e-16
-2.220446049e-16
0
-2.220446049e-16
0
-2.220446049e-16
0
-2.220446049e-16
0
-2.220446049e-16
-2.220446049e-16
0
0
0
0
0
0
2.220446049e-16
-2.220446049e-16
-2.220446049e-16
0
0
0
-2.220446049e-16
0
-2.220446049e-16
-2.220446049e-16
2.220446049e-16
0
0
0
0
0
0
-2.220446049e-16
0
0
0
0
-2.220446049e-16
2.220446049e-16
0
2.220446049e-16
2.220446049e-16
2.220446049e-16
2.220446049e-16
2.220446049e-16
0
-2.220446049e-16
-2.220446049e-16
-2.220446049e-16
0
0
0
0
-2.220446049e-16
0
-2.220446049e-16
0
0
2.220446049e-16
-2.220446049e-16
0
0
0
-2.220446049e-16
2.220446049e-16
-2.220446049e-16
0
0
2.220446049e-16
0
2.220446049e-16
2.220446049e-16
0
-2.220446049e-16
2.220446049e-16
2.220446049e-16
0
0
-2.220446049e-16
0
-2.220446049e-16
0
0
-2.220446049e-16
0
-2.220446049e-16
0
0
-2.220446049e-16
-2.220446049e-16
0
0
0
0
0
0
0
0
0
-2.220446049e-16
-2.220446049e-16
0
0
2.220446049e-16
0
0
-2.220446049e-16
-2.220446049e-16
0
-2.220446049e-16
0
0
0
-2.220446049e-16
0
-2.220446049e-16
-2.220446049e-16
-2.220446049e-16
0
-2.220446049e-16
-2.220446049e-16
0
2.220446049e-16
-2.220446049e-16
0
-2.220446049e-16
-2.220446049e-16
0
-2.220446049e-16
0
2.220446049e-16
0
2.220446049e-16
2.220446049e-16
0
2.220446049e-16
2.220446049e-16
2.220446049e-16
2.220446049e-16
2.220446049e-16
2.220446049e-16
0
0
2.220446049e-16
0
0
-2.220446049e-16
-2.220446049e-16
0
-2.220446049e-16
-2.220446049e-16
0
0
-2.220446049e-16
-2.220446049e-16
0
2.220446049e-16
0
0
2.220446049e-16
2.220446049e-16
2.220446049e-16
2.220446049e-16
2.220446049e-16
2.220446049e-16
-2.220446049e-16
0
0
-2.220446049e-16
0
2.220446049e-16
-2.220446049e-16
0
-2.220446049e-16
2.220446049e-16
2.220446049e-16
2.220446049e-16
0
0
0
0
0
0
0
-2.220446049e-16
0
-2.220446049e-16
-2.220446049e-16
0
0
2.220446049e-16
0
-2.220446049e-16
-2.220446049e-16
-2.220446049e-16
0
0
0
0
0
0
0
0
0
0
0
0
0
0
0
4.440892099e-16
0
0
0
0
0
0
0
0
0
-2.220446049e-16
-2.220446049e-16
0
0
0
0
-2.220446049e-16
0
0
-2.220446049e-16
-2.220446049e-16
0
2.220446049e-16
0
0
0
2.220446049e-16
2.220446049e-16
2.220446049e-16
0
0
-2.220446049e-16
0
-2.220446049e-16
-2.220446049e-16
-2.220446049e-16
2.220446049e-16
2.220446049e-16
0
2.220446049e-16
0
2.220446049e-16
-2.220446049e-16
0
-2.220446049e-16
0
2.220446049e-16
0
-2.220446049e-16
-2.220446049e-16
0
0
0
0
-2.220446049e-16
-2.220446049e-16
-2.220446049e-16
2.220446049e-16
2.220446049e-16
2.220446049e-16
0
0
0
0
0
-2.220446049e-16
0
0
-2.220446049e-16
0
0
0
0
0
0
0
0
0
0
0
0
0
0
0
0
0
0
0
0
0
0
0
0
0
0
2.220446049e-16
0
0
4.440892099e-16
2.220446049e-16
4.440892099e-16
4.440892099e-16
0
0
0
2.220446049e-16
0
0
0
0
0
0
0
0
0
0
0
0
0
0
0
0
0
0
0
2.220446049e-16
0
0
2.220446049e-16
2.220446049e-16
2.220446049e-16
2.220446049e-16
2.220446049e-16
0
0
0
0
0
0
-2.220446049e-16
0
-2.220446049e-16
0
0
0
-2.220446049e-16
-2.220446049e-16
2.220446049e-16
2.220446049e-16
-2.220446049e-16
0
0
0
0
0
0
-2.220446049e-16
0
0
0
0
-2.220446049e-16
0
0
0
0
0
-2.220446049e-16
-2.220446049e-16
2.220446049e-16
0
0
2.220446049e-16
-2.220446049e-16
-2.220446049e-16
-2.220446049e-16
2.220446049e-16
0
2.220446049e-16
0
0
-2.220446049e-16
2.220446049e-16
2.220446049e-16
0
-2.220446049e-16
-2.220446049e-16
2.220446049e-16
0
0
2.220446049e-16
2.220446049e-16
-2.220446049e-16
0
0
-2.220446049e-16
-2.220446049e-16
-2.220446049e-16
-2.220446049e-16
2.220446049e-16
2.220446049e-16
0
0
-2.220446049e-16
0
-2.220446049e-16
-2.220446049e-16
0
0
-2.220446049e-16
-2.220446049e-16
-2.220446049e-16
-2.220446049e-16
-2.220446049e-16
-2.220446049e-16
-2.220446049e-16
-2.220446049e-16
-2.220446049e-16
0
0
-2.220446049e-16
-2.220446049e-16
0
0
0
-2.220446049e-16
-2.220446049e-16
-2.220446049e-16
-2.220446049e-16
0
0
-2.220446049e-16
0
-2.220446049e-16
-2.220446049e-16
0
0
0
-2.220446049e-16
0
-2.220446049e-16
-2.220446049e-16
0
0
-2.220446049e-16
0
0
0
0
0
0
0
0
0
2.220446049e-16
0
0
0
0
0
2.220446049e-16
0
0
0
0
2.220446049e-16
2.220446049e-16
0
2.220446049e-16
2.220446049e-16
0
0
0
0
0
0
0
-2.220446049e-16
-2.220446049e-16
-2.220446049e-16
2.220446049e-16
-2.220446049e-16
-2.220446049e-16
-2.220446049e-16
0
0
-2.220446049e-16
-2.220446049e-16
-2.220446049e-16
0
-2.220446049e-16
0
-2.220446049e-16
-2.220446049e-16
0
0
0
-2.220446049e-16
0
0
0
-2.220446049e-16
-2.220446049e-16
0
0
0
0
0
0
0
0
0
0
0
-2.220446049e-16
-2.220446049e-16
-2.220446049e-16
0
0
0
2.220446049e-16
0
0
0
0
0
0
2.220446049e-16
2.220446049e-16
0
2.220446049e-16
0
0
0
2.220446049e-16
2.220446049e-16
2.220446049e-16
0
0
0
0
-4.440892099e-16
0
0
-2.220446049e-16
0
0
0
2.220446049e-16
2.220446049e-16
0
0
2.220446049e-16
2.220446049e-16
2.220446049e-16
0
0
0
2.220446049e-16
2.220446049e-16
0
0
0
2.220446049e-16
2.220446049e-16
2.220446049e-16
2.220446049e-16
0
2.220446049e-16
2.220446049e-16
2.220446049e-16
-2.220446049e-16
2.220446049e-16
2.220446049e-16
0
0
0
2.220446049e-16
0
0
0
2.220446049e-16
2.220446049e-16
0
0
0
-2.220446049e-16
0
0
0
0
0
0
0
0
0
-2.220446049e-16
-2.220446049e-16
0
0
0
0
0
0
0
0
0
0
0
0
0
0
2.220446049e-16
2.220446049e-16
2.220446049e-16
0
2.220446049e-16
0
0
-2.220446049e-16
0
-2.220446049e-16
-2.220446049e-16
-2.220446049e-16
0
0
0
0
0
-2.220446049e-16
0
0
0
0
0
0
0
2.220446049e-16
2.220446049e-16
0
0
0
2.220446049e-16
0
2.220446049e-16
0
0
-4.440892099e-16
0
0
0
0
0
0
0
0
0
-4.440892099e-16
-4.440892099e-16
0
0
2.220446049e-16
0
0
0
0
0
-2.220446049e-16
0
0
0
0
0
0
0
0
0
0
-2.220446049e-16
-4.440892099e-16
-2.220446049e-16
0
0
0
0
0
-4.440892099e-16
0
0
0
0
0
0
0
2.220446049e-16
0
0
0
-2.220446049e-16
0
0
0
-2.220446049e-16
-2.220446049e-16
0
-2.220446049e-16
0
0
0
0
0
0
0
0
0
0
0
0
0
0
2.220446049e-16
0
0
0
2.220446049e-16
2.220446049e-16
0
0
2.220446049e-16
0
2.220446049e-16
0
0
0
0
2.220446049e-16
0
0
2.220446049e-16
2.220446049e-16
2.220446049e-16
0
0
0
0
0
0
0
2.220446049e-16
2.220446049e-16
0
0
0
0
-2.220446049e-16
-2.220446049e-16
0
0
0
2.220446049e-16
2.220446049e-16
0
0
0
2.220446049e-16
0
0
0
0
2.220446049e-16
0
0
0
-4.440892099e-16
0
0
0
-2.220446049e-16
0
0
0
0
0
0
0
-2.220446049e-16
0
-2.220446049e-16
0
-2.220446049e-16
0
0
0
0
-2.220446049e-16
-2.220446049e-16
0
-2.220446049e-16
0
0
0
-2.220446049e-16
-2.220446049e-16
0
0
0
0
-2.220446049e-16
0
0
-2.220446049e-16
-2.220446049e-16
0
0
0
0
0
0
-2.220446049e-16
0
0
0
-2.220446049e-16
-2.220446049e-16
0
0
0
-2.220446049e-16
-2.220446049e-16
0
0
0
-2.220446049e-16
2.220446049e-16
0
-2.220446049e-16
0
0
0
2.220446049e-16
0
0
0
2.220446049e-16
2.220446049e-16
-2.220446049e-16
-2.220446049e-16
0
-2.220446049e-16
0
0
-2.220446049e-16
0
0
-2.220446049e-16
2.220446049e-16
2.220446049e-16
0
2.220446049e-16
2.220446049e-16
0
0
0
-2.220446049e-16
-2.220446049e-16
-2.220446049e-16
-2.220446049e-16
-2.220446049e-16
-2.220446049e-16
-2.220446049e-16
-2.220446049e-16
0
0
0
0
0
2.220446049e-16
0
0
0
2.220446049e-16
0
0
0
2.220446049e-16
2.220446049e-16
2.220446049e-16
0
2.220446049e-16
0
-2.220446049e-16
0
-2.220446049e-16
0
-2.220446049e-16
0
0
-2.220446049e-16
0
0
-2.220446049e-16
0
0
-2.220446049e-16
0
0
2.220446049e-16
0
2.220446049e-16
2.220446049e-16
-2.220446049e-16
-2.220446049e-16
-2.220446049e-16
-2.220446049e-16
2.220446049e-16
-2.220446049e-16
2.220446049e-16
-2.220446049e-16
0
0
-2.220446049e-16
-2.220446049e-16
0
0
2.220446049e-16
0
0
2.220446049e-16
0
0
2.220446049e-16
2.220446049e-16
2.220446049e-16
-2.220446049e-16
-2.220446049e-16
0
0
0
0
-2.220446049e-16
0
0
-2.220446049e-16
0
0
0
0
0
0
2.220446049e-16
0
0
2.220446049e-16
0
2.220446049e-16
0
-2.220446049e-16
2.220446049e-16
0
0
0
0
-2.220446049e-16
-2.220446049e-16
0
2.220446049e-16
0
0
2.220446049e-16
2.220446049e-16
-2.220446049e-16
2.220446049e-16
-2.220446049e-16
0
0
-2.220446049e-16
-2.220446049e-16
-2.220446049e-16
2.220446049e-16
0
0
0
-2.220446049e-16
-2.220446049e-16
-2.220446049e-16
-2.220446049e-16
-2.220446049e-16
0
-2.220446049e-16
0
0
0
0
0
0
-2.220446049e-16
0
0
0
0
-2.220446049e-16
0
0
0
0
0
0
-2.220446049e-16
0
0
-2.220446049e-16
2.220446049e-16
-2.220446049e-16
2.220446049e-16
2.220446049e-16
-2.220446049e-16
0
0
0
0
2.220446049e-16
2.220446049e-16
2.220446049e-16
-2.220446049e-16
-2.220446049e-16
0
0
0
-2.220446049e-16
0
0
0
-2.220446049e-16
0
0
-2.220446049e-16
-2.220446049e-16
0
0
0
0
0
0
2.220446049e-16
0
2.220446049e-16
-2.220446049e-16
0
2.220446049e-16
-2.220446049e-16
0
0
-2.220446049e-16
2.220446049e-16
-2.220446049e-16
2.220446049e-16
0
2.220446049e-16
2.220446049e-16
0
0
0
-2.220446049e-16
-2.220446049e-16
0
0
0
0
0
0
0
0
0
-2.220446049e-16
-2.220446049e-16
0
0
0
0
0
0
0
0
0
-2.220446049e-16
-2.220446049e-16
0
0
2.220446049e-16
2.220446049e-16
0
0
0
2.220446049e-16
2.220446049e-16
2.220446049e-16
2.220446049e-16
-2.220446049e-16
2.220446049e-16
0
0
-2.220446049e-16
-2.220446049e-16
-2.220446049e-16
-2.220446049e-16
0
-2.220446049e-16
2.220446049e-16
2.220446049e-16
2.220446049e-16
0
0
2.220446049e-16
0
0
0
2.220446049e-16
0
0
0
2.220446049e-16
2.220446049e-16
-2.220446049e-16
0
0
0
0
-2.220446049e-16
-2.220446049e-16
-2.220446049e-16
2.220446049e-16
0
0
0
0
0
-4.440892099e-16
0
0
2.220446049e-16
0
2.220446049e-16
0
0
0
2.220446049e-16
0
-4.440892099e-16
-4.440892099e-16
0
0
0
0
0
0
0
0
0
0
0
0
0
0
0
2.220446049e-16
2.220446049e-16
0
2.220446049e-16
0
0
2.220446049e-16
0
0
2.220446049e-16
2.220446049e-16
0
2.220446049e-16
0
0
2.220446049e-16
2.220446049e-16
0
0
0
0
0
0
0
0
0
0
0
0
2.220446049e-16
2.220446049e-16
-4.440892099e-16
0
0
0
0
0
-2.220446049e-16
0
-2.220446049e-16
0
0
0
-4.440892099e-16
0
0
-4.440892099e-16
0
-2.220446049e-16
0
0
0
-2.220446049e-16
2.220446049e-16
0
0
2.220446049e-16
0
0
0
0
0
2.220446049e-16
2.220446049e-16
0
0
0
2.220446049e-16
2.220446049e-16
2.220446049e-16
0
0
0
-2.220446049e-16
0
0
-4.440892099e-16
0
0
0
0
2.220446049e-16
2.220446049e-16
0
2.220446049e-16
0
0
0
0
0
0
0
-4.440892099e-16
-4.440892099e-16
0
0
0
0
0
0
2.220446049e-16
0
0
-2.220446049e-16
0
0
2.220446049e-16
-2.220446049e-16
0
-2.220446049e-16
-2.220446049e-16
0
0
-2.220446049e-16
0
0
0
-2.220446049e-16
-2.220446049e-16
0
0
0
-2.220446049e-16
-2.220446049e-16
0
-2.220446049e-16
0
0
0
0
0
2.220446049e-16
0
0
-2.220446049e-16
0
0
0
0
0
0
0
0
2.220446049e-16
0
2.220446049e-16
2.220446049e-16
0
0
2.220446049e-16
2.220446049e-16
0
0
0
0
-2.220446049e-16
0
-4.440892099e-16
0
0
0
0
-2.220446049e-16
0
0
0
0
0
0
2.220446049e-16
0
0
0
0
0
0
0
0
0
-2.220446049e-16
-2.220446049e-16
0
0
0
0
0
0
0
0
-4.440892099e-16
0
-2.220446049e-16
-2.220446049e-16
0
0
0
0
0
0
0
0
0
2.220446049e-16
0
0
0
0
0
-2.220446049e-16
0
0
2.220446049e-16
0
0
0
0
0
0
0
0
0
0
0
0
0
0
-2.220446049e-16
2.220446049e-16
2.220446049e-16
2.220446049e-16
0
0
0
0
0
0
0
0
0
0
0
0
0
0
0
0
-2.220446049e-16
0
-2.220446049e-16
0
0
-2.220446049e-16
0
0
2.220446049e-16
2.220446049e-16
2.220446049e-16
0
-2.220446049e-16
0
-2.220446049e-16
0
2.220446049e-16
0
-2.220446049e-16
2.220446049e-16
0
0
2.220446049e-16
0
-2.220446049e-16
2.220446049e-16
-2.220446049e-16
0
0
2.220446049e-16
2.220446049e-16
0
0
0
2.220446049e-16
2.220446049e-16
2.220446049e-16
0
0
0
2.220446049e-16
0
0
2.220446049e-16
2.220446049e-16
2.220446049e-16
0
2.220446049e-16
2.220446049e-16
0
2.220446049e-16
2.220446049e-16
2.220446049e-16
2.220446049e-16
0
2.220446049e-16
2.220446049e-16
2.220446049e-16
0
0
2.220446049e-16
0
0
0
0
0
-2.220446049e-16
0
-2.220446049e-16
-2.220446049e-16
-2.220446049e-16
-2.220446049e-16
0
0
0
0
-2.220446049e-16
0
-2.220446049e-16
-2.220446049e-16
0
-2.220446049e-16
-2.220446049e-16
-2.220446049e-16
0
2.220446049e-16
0
0
0
0
0
0
-2.220446049e-16
0
-2.220446049e-16
0
0
0
-2.220446049e-16
0
0
0
-2.220446049e-16
0
0
2.220446049e-16
0
0
0
-4.440892099e-16
-4.440892099e-16
-4.440892099e-16
-2.220446049e-16
-4.440892099e-16
0
0
-4.440892099e-16
-2.220446049e-16
-2.220446049e-16
-2.220446049e-16
-2.220446049e-16
0
0
0
-2.220446049e-16
-2.220446049e-16
0
-2.220446049e-16
0
-2.220446049e-16
0
0
0
0
0
-4.440892099e-16
0
0
0
-2.220446049e-16
0
0
0
2.220446049e-16
0
0
-2.220446049e-16
0
-2.220446049e-16
0
-2.220446049e-16
0
0
0
0
-2.220446049e-16
0
-2.220446049e-16
-2.220446049e-16
0
-2.220446049e-16
0
-2.220446049e-16
2.220446049e-16
-2.220446049e-16
-2.220446049e-16
-2.220446049e-16
-2.220446049e-16
0
-2.220446049e-16
2.220446049e-16
2.220446049e-16
2.220446049e-16
0
2.220446049e-16
-2.220446049e-16
0
0
2.220446049e-16
2.220446049e-16
2.220446049e-16
2.220446049e-16
2.220446049e-16
2.220446049e-16
-2.220446049e-16
0
0
0
0
2.220446049e-16
0
2.220446049e-16
-2.220446049e-16
-2.220446049e-16
0
-2.220446049e-16
-2.220446049e-16
0
0
0
-2.220446049e-16
2.220446049e-16
-2.220446049e-16
2.220446049e-16
0
0
-2.220446049e-16
2.220446049e-16
2.220446049e-16
0
0
0
-4.440892099e-16
0
-2.220446049e-16
0
2.220446049e-16
2.220446049e-16
0
0
0
0
0
2.220446049e-16
0
2.220446049e-16
2.220446049e-16
0
0
0
2.220446049e-16
2.220446049e-16
0
-2.220446049e-16
2.220446049e-16
2.220446049e-16
2.220446049e-16
2.220446049e-16
2.220446049e-16
0
-2.220446049e-16
0
0
0
2.220446049e-16
0
0
2.220446049e-16
2.220446049e-16
0
0
0
0
0
0
2.220446049e-16
2.220446049e-16
2.220446049e-16
0
2.220446049e-16
0
2.220446049e-16
0
-2.220446049e-16
2.220446049e-16
0
0
-2.220446049e-16
0
2.220446049e-16
-2.220446049e-16
0
2.220446049e-16
0
0
-2.220446049e-16
2.220446049e-16
0
0
0
2.220446049e-16
0
0
0
0
-4.440892099e-16
-4.440892099e-16
0
-2.220446049e-16
0
0
2.220446049e-16
4.440892099e-16
-4.440892099e-16
0
4.440892099e-16
0
0
-2.220446049e-16
0
0
0
0
2.220446049e-16
-2.220446049e-16
-2.220446049e-16
2.220446049e-16
-2.220446049e-16
0
2.220446049e-16
2.220446049e-16
2.220446049e-16
0
2.220446049e-16
2.220446049e-16
0
-2.220446049e-16
-2.220446049e-16
2.220446049e-16
2.220446049e-16
2.220446049e-16
2.220446049e-16
0
0
0
0
2.220446049e-16
0
0
0
2.220446049e-16
0
2.220446049e-16
0
2.220446049e-16
0
0
0
-2.220446049e-16
2.220446049e-16
0
2.220446049e-16
0
0
0
0
2.220446049e-16
0
-2.220446049e-16
-2.220446049e-16
2.220446049e-16
0
2.220446049e-16
-4.440892099e-16
0
2.220446049e-16
0
2.220446049e-16
0
0
2.220446049e-16
2.220446049e-16
0
2.220446049e-16
0
-2.220446049e-16
0
-2.220446049e-16
-2.220446049e-16
2.220446049e-16
-2.220446049e-16
0
-2.220446049e-16
0
-2.220446049e-16
0
2.220446049e-16
-2.220446049e-16
0
0
0
2.220446049e-16
0
0
0
0
0
0
0
0
0
0
0
0
0
2.220446049e-16
0
-2.220446049e-16
-2.220446049e-16
0
0
0
-2.220446049e-16
0
0
0
0
0
0
0
0
0
0
0
0
0
2.220446049e-16
0
-2.220446049e-16
0
0
0
0
0
0
0
2.220446049e-16
0
2.220446049e-16
0
4.440892099e-16
4.440892099e-16
-2.220446049e-16
2.220446049e-16
-4.440892099e-16
-2.220446049e-16
-4.440892099e-16
-4.440892099e-16
2.220446049e-16
0
0
0
0
0
2.220446049e-16
0
2.220446049e-16
0
0
0
0
0
0
0
0
2.220446049e-16
2.220446049e-16
-2.220446049e-16
-2.220446049e-16
-2.220446049e-16
0
2.220446049e-16
2.220446049e-16
2.220446049e-16
2.220446049e-16
0
2.220446049e-16
2.220446049e-16
2.220446049e-16
0
0
0
0
0
0
0
0
0
0
-2.220446049e-16
-2.220446049e-16
0
0
0
0
0
0
0
2.220446049e-16
0
2.220446049e-16
0
0
0
0
0
0
2.220446049e-16
0
0
0
0
-2.220446049e-16
-2.220446049e-16
0
0
0
2.220446049e-16
2.220446049e-16
2.220446049e-16
-2.220446049e-16
0
0
-2.220446049e-16
0
0
2.220446049e-16
2.220446049e-16
0
0
0
0
0
4.440892099e-16
0
2.220446049e-16
0
0
2.220446049e-16
0
-4.440892099e-16
0
0
2.220446049e-16
2.220446049e-16
2.220446049e-16
2.220446049e-16
0
0
2.220446049e-16
0
-4.440892099e-16
-4.440892099e-16
-4.440892099e-16
2.220446049e-16
-4.440892099e-16
-2.220446049e-16
0
0
2.220446049e-16
2.220446049e-16
0
0
0
0
2.220446049e-16
-2.220446049e-16
-2.220446049e-16
-2.220446049e-16
0
-2.220446049e-16
2.220446049e-16
2.220446049e-16
2.220446049e-16
2.220446049e-16
2.220446049e-16
2.220446049e-16
0
2.220446049e-16
0
0
2.220446049e-16
0
-2.220446049e-16
2.220446049e-16
-2.220446049e-16
0
0
0
0
0
0
2.220446049e-16
0
-2.220446049e-16
0
-2.220446049e-16
0
0
0
-2.220446049e-16
2.220446049e-16
0
0
0
0
0
2.220446049e-16
0
0
-2.220446049e-16
0
0
0
0
-2.220446049e-16
0
0
0
0
0
-2.220446049e-16
0
0
0
2.220446049e-16
0
0
-2.220446049e-16
0
0
0
0
-2.220446049e-16
0
-2.220446049e-16
-2.220446049e-16
0
2.220446049e-16
-2.220446049e-16
0
0
0
0
0
0
0
0
0
0
0
0
2.220446049e-16
0
0
0
0
0
0
0
2.220446049e-16
0
0
0
0
0
0
-2.220446049e-16
-2.220446049e-16
0
0
-2.220446049e-16
0
0
0
2.220446049e-16
0
2.220446049e-16
0
0
0
0
0
2.220446049e-16
2.220446049e-16
2.220446049e-16
0
0
0
2.220446049e-16
0
-2.220446049e-16
0
-2.220446049e-16
0
0
0
-4.440892099e-16
0
0
0
2.220446049e-16
0
0
0
2.220446049e-16
-2.220446049e-16
-2.220446049e-16
0
-4.440892099e-16
0
0
0
0
0
0
2.220446049e-16
0
0
2.220446049e-16
0
0
-2.220446049e-16
0
0
0
2.220446049e-16
-2.220446049e-16
0
2.220446049e-16
0
0
0
0
0
0
0
0
2.220446049e-16
2.220446049e-16
2.220446049e-16
2.220446049e-16
0
2.220446049e-16
0
0
0
0
0
2.220446049e-16
0
-2.220446049e-16
0
-2.220446049e-16
2.220446049e-16
0
0
0
0
0
0
0
2.220446049e-16
2.220446049e-16
-2.220446049e-16
-4.440892099e-16
0
-4.440892099e-16
0
-4.440892099e-16
-4.440892099e-16
0
0
0
0
2.220446049e-16
0
0
2.220446049e-16
0
0
0
2.220446049e-16
2.220446049e-16
2.220446049e-16
0
0
0
0
0
0
0
0
0
0
0
0
0
0
2.220446049e-16
0
0
-2.220446049e-16
0
0
0
0
2.220446049e-16
0
0
0
0
0
0
0
2.220446049e-16
2.220446049e-16
0
2.220446049e-16
0
2.220446049e-16
0
0
2.220446049e-16
0
0
0
2.220446049e-16
0
2.220446049e-16
0
0
0
-2.220446049e-16
0
0
0
0
2.220446049e-16
0
0
0
2.220446049e-16
0
-2.220446049e-16
-2.220446049e-16
-2.220446049e-16
-2.220446049e-16
-2.220446049e-16
0
0
0
2.220446049e-16
0
0
-2.220446049e-16
0
2.220446049e-16
2.220446049e-16
0
0
0
0
0
2.220446049e-16
0
0
0
0
0
2.220446049e-16
0
0
-4.440892099e-16
0
0
0
-4.440892099e-16
-4.440892099e-16
-4.440892099e-16
0
-2.220446049e-16
0
0
0
0
2.220446049e-16
0
2.220446049e-16
0
-2.220446049e-16
0
-2.220446049e-16
0
0
0
0
0
-2.220446049e-16
0
0
2.220446049e-16
2.220446049e-16
0
-2.220446049e-16
0
0
0
-2.220446049e-16
0
0
0
0
0
0
0
0
0
0
0
0
0
0
0
0
0
0
0
0
0
0
0
-2.220446049e-16
0
-2.220446049e-16
0
0
0
-2.220446049e-16
0
-2.220446049e-16
0
0
2.220446049e-16
2.220446049e-16
0
2.220446049e-16
0
0
0
-2.220446049e-16
0
2.220446049e-16
0
0
2.220446049e-16
0
-2.220446049e-16
0
0
0
0
0
0
0
0
0
0
0
4.440892099e-16
0
0
0
4.440892099e-16
2.220446049e-16
0
-2.220446049e-16
0
-2.220446049e-16
-2.220446049e-16
-2.220446049e-16
-2.220446049e-16
0
0
2.220446049e-16
0
-2.220446049e-16
0
0
0
0
0
0
0
0
0
0
2.220446049e-16
0
2.220446049e-16
4.440892099e-16
0
0
0
0
0
-2.220446049e-16
-2.220446049e-16
0
0
0
0
2.220446049e-16
-2.220446049e-16
0
0
-2.220446049e-16
2.220446049e-16
-2.220446049e-16
-2.220446049e-16
-2.220446049e-16
-2.220446049e-16
0
-2.220446049e-16
-2.220446049e-16
0
2.220446049e-16
0
-2.220446049e-16
2.220446049e-16
2.220446049e-16
-2.220446049e-16
-2.220446049e-16
-2.220446049e-16
2.220446049e-16
-2.220446049e-16
2.220446049e-16
0
0
0
0
2.220446049e-16
2.220446049e-16
2.220446049e-16
-2.220446049e-16
0
0
2.220446049e-16
-2.220446049e-16
0
0
0
0
0
0
2.220446049e-16
-2.220446049e-16
0
-2.220446049e-16
-2.220446049e-16
0
0
0
0
0
2.220446049e-16
0
2.220446049e-16
-2.220446049e-16
0
2.220446049e-16
0
0
2.220446049e-16
2.220446049e-16
0
0
0
0
0
0
0
0
2.220446049e-16
0
0
2.220446049e-16
-2.220446049e-16
-2.220446049e-16
-2.220446049e-16
0
0
0
2.220446049e-16
-2.220446049e-16
2.220446049e-16
2.220446049e-16
2.220446049e-16
-2.220446049e-16
0
0
2.220446049e-16
-2.220446049e-16
-2.220446049e-16
2.220446049e-16
2.220446049e-16
2.220446049e-16
2.220446049e-16
-2.220446049e-16
-2.220446049e-16
0
0
0
-2.220446049e-16
2.220446049e-16
0
0
2.220446049e-16
2.220446049e-16
2.220446049e-16
0
2.220446049e-16
-2.220446049e-16
2.220446049e-16
-2.220446049e-16
2.220446049e-16
2.220446049e-16
0
0
0
-2.220446049e-16
2.220446049e-16
2.220446049e-16
2.220446049e-16
2.220446049e-16
-2.220446049e-16
0
2.220446049e-16
-2.220446049e-16
0
2.220446049e-16
0
0
0
0
0
2.220446049e-16
-2.220446049e-16
2.220446049e-16
0
-2.220446049e-16
-2.220446049e-16
2.220446049e-16
2.220446049e-16
0
-2.220446049e-16
0
0
0
0
-2.220446049e-16
-2.220446049e-16
0
2.220446049e-16
0
0
0
0
0
0
0
0
0
0
0
0
0
0
0
0
0
0
0
0
0
0
0
0
0
0
0
0
0
0
0
0
0
0
0
0
0
0
0
0
0
0
0
0
-2.220446049e-16
-2.220446049e-16
0
2.220446049e-16
2.220446049e-16
0
0
-2.220446049e-16
0
0
0
2.220446049e-16
2.220446049e-16
2.220446049e-16
0
0
0
0
0
-2.220446049e-16
0
0
0
0
-2.220446049e-16
0
0
0
-2.220446049e-16
0
0
-2.220446049e-16
0
0
0
0
2.220446049e-16
2.220446049e-16
-2.220446049e-16
0
-2.220446049e-16
-2.220446049e-16
-2.220446049e-16
-2.220446049e-16
)
;

boundaryField
{
    side1
    {
        type            calculated;
        value           uniform 1000;
    }
    side2
    {
        type            calculated;
        value           uniform 0;
    }
    empty1
    {
        type            empty;
    }
    empty2
    {
        type            empty;
    }
}


// ************************************************************************* //
