/*--------------------------------*- C++ -*----------------------------------*\
| =========                 |                                                 |
| \\      /  F ield         | OpenFOAM: The Open Source CFD Toolbox           |
|  \\    /   O peration     | Version:  2312                                  |
|   \\  /    A nd           | Website:  www.openfoam.com                      |
|    \\/     M anipulation  |                                                 |
\*---------------------------------------------------------------------------*/
FoamFile
{
    version     2.0;
    format      ascii;
    arch        "LSB;label=32;scalar=64";
    class       volScalarField;
    location    "0.003";
    object      T;
}
// * * * * * * * * * * * * * * * * * * * * * * * * * * * * * * * * * * * * * //

dimensions      [0 0 0 1 0 0 0];

internalField   nonuniform List<scalar> 
8000
(
298
298
298
298
298
298
298
298
298
298
298
298
298
298
298
298
297.9999999
297.9999999
297.9999999
297.9999998
297.9999998
297.9999997
297.9999997
297.9999997
297.9999996
297.9999996
297.9999996
297.9999995
297.9999995
297.9999995
297.9999995
297.9999995
297.9999995
297.9999995
297.9999995
297.9999995
297.9999995
297.9999995
297.9999995
297.9999995
297.9999995
297.9999995
297.9999995
297.9999995
297.9999995
297.9999995
297.9999995
297.9999995
297.9999995
297.9999995
297.9999995
297.9999995
297.9999995
297.9999995
297.9999995
297.9999995
297.9999995
297.9999995
297.9999995
297.9999995
297.9999995
297.9999995
297.9999995
297.9999995
297.9999995
297.9999995
297.9999995
297.9999995
297.9999995
297.9999995
297.9999995
297.9999995
297.9999995
297.9999995
297.9999995
297.9999995
297.9999995
297.9999995
297.9999995
297.9999995
297.9999995
297.9999995
297.9999995
297.9999995
297.9999995
297.9999995
297.9999995
297.9999995
297.9999995
297.9999995
297.9999995
297.9999995
297.9999995
297.9999995
297.9999995
297.9999995
297.9999995
297.9999995
297.9999995
297.9999995
297.9999995
297.9999995
297.9999995
297.9999995
297.9999995
297.9999995
297.9999995
297.9999995
297.9999995
297.9999995
297.9999995
297.9999995
297.9999995
297.9999995
297.9999995
297.9999995
297.9999995
297.9999995
297.9999995
297.9999995
297.9999995
297.9999995
297.9999995
297.9999995
297.9999995
297.9999995
297.9999995
297.9999995
297.9999995
297.9999995
297.9999995
297.9999995
297.9999995
297.9999995
297.9999995
297.9999995
297.9999994
297.9999994
297.9999994
297.9999994
297.9999994
297.9999994
297.9999995
297.9999994
297.9999994
297.9999995
297.9999994
297.9999995
297.9999995
297.9999995
297.9999995
297.9999994
297.9999994
297.9999994
297.9999994
297.9999994
297.9999994
297.9999994
297.9999994
297.9999994
297.9999994
297.9999994
297.9999994
297.9999994
297.9999994
297.9999994
297.9999994
297.9999994
297.9999994
297.9999994
297.9999994
297.9999994
297.9999994
297.9999994
297.9999994
297.9999994
297.9999994
297.9999994
297.9999994
297.9999994
297.9999994
297.9999994
297.9999994
297.9999994
297.9999994
297.9999994
297.9999994
297.9999994
297.9999994
297.9999994
297.9999994
297.9999994
297.9999994
297.9999994
297.9999994
297.9999994
297.9999994
297.9999994
297.9999994
297.9999994
297.9999994
297.9999994
297.9999994
297.9999994
297.9999994
297.9999994
297.9999994
297.9999994
297.9999994
297.9999994
297.9999994
297.9999994
297.9999994
297.9999994
297.9999994
297.9999994
297.9999994
297.9999994
297.9999994
297.9999994
297.9999995
297.9999995
297.9999995
297.9999995
297.9999995
297.9999995
297.9999995
297.9999995
297.9999995
297.9999995
297.9999995
297.9999995
297.9999995
297.9999995
297.9999995
297.9999995
297.9999995
297.9999995
297.9999995
297.9999995
297.9999995
297.9999995
297.9999995
297.9999995
297.9999995
297.9999995
297.9999995
297.9999995
297.9999995
297.9999995
297.9999994
297.9999994
297.9999994
297.9999994
297.9999994
297.9999994
297.9999994
297.9999994
297.9999994
297.9999994
297.9999994
297.9999994
297.9999994
297.9999994
297.9999994
297.9999994
297.9999994
297.9999994
297.9999994
297.9999994
297.9999994
297.9999994
297.9999994
297.9999994
297.9999994
297.9999994
297.9999994
297.9999994
297.9999994
297.9999994
297.9999994
297.9999994
297.9999994
297.9999994
297.9999994
297.9999994
297.9999994
297.9999994
297.9999994
297.9999994
297.9999994
297.9999994
297.9999994
297.9999994
297.9999994
297.9999994
297.9999994
297.9999994
297.9999994
297.9999994
297.9999994
297.9999994
297.9999993
297.9999993
297.9999993
297.9999993
297.9999993
297.9999993
297.9999993
297.9999993
297.9999993
297.9999993
297.9999992
297.9999992
297.9999992
297.9999992
297.9999992
297.9999992
297.9999991
297.9999991
297.9999991
297.9999991
297.999999
297.999999
297.999999
297.9999989
297.9999989
297.9999989
297.9999988
297.9999988
297.9999987
297.9999987
297.9999986
297.9999986
297.9999985
297.9999985
297.9999984
297.9999983
297.9999983
297.9999982
297.9999981
297.999998
297.9999979
297.9999978
297.9999977
297.9999976
297.9999975
297.9999974
297.9999973
297.9999971
297.999997
297.9999968
297.9999967
297.9999965
297.9999964
297.9999962
297.999996
297.9999958
297.9999956
297.9999954
297.9999951
297.9999949
297.9999946
297.9999943
297.999994
297.9999937
297.9999934
297.9999931
297.9999927
297.9999924
297.999992
297.9999916
297.9999911
297.9999907
297.9999902
297.9999897
297.9999892
297.9999887
297.9999881
297.9999875
297.9999869
297.9999862
297.9999855
297.9999848
297.999984
297.9999832
297.9999824
297.9999815
297.9999806
297.9999796
297.9999786
297.9999776
297.9999765
297.9999753
297.9999741
297.9999729
297.9999716
297.9999702
297.9999688
297.9999673
297.9999657
297.9999641
297.9999624
297.9999606
297.9999588
297.9999569
297.9999548
297.9999528
297.9999506
297.9999483
297.9999459
297.9999434
297.9999409
297.9999382
297.9999355
297.9999325
297.9999295
297.9999264
297.9999232
297.9999198
297.9999162
297.9999125
297.9999087
297.9999048
297.9999007
297.9998965
297.999892
297.9998874
297.9998827
297.9998777
297.9998726
297.9998673
297.9998618
297.9998561
297.9998502
297.999844
297.9998377
297.9998311
297.9998243
297.9998173
297.99981
297.9998024
297.9997946
297.9997866
297.9997783
297.9997697
297.9997608
297.9997516
297.9997421
297.9997323
297.9997222
297.9997116
297.9997009
297.9996898
297.9996783
297.9996665
297.9996543
297.9996417
297.9996288
297.9996155
297.9996017
297.9995875
297.9995729
297.9995579
297.9995424
297.9995266
297.9995103
297.9994933
297.9994761
297.9994583
297.99944
297.9994213
297.9994021
297.9993823
297.9993619
297.9993411
297.9993196
297.9992976
297.9992751
297.999252
297.9992283
297.9992041
297.9991793
297.9991538
297.9991277
297.999101
297.9990735
297.9990456
297.9990168
297.9989874
297.9989574
297.9989266
297.9988953
297.9988633
297.9988307
297.9987973
297.998763
297.998728
297.9986924
297.9986559
297.9986188
297.9985809
297.9985424
297.998503
297.9984629
297.9984221
297.9983806
297.998338
297.9982945
297.9982505
297.9982059
297.9981602
297.9981136
297.9980665
297.9980187
297.9979701
297.9979206
297.9978703
297.997819
297.9977671
297.9977145
297.9976608
297.9976062
297.9975512
297.9974955
297.997439
297.9973815
297.9973233
297.9972642
297.9972045
297.9971442
297.9970831
297.9970214
297.9969589
297.9968952
297.996831
297.996766
297.9967006
297.9966346
297.996568
297.9965006
297.9964326
297.996364
297.9962949
297.9962249
297.9961544
297.9960834
297.9960119
297.9959399
297.9958675
297.9957945
297.9957211
297.9956473
297.995573
297.9954983
297.9954234
297.9953481
297.9952725
297.9951966
297.9951204
297.995044
297.9949674
297.9948906
297.9948135
297.9947364
297.9946593
297.9945822
297.9945051
297.9944279
297.9943507
297.9942737
297.9941968
297.99412
297.9940435
297.9939673
297.9938914
297.9938157
297.9937403
297.9936654
297.9935909
297.993517
297.9934436
297.9933706
297.9932983
297.9932265
297.9931553
297.993085
297.9930156
297.9929471
297.9928794
297.9928127
297.992747
297.9926822
297.9926184
297.9925554
297.9924939
297.9924335
297.9923747
297.9923168
297.9922602
297.9922052
297.9921513
297.9920995
297.9920487
297.9919998
297.9919525
297.9919069
297.9918623
297.9918205
297.9917804
297.9917417
297.9917054
297.9916706
297.9916385
297.9916078
297.9915796
297.9915527
297.9915286
297.9915067
297.9914869
297.9914701
297.9914555
297.9914433
297.9914337
297.9914264
297.9914211
297.9914186
297.9914186
297.9914212
297.991426
297.9914341
297.9914445
297.9914575
297.9914738
297.9914928
297.9915147
297.9915391
297.9915666
297.9915973
297.9916309
297.9916675
297.991707
297.9917496
297.9917948
297.9918443
297.9918959
297.9919506
297.9920086
297.9920701
297.9921346
297.992203
297.9922741
297.9923484
297.9924255
297.992506
297.9925896
297.992677
297.9927669
297.9928601
297.9929579
297.9930582
297.9931617
297.9932674
297.9933761
297.9934891
297.9936057
297.9937247
297.9938474
297.9939729
297.9941012
297.9942321
297.9943656
297.9945032
297.9946445
297.9947879
297.9949343
297.9950826
297.9952339
297.995388
297.9955455
297.9957062
297.9958684
297.9960335
297.9962015
297.9963708
297.9965422
297.9967169
297.9968934
297.9970723
297.9972538
297.9974372
297.9976221
297.9978087
297.9979978
297.9981889
297.9983811
297.9985744
297.9987691
297.9989659
297.999164
297.9993631
297.9995634
297.9997646
297.9999675
298.0001707
298.0003746
298.0005795
298.0007849
298.0009907
298.0011971
298.0014036
298.001611
298.001818
298.0020247
298.0022313
298.0024378
298.0026447
298.0028511
298.0030565
298.003261
298.003465
298.0036684
298.0038709
298.0040725
298.0042729
298.0044719
298.0046696
298.0048662
298.0050615
298.0052556
298.0054476
298.0056375
298.0058254
298.0060115
298.006196
298.0063779
298.0065575
298.006735
298.00691
298.0070831
298.0072545
298.0074227
298.0075873
298.0077489
298.0079078
298.0080642
298.008218
298.008369
298.0085172
298.0086618
298.0088039
298.008942
298.0090768
298.0092083
298.0093369
298.0094614
298.0095822
298.0097003
298.009815
298.0099262
298.0100348
298.0101399
298.0102398
298.0103362
298.0104289
298.0105181
298.0106042
298.0106864
298.0107668
298.0108419
298.0109135
298.0109812
298.0110459
298.0111054
298.0111637
298.0112181
298.0112689
298.0113155
298.0113578
298.011397
298.0114335
298.011467
298.0114971
298.0115244
298.0115486
298.0115688
298.0115847
298.0115978
298.0116084
298.0116162
298.0116209
298.0116226
298.0116218
298.0116185
298.0116123
298.0116035
298.0115926
298.01158
298.0115637
298.0115457
298.0115248
298.0115021
298.0114772
298.0114498
298.0114204
298.0113886
298.011355
298.01132
298.0112843
298.0112463
298.0112059
298.0111639
298.0111205
298.0110761
298.0110301
298.0109831
298.0109355
298.0108873
298.0108373
298.0107862
298.0107336
298.0106802
298.0106264
298.0105725
298.0105183
298.010463
298.0104069
298.0103514
298.0102958
298.0102394
298.0101828
298.0101257
298.0100685
298.0100116
298.0099551
298.0098986
298.0098423
298.0097861
298.00973
298.0096744
298.0096197
298.0095657
298.0095119
298.0094584
298.0094054
298.0093529
298.0093012
298.0092502
298.0091998
298.0091503
298.0091017
298.009054
298.009007
298.008961
298.0089165
298.0088727
298.0088296
298.0087872
298.0087458
298.0087056
298.0086666
298.0086285
298.0085915
298.0085554
298.0085201
298.0084857
298.0084526
298.0084211
298.0083903
298.0083606
298.0083319
298.0083036
298.0082767
298.0082506
298.0082256
298.0082015
298.0081785
298.0081562
298.0081347
298.0081143
298.0080945
298.0080757
298.008058
298.008041
298.0080246
298.0080091
298.0079944
298.0079801
298.0079664
298.0079533
298.0079407
298.0079287
298.0079177
298.0079073
298.0078971
298.007887
298.0078772
298.0078675
298.0078583
298.0078496
298.0078413
298.0078333
298.0078255
298.0078176
298.0078094
298.0078012
298.0077931
298.0077853
298.0077777
298.0077702
298.0077627
298.0077548
298.0077464
298.0077374
298.0077283
298.0077189
298.0077093
298.0076993
298.007689
298.0076781
298.0076669
298.0076552
298.0076429
298.0076303
298.0076171
298.0076033
298.0075887
298.0075736
298.0075579
298.0075413
298.007524
298.0075056
298.0074863
298.0074663
298.0074459
298.0074246
298.0074027
298.0073794
298.0073552
298.00733
298.007304
298.0072769
298.0072489
298.0072202
298.0071902
298.0071596
298.0071273
298.0070943
298.0070601
298.007025
298.0069889
298.0069521
298.006914
298.0068751
298.0068347
298.0067931
298.0067504
298.0067069
298.0066625
298.0066174
298.006571
298.0065239
298.0064751
298.0064251
298.0063737
298.0063212
298.0062683
298.0062146
298.0061601
298.0061047
298.0060482
298.0059904
298.0059318
298.005872
298.0058114
298.0057498
298.0056875
298.0056244
298.0055604
298.0054956
298.0054303
298.0053639
298.0052966
298.0052281
298.0051593
298.00509
298.0050201
298.0049496
298.004878
298.0048062
298.0047334
298.0046598
298.0045857
298.0045112
298.0044364
298.004361
298.0042852
298.0042091
298.0041327
298.0040555
298.0039778
298.0038998
298.0038218
298.0037434
298.0036646
298.0035855
298.0035063
298.0034269
298.0033473
298.0032676
298.0031876
298.0031074
298.0030271
298.0029469
298.0028667
298.0027864
298.0027061
298.0026261
298.0025461
298.0024663
298.0023864
298.0023063
298.0022262
298.0021463
298.0020669
298.0019879
298.0019092
298.0018307
298.0017526
298.0016745
298.0015966
298.0015186
298.001441
298.0013639
298.0012875
298.0012117
298.0011364
298.0010612
298.0009861
298.0009115
298.0008374
298.0007638
298.0006908
298.0006186
298.0005473
298.0004765
298.0004064
298.0003365
298.0002667
298.0001971
298.0001282
298.0000601
297.999993
297.9999267
297.9998612
297.9997965
297.9997321
297.9996683
297.9996051
297.9995425
297.9994809
297.9994202
297.9993601
297.9993008
297.9992419
297.999184
297.9991268
297.9990701
297.999014
297.9989591
297.998905
297.9988518
297.9987995
297.9987479
297.9986972
297.9986469
297.9985973
297.9985484
297.9985002
297.9984534
297.9984074
297.9983625
297.9983184
297.9982749
297.9982322
297.9981898
297.9981481
297.9981075
297.998068
297.9980293
297.9979914
297.9979544
297.9979181
297.9978825
297.9978476
297.9978136
297.9977807
297.9977486
297.9977174
297.9976868
297.9976571
297.997628
297.9975998
297.9975722
297.9975455
297.9975199
297.9974947
297.9974703
297.9974467
297.997424
297.997402
297.9973808
297.9973601
297.9973404
297.9973212
297.997303
297.9972856
297.9972687
297.9972525
297.997237
297.9972223
297.9972082
297.9971947
297.9971821
297.9971701
297.9971587
297.997148
297.9971376
297.9971282
297.9971195
297.9971112
297.9971035
297.9970965
297.99709
297.9970841
297.9970788
297.997074
297.99707
297.9970664
297.997063
297.9970605
297.9970584
297.9970567
297.9970555
297.9970548
297.9970547
297.9970549
297.9970555
297.9970564
297.9970577
297.9970595
297.9970616
297.9970641
297.9970669
297.99707
297.997074
297.9970784
297.9970831
297.997088
297.997093
297.997098
297.9971034
297.997109
297.997115
297.9971214
297.9971278
297.9971343
297.9971412
297.9971485
297.997156
297.9971637
297.9971714
297.9971791
297.9971869
297.9971947
297.9972026
297.9972106
297.9972188
297.9972272
297.9972358
297.9972443
297.9972529
297.9972615
297.99727
297.9972787
297.9972874
297.997296
297.9973046
297.997313
297.9973214
297.9973298
297.9973383
297.9973465
297.9973546
297.9973624
297.9973701
297.9973777
297.9973851
297.9973925
297.9973997
297.9974068
297.9974135
297.99742
297.9974263
297.9974327
297.997439
297.9974454
297.9974514
297.9974571
297.9974625
297.9974676
297.9974723
297.9974766
297.9974808
297.9974846
297.997488
297.9974911
297.9974939
297.9974963
297.9974985
297.9975006
297.9975025
297.9975043
297.9975059
297.9975071
297.9975079
297.9975082
297.9975082
297.9975077
297.9975069
297.9975058
297.9975044
297.9975028
297.9975008
297.9974985
297.9974959
297.9974929
297.9974894
297.9974855
297.9974814
297.9974769
297.997472
297.9974669
297.9974616
297.9974559
297.99745
297.9974438
297.9974371
297.9974301
297.9974225
297.9974148
297.9974067
297.9973983
297.9973897
297.9973809
297.9973716
297.997362
297.9973521
297.9973417
297.9973311
297.9973202
297.9973091
297.9972978
297.9972861
297.9972742
297.997262
297.9972497
297.9972372
297.9972243
297.997211
297.9971974
297.9971835
297.9971694
297.9971552
297.9971409
297.9971266
297.9971121
297.9970973
297.9970823
297.9970668
297.997051
297.9970352
297.9970193
297.9970034
297.9969873
297.9969712
297.996955
297.9969387
297.9969223
297.9969056
297.9968888
297.9968716
297.9968541
297.9968365
297.996819
297.9968016
297.9967842
297.9967668
297.9967494
297.9967319
297.9967144
297.9966969
297.9966794
297.9966618
297.996644
297.996626
297.9966078
297.9965896
297.9965717
297.996554
297.9965366
297.9965193
297.996502
297.9964847
297.9964671
297.9964493
297.9964315
297.9964138
297.9963963
297.9963791
297.9963622
297.9963455
297.996329
297.9963125
297.996296
297.9962794
297.9962628
297.9962462
297.9962298
297.9962135
297.9961974
297.9961814
297.9961657
297.9961503
297.9961351
297.99612
297.9961051
297.9960903
297.9960757
297.9960611
297.9960466
297.9960323
297.9960183
297.9960044
297.9959906
297.9959771
297.9959636
297.9959504
297.9959374
297.9959248
297.9959124
297.9959004
297.9958886
297.995877
297.9958657
297.9958545
297.9958434
297.9958324
297.9958214
297.9958106
297.9958001
297.99579
297.9957803
297.9957709
297.9957618
297.9957529
297.9957441
297.9957356
297.9957272
297.9957189
297.9957109
297.9957032
297.9956957
297.9956886
297.9956818
297.9956752
297.995669
297.995663
297.9956572
297.9956515
297.9956462
297.9956409
297.995636
297.9956313
297.9956269
297.9956227
297.9956187
297.9956151
297.9956117
297.9956086
297.9956058
297.9956031
297.9956007
297.9955985
297.9955965
297.9955947
297.995593
297.9955916
297.9955905
297.9955898
297.9955894
297.9955893
297.9955893
297.9955896
297.99559
297.9955905
297.9955914
297.9955923
297.9955935
297.9955948
297.9955962
297.995598
297.9956001
297.9956025
297.9956053
297.9956083
297.9956115
297.9956148
297.9956182
297.9956217
297.9956254
297.9956293
297.9956335
297.9956378
297.9956424
297.9956473
297.9956524
297.9956576
297.9956629
297.9956685
297.9956742
297.9956801
297.9956863
297.9956928
297.9956994
297.9957063
297.9957133
297.9957203
297.9957273
297.9957345
297.9957419
297.9957495
297.9957573
297.9957653
297.9957735
297.9957818
297.9957903
297.9957989
297.9958076
297.9958164
297.9958253
297.9958344
297.9958436
297.9958531
297.9958627
297.9958724
297.9958821
297.9958918
297.9959016
297.9959115
297.9959217
297.995932
297.9959424
297.995953
297.9959637
297.9959745
297.9959853
297.9959962
297.9960073
297.9960185
297.9960298
297.9960412
297.9960526
297.9960641
297.9960756
297.9960871
297.9960987
297.9961104
297.9961222
297.9961341
297.9961461
297.996158
297.99617
297.9961821
297.9961941
297.9962062
297.9962184
297.9962307
297.9962431
297.9962555
297.996268
297.9962805
297.9962932
297.9963059
297.9963187
297.9963315
297.9963443
297.996357
297.9963696
297.9963822
297.9963948
297.9964073
297.99642
297.9964327
297.9964456
297.9964586
297.9964716
297.9964846
297.9964977
297.9965108
297.9965238
297.9965368
297.9965498
297.9965627
297.9965756
297.9965885
297.9966014
297.9966143
297.9966272
297.9966402
297.9966533
297.9966664
297.9966796
297.9966928
297.9967058
297.9967187
297.9967316
297.9967445
297.9967574
297.9967703
297.9967832
297.9967962
297.9968093
297.9968223
297.9968353
297.9968482
297.9968611
297.996874
297.9968869
297.9968998
297.9969127
297.9969257
297.9969386
297.9969515
297.9969644
297.9969774
297.9969904
297.9970034
297.9970163
297.9970291
297.9970418
297.9970545
297.9970672
297.9970799
297.9970927
297.9971055
297.9971184
297.9971314
297.9971443
297.9971572
297.9971701
297.9971829
297.9971957
297.9972085
297.9972213
297.9972341
297.997247
297.9972598
297.9972727
297.9972856
297.9972986
297.9973115
297.9973244
297.9973374
297.9973503
297.9973633
297.9973762
297.9973891
297.9974021
297.997415
297.9974279
297.9974409
297.997454
297.9974671
297.9974803
297.9974937
297.997507
297.9975202
297.9975335
297.9975467
297.9975599
297.9975732
297.9975865
297.9975998
297.9976131
297.9976265
297.99764
297.9976535
297.9976671
297.9976808
297.9976945
297.9977082
297.997722
297.9977358
297.9977496
297.9977635
297.9977774
297.9977914
297.9978054
297.9978195
297.9978336
297.9978478
297.9978621
297.9978764
297.9978907
297.9979051
297.9979196
297.9979341
297.9979487
297.9979634
297.9979781
297.9979929
297.9980077
297.9980227
297.9980376
297.9980527
297.9980678
297.998083
297.9980982
297.9981136
297.9981289
297.9981444
297.9981599
297.9981755
297.9981912
297.998207
297.9982228
297.9982387
297.9982546
297.9982707
297.9982868
297.998303
297.9983192
297.9983355
297.9983519
297.9983684
297.998385
297.9984016
297.9984183
297.9984351
297.9984519
297.9984689
297.9984859
297.9985029
297.9985201
297.9985373
297.9985546
297.9985719
297.9985893
297.9986068
297.9986244
297.998642
297.9986597
297.9986775
297.9986954
297.9987133
297.9987312
297.9987493
297.9987674
297.9987855
297.9988037
297.998822
297.9988404
297.9988588
297.9988772
297.9988957
297.9989143
297.9989329
297.9989516
297.9989703
297.9989891
297.9990079
297.9990268
297.9990457
297.9990647
297.9990837
297.9991027
297.9991218
297.9991409
297.9991601
297.9991793
297.9991985
297.9992178
297.999237
297.9992564
297.9992757
297.9992951
297.9993145
297.9993339
297.9993533
297.9993728
297.9993923
297.9994118
297.9994313
297.9994508
297.9994703
297.9994899
297.9995094
297.999529
297.9995485
297.9995681
297.9995876
297.9996072
297.9996267
297.9996463
297.9996658
297.9996853
297.9997048
297.9997244
297.9997438
297.9997633
297.9997828
297.9998022
297.9998216
297.999841
297.9998604
297.9998798
297.9998991
297.9999184
297.9999376
297.9999569
297.9999761
297.9999952
298.0000144
298.0000335
298.0000525
298.0000715
298.0000905
298.0001095
298.0001284
298.0001472
298.000166
298.0001848
298.0002035
298.0002221
298.0002408
298.0002593
298.0002778
298.0002963
298.0003147
298.000333
298.0003513
298.0003696
298.0003877
298.0004059
298.0004239
298.0004419
298.0004599
298.0004777
298.0004956
298.0005133
298.000531
298.0005486
298.0005662
298.0005837
298.0006011
298.0006184
298.0006357
298.0006529
298.0006701
298.0006871
298.0007042
298.0007211
298.000738
298.0007547
298.0007715
298.0007881
298.0008047
298.0008212
298.0008376
298.000854
298.0008703
298.0008865
298.0009026
298.0009186
298.0009346
298.0009505
298.0009663
298.000982
298.0009977
298.0010133
298.0010288
298.0010442
298.0010596
298.0010748
298.00109
298.0011051
298.0011202
298.0011351
298.00115
298.0011648
298.0011795
298.0011941
298.0012086
298.0012231
298.0012375
298.0012518
298.001266
298.0012801
298.0012942
298.0013081
298.001322
298.0013358
298.0013495
298.0013632
298.0013767
298.0013902
298.0014036
298.0014169
298.0014301
298.0014432
298.0014563
298.0014692
298.0014821
298.0014949
298.0015076
298.0015203
298.0015328
298.0015453
298.0015577
298.00157
298.0015822
298.0015943
298.0016063
298.0016183
298.0016302
298.001642
298.0016537
298.0016654
298.0016769
298.0016884
298.0016998
298.0017111
298.0017223
298.0017335
298.0017445
298.0017555
298.0017664
298.0017772
298.001788
298.0017987
298.0018093
298.0018199
298.0018303
298.0018407
298.001851
298.0018612
298.0018713
298.0018814
298.0018914
298.0019013
298.0019112
298.001921
298.0019307
298.0019403
298.0019499
298.0019594
298.0019688
298.0019782
298.0019875
298.0019967
298.0020059
298.002015
298.002024
298.002033
298.0020419
298.0020508
298.0020596
298.0020683
298.002077
298.0020857
298.0020942
298.0021027
298.0021112
298.0021196
298.002128
298.0021363
298.0021445
298.0021527
298.0021609
298.002169
298.002177
298.002185
298.002193
298.0022009
298.0022088
298.0022166
298.0022244
298.0022322
298.0022399
298.0022475
298.0022552
298.0022628
298.0022703
298.0022778
298.0022853
298.0022928
298.0023002
298.0023076
298.0023149
298.0023223
298.0023295
298.0023368
298.002344
298.0023512
298.0023584
298.0023655
298.0023726
298.0023797
298.0023868
298.0023938
298.0024008
298.0024078
298.0024147
298.0024216
298.0024285
298.0024354
298.0024423
298.0024491
298.0024559
298.0024626
298.0024694
298.0024761
298.0024828
298.0024894
298.0024961
298.0025027
298.0025092
298.0025158
298.0025223
298.0025288
298.0025353
298.0025417
298.0025481
298.0025545
298.0025609
298.0025672
298.0025734
298.0025797
298.0025859
298.0025921
298.0025982
298.0026043
298.0026103
298.0026164
298.0026223
298.0026283
298.0026341
298.00264
298.0026458
298.0026515
298.0026572
298.0026629
298.0026684
298.002674
298.0026795
298.0026849
298.0026903
298.0026956
298.0027008
298.002706
298.0027111
298.0027162
298.0027212
298.0027261
298.0027309
298.0027357
298.0027404
298.002745
298.0027495
298.002754
298.0027584
298.0027627
298.0027669
298.002771
298.0027751
298.002779
298.0027829
298.0027866
298.0027903
298.0027939
298.0027973
298.0028007
298.002804
298.0028072
298.0028102
298.0028132
298.0028161
298.0028188
298.0028215
298.002824
298.0028265
298.0028288
298.002831
298.0028331
298.0028351
298.0028369
298.0028387
298.0028403
298.0028418
298.0028432
298.0028445
298.0028457
298.0028467
298.0028477
298.0028485
298.0028492
298.0028498
298.0028503
298.0028506
298.0028508
298.002851
298.002851
298.0028509
298.0028507
298.0028503
298.0028499
298.0028494
298.0028487
298.002848
298.0028471
298.0028461
298.002845
298.0028438
298.0028425
298.0028411
298.0028396
298.002838
298.0028363
298.0028345
298.0028326
298.0028307
298.0028286
298.0028264
298.0028242
298.0028218
298.0028194
298.0028169
298.0028143
298.0028116
298.0028089
298.0028061
298.0028032
298.0028003
298.0027972
298.0027942
298.002791
298.0027878
298.0027846
298.0027813
298.0027779
298.0027745
298.0027711
298.0027676
298.0027641
298.0027605
298.002757
298.0027533
298.0027497
298.002746
298.0027423
298.0027386
298.0027349
298.0027311
298.0027274
298.0027236
298.0027199
298.0027161
298.0027123
298.0027085
298.0027047
298.002701
298.0026972
298.0026934
298.0026897
298.0026859
298.0026822
298.0026785
298.0026749
298.0026712
298.0026676
298.002664
298.0026604
298.0026568
298.0026533
298.0026498
298.0026463
298.0026429
298.0026395
298.0026361
298.0026328
298.0026295
298.0026262
298.002623
298.0026198
298.0026166
298.0026135
298.0026104
298.0026074
298.0026044
298.0026014
298.0025985
298.0025956
298.0025927
298.0025899
298.0025872
298.0025844
298.0025817
298.002579
298.0025764
298.0025738
298.0025712
298.0025687
298.0025662
298.0025637
298.0025613
298.0025588
298.0025564
298.0025541
298.0025517
298.0025494
298.0025471
298.0025448
298.0025425
298.0025403
298.002538
298.0025358
298.0025336
298.0025314
298.0025292
298.002527
298.0025248
298.0025226
298.0025204
298.0025182
298.002516
298.0025138
298.0025116
298.0025094
298.0025071
298.0025049
298.0025026
298.0025003
298.002498
298.0024957
298.0024933
298.0024909
298.0024885
298.0024861
298.0024837
298.0024812
298.0024787
298.0024762
298.0024736
298.002471
298.0024683
298.0024656
298.0024628
298.00246
298.0024571
298.0024542
298.0024512
298.0024482
298.0024451
298.0024419
298.0024387
298.0024355
298.0024322
298.0024288
298.0024254
298.0024218
298.0024183
298.0024146
298.0024109
298.0024071
298.0024033
298.0023994
298.0023954
298.0023913
298.0023872
298.0023829
298.0023787
298.0023743
298.0023698
298.0023653
298.0023607
298.002356
298.0023512
298.0023464
298.0023415
298.0023365
298.0023314
298.0023262
298.002321
298.0023156
298.0023102
298.0023047
298.0022991
298.0022935
298.0022878
298.0022819
298.002276
298.0022701
298.002264
298.0022579
298.0022516
298.0022453
298.002239
298.0022325
298.002226
298.0022194
298.0022127
298.002206
298.0021992
298.0021923
298.0021853
298.0021783
298.0021712
298.002164
298.0021568
298.0021494
298.0021421
298.0021346
298.0021271
298.0021196
298.002112
298.0021043
298.0020966
298.0020888
298.0020809
298.0020731
298.0020651
298.0020571
298.0020491
298.002041
298.0020328
298.0020247
298.0020164
298.0020082
298.0019999
298.0019915
298.0019832
298.0019748
298.0019663
298.0019578
298.0019493
298.0019408
298.0019323
298.0019237
298.0019151
298.0019065
298.0018979
298.0018892
298.0018805
298.0018718
298.001863
298.0018542
298.0018455
298.0018367
298.001828
298.0018193
298.0018106
298.0018019
298.0017932
298.0017845
298.0017759
298.0017672
298.0017585
298.0017498
298.001741
298.0017323
298.0017235
298.0017147
298.001706
298.0016973
298.0016886
298.0016799
298.0016713
298.0016627
298.0016542
298.0016457
298.0016371
298.0016286
298.0016202
298.0016117
298.0016033
298.0015948
298.0015864
298.001578
298.0015697
298.0015613
298.001553
298.0015447
298.0015365
298.0015283
298.0015201
298.0015119
298.0015038
298.0014957
298.0014876
298.0014796
298.0014715
298.0014635
298.0014555
298.0014476
298.0014397
298.0014318
298.0014239
298.0014161
298.0014083
298.0014005
298.0013928
298.0013851
298.0013774
298.0013697
298.001362
298.0013544
298.0013468
298.0013392
298.0013317
298.0013241
298.0013166
298.0013092
298.0013017
298.0012942
298.0012868
298.0012794
298.001272
298.0012646
298.0012573
298.0012499
298.0012426
298.0012353
298.001228
298.0012207
298.0012134
298.0012061
298.0011989
298.0011916
298.0011844
298.0011772
298.0011699
298.0011627
298.0011555
298.0011483
298.0011411
298.0011339
298.0011267
298.0011195
298.0011124
298.0011052
298.001098
298.0010908
298.0010837
298.0010765
298.0010693
298.0010621
298.0010549
298.0010477
298.0010405
298.0010333
298.0010261
298.0010189
298.0010117
298.0010045
298.0009972
298.00099
298.0009828
298.0009755
298.0009683
298.000961
298.0009538
298.0009465
298.0009392
298.0009319
298.0009246
298.0009173
298.00091
298.0009027
298.0008953
298.000888
298.0008806
298.0008733
298.0008659
298.0008585
298.0008511
298.0008437
298.0008363
298.0008289
298.0008215
298.0008141
298.0008066
298.0007992
298.0007917
298.0007843
298.0007768
298.0007693
298.0007619
298.0007544
298.0007469
298.0007394
298.0007319
298.0007244
298.0007169
298.0007094
298.0007019
298.0006944
298.0006869
298.0006793
298.0006718
298.0006643
298.0006568
298.0006493
298.0006418
298.0006343
298.0006268
298.0006193
298.0006118
298.0006043
298.0005968
298.0005893
298.0005818
298.0005743
298.0005669
298.0005594
298.000552
298.0005445
298.0005371
298.0005297
298.0005222
298.0005148
298.0005075
298.0005001
298.0004927
298.0004854
298.0004781
298.0004708
298.0004635
298.0004562
298.000449
298.0004417
298.0004345
298.0004273
298.0004201
298.0004129
298.0004058
298.0003986
298.0003915
298.0003844
298.0003774
298.0003703
298.0003633
298.0003563
298.0003493
298.0003424
298.0003354
298.0003285
298.0003216
298.0003148
298.0003079
298.0003011
298.0002943
298.0002875
298.0002808
298.0002741
298.0002674
298.0002607
298.0002541
298.0002475
298.0002409
298.0002343
298.0002278
298.0002212
298.0002147
298.0002083
298.0002018
298.0001954
298.000189
298.0001826
298.0001763
298.00017
298.0001637
298.0001574
298.0001511
298.0001449
298.0001387
298.0001325
298.0001264
298.0001202
298.0001141
298.000108
298.000102
298.0000959
298.0000899
298.0000839
298.0000779
298.0000719
298.0000659
298.00006
298.0000541
298.0000482
298.0000423
298.0000365
298.0000306
298.0000248
298.000019
298.0000132
298.0000074
298.0000016
297.9999959
297.9999901
297.9999844
297.9999787
297.999973
297.9999673
297.9999616
297.9999559
297.9999502
297.9999446
297.9999389
297.9999333
297.9999277
297.9999221
297.9999165
297.9999109
297.9999053
297.9998997
297.9998942
297.9998886
297.999883
297.9998775
297.9998719
297.9998664
297.9998608
297.9998553
297.9998497
297.9998442
297.9998387
297.9998331
297.9998276
297.999822
297.9998165
297.999811
297.9998054
297.9997999
297.9997944
297.9997888
297.9997833
297.9997778
297.9997722
297.9997667
297.9997612
297.9997556
297.9997501
297.9997445
297.999739
297.9997334
297.9997279
297.9997223
297.9997168
297.9997112
297.9997056
297.9997001
297.9996945
297.9996889
297.9996833
297.9996778
297.9996722
297.9996666
297.999661
297.9996555
297.9996499
297.9996443
297.9996387
297.9996331
297.9996274
297.9996218
297.9996162
297.9996105
297.9996049
297.9995992
297.9995936
297.999588
297.9995823
297.9995767
297.9995711
297.9995654
297.9995598
297.9995542
297.9995485
297.9995428
297.9995372
297.9995315
297.9995258
297.9995202
297.9995145
297.9995088
297.9995032
297.9994975
297.9994919
297.9994863
297.9994806
297.999475
297.9994694
297.9994637
297.9994581
297.9994525
297.9994469
297.9994412
297.9994356
297.99943
297.9994244
297.9994188
297.9994132
297.9994076
297.999402
297.9993964
297.9993909
297.9993853
297.9993798
297.9993742
297.9993687
297.9993632
297.9993576
297.9993521
297.9993466
297.9993411
297.9993357
297.9993302
297.9993248
297.9993193
297.9993139
297.9993085
297.9993032
297.9992978
297.9992924
297.9992871
297.9992818
297.9992765
297.9992712
297.9992659
297.9992606
297.9992553
297.9992501
297.9992449
297.9992397
297.9992345
297.9992293
297.9992242
297.9992191
297.999214
297.9992089
297.9992039
297.9991989
297.9991938
297.9991889
297.9991839
297.9991789
297.999174
297.9991691
297.9991642
297.9991593
297.9991545
297.9991496
297.9991448
297.9991401
297.9991353
297.9991306
297.9991259
297.9991212
297.9991165
297.9991119
297.9991073
297.9991027
297.9990982
297.9990936
297.9990891
297.9990846
297.9990802
297.9990757
297.9990713
297.9990669
297.9990626
297.9990582
297.9990539
297.9990496
297.9990454
297.9990411
297.9990369
297.9990327
297.9990286
297.9990244
297.9990203
297.9990162
297.9990121
297.9990081
297.999004
297.999
297.998996
297.9989921
297.9989881
297.9989843
297.9989804
297.9989766
297.9989728
297.998969
297.9989653
297.9989615
297.9989578
297.9989541
297.9989505
297.9989468
297.9989432
297.9989395
297.9989359
297.9989323
297.9989287
297.9989252
297.9989217
297.9989182
297.9989147
297.9989113
297.9989079
297.9989045
297.9989011
297.9988978
297.9988944
297.9988911
297.9988878
297.9988846
297.9988813
297.9988781
297.9988749
297.9988717
297.9988685
297.9988653
297.9988622
297.9988591
297.998856
297.9988529
297.9988498
297.9988468
297.9988438
297.9988407
297.9988377
297.9988348
297.9988318
297.9988288
297.9988258
297.9988229
297.99882
297.998817
297.9988141
297.9988112
297.9988083
297.9988054
297.9988026
297.9987997
297.9987969
297.9987941
297.9987913
297.9987885
297.9987857
297.9987829
297.9987801
297.9987774
297.9987746
297.9987718
297.998769
297.9987663
297.9987635
297.9987608
297.998758
297.9987553
297.9987526
297.9987499
297.9987472
297.9987445
297.9987418
297.9987391
297.9987364
297.9987337
297.998731
297.9987282
297.9987255
297.9987227
297.99872
297.9987173
297.9987146
297.9987119
297.9987092
297.9987066
297.998704
297.9987013
297.9986987
297.9986961
297.9986934
297.9986908
297.9986881
297.9986854
297.9986827
297.99868
297.9986772
297.9986744
297.9986715
297.9986687
297.9986659
297.9986632
297.9986604
297.9986577
297.9986549
297.9986522
297.9986495
297.9986468
297.998644
297.9986413
297.9986386
297.9986358
297.9986331
297.9986304
297.9986276
297.9986249
297.9986222
297.9986194
297.9986167
297.998614
297.9986112
297.9986085
297.9986057
297.998603
297.9986002
297.9985974
297.9985946
297.9985918
297.998589
297.9985862
297.9985834
297.9985806
297.9985778
297.998575
297.9985722
297.9985695
297.9985668
297.9985641
297.9985614
297.9985587
297.998556
297.9985533
297.9985507
297.998548
297.9985453
297.9985426
297.9985399
297.9985372
297.9985345
297.9985318
297.9985291
297.9985264
297.9985238
297.9985211
297.9985185
297.9985159
297.9985133
297.9985107
297.998508
297.9985054
297.9985028
297.9985003
297.9984977
297.9984952
297.9984927
297.9984902
297.9984878
297.9984854
297.998483
297.9984806
297.9984782
297.9984758
297.9984734
297.998471
297.9984686
297.9984663
297.9984639
297.9984616
297.9984593
297.9984571
297.9984549
297.9984527
297.9984505
297.9984483
297.9984462
297.998444
297.9984419
297.9984398
297.9984376
297.9984354
297.9984333
297.9984311
297.998429
297.9984269
297.9984249
297.9984229
297.998421
297.9984191
297.9984172
297.9984153
297.9984135
297.9984116
297.9984098
297.9984081
297.9984063
297.9984045
297.9984028
297.9984011
297.9983994
297.9983977
297.998396
297.9983943
297.9983927
297.998391
297.9983894
297.9983877
297.9983862
297.9983846
297.9983831
297.9983816
297.9983801
297.9983787
297.9983773
297.998376
297.9983746
297.9983733
297.998372
297.9983708
297.9983695
297.9983682
297.998367
297.9983657
297.9983644
297.9983632
297.9983619
297.9983607
297.9983595
297.9983584
297.9983573
297.9983562
297.9983552
297.9983542
297.9983532
297.9983522
297.9983512
297.9983503
297.9983494
297.9983484
297.9983475
297.9983466
297.9983456
297.9983447
297.9983438
297.9983429
297.9983421
297.9983412
297.9983405
297.9983397
297.998339
297.9983382
297.9983376
297.9983369
297.9983362
297.9983356
297.998335
297.9983344
297.9983338
297.9983331
297.9983325
297.9983319
297.9983313
297.9983306
297.99833
297.9983294
297.9983288
297.9983283
297.9983277
297.9983272
297.9983267
297.9983263
297.9983258
297.9983254
297.9983249
297.9983245
297.9983241
297.9983237
297.9983233
297.9983229
297.9983225
297.998322
297.9983216
297.9983213
297.9983209
297.9983205
297.9983202
297.9983199
297.9983196
297.9983193
297.9983191
297.9983188
297.9983186
297.9983183
297.9983181
297.9983178
297.9983176
297.9983173
297.998317
297.9983168
297.9983166
297.9983164
297.9983162
297.998316
297.9983159
297.9983158
297.9983157
297.9983156
297.9983155
297.9983154
297.9983153
297.9983153
297.9983153
297.9983152
297.9983152
297.9983152
297.9983152
297.9983152
297.9983152
297.9983153
297.9983153
297.9983154
297.9983154
297.9983155
297.9983156
297.9983158
297.9983159
297.9983161
297.9983162
297.9983164
297.9983166
297.9983169
297.9983171
297.9983174
297.9983176
297.9983179
297.9983183
297.9983186
297.9983189
297.9983193
297.9983197
297.9983201
297.9983206
297.9983211
297.9983215
297.998322
297.9983225
297.998323
297.9983236
297.9983241
297.9983246
297.9983252
297.9983258
297.9983264
297.998327
297.9983277
297.9983283
297.9983291
297.9983298
297.9983306
297.9983314
297.9983322
297.9983331
297.9983339
297.9983348
297.9983357
297.9983366
297.9983374
297.9983383
297.9983392
297.9983401
297.998341
297.998342
297.9983429
297.9983439
297.998345
297.9983461
297.9983472
297.9983483
297.9983495
297.9983507
297.9983519
297.9983532
297.9983544
297.9983557
297.998357
297.9983583
297.9983596
297.9983609
297.9983622
297.9983635
297.9983648
297.9983661
297.9983675
297.9983689
297.9983703
297.9983717
297.9983732
297.9983747
297.9983762
297.9983777
297.9983793
297.9983809
297.9983825
297.9983841
297.9983857
297.9983874
297.998389
297.9983907
297.9983924
297.9983941
297.9983958
297.9983975
297.9983992
297.9984009
297.9984026
297.9984044
297.9984061
297.9984079
297.9984097
297.9984115
297.9984133
297.9984152
297.9984171
297.998419
297.9984209
297.9984229
297.9984248
297.9984268
297.9984288
297.9984309
297.9984329
297.9984349
297.998437
297.998439
297.9984411
297.9984431
297.9984451
297.9984472
297.9984493
297.9984513
297.9984534
297.9984556
297.9984577
297.9984599
297.9984621
297.9984643
297.9984665
297.9984688
297.998471
297.9984733
297.9984755
297.9984777
297.99848
297.9984823
297.9984846
297.9984869
297.9984893
297.9984917
297.9984941
297.9984966
297.9984991
297.9985015
297.9985041
297.9985066
297.9985091
297.9985116
297.9985141
297.9985166
297.9985191
297.9985216
297.9985241
297.9985267
297.9985292
297.9985317
297.9985343
297.9985369
297.9985395
297.9985422
297.9985449
297.9985476
297.9985503
297.9985531
297.9985558
297.9985586
297.9985614
297.9985643
297.9985671
297.9985699
297.9985728
297.9985757
297.9985786
297.9985815
297.9985844
297.9985873
297.9985903
297.9985932
297.9985963
297.9985993
297.9986023
297.9986054
297.9986085
297.9986117
297.9986148
297.998618
297.9986211
297.9986243
297.9986275
297.9986307
297.9986339
297.9986372
297.9986404
297.9986437
297.998647
297.9986503
297.9986537
297.998657
297.9986604
297.9986637
297.9986671
297.9986705
297.9986738
297.9986772
297.9986806
297.9986841
297.9986875
297.998691
297.9986946
297.9986982
297.9987019
297.9987056
297.9987094
297.9987132
297.9987171
297.9987209
297.9987248
297.9987287
297.9987325
297.9987364
297.9987402
297.998744
297.9987478
297.9987517
297.9987555
297.9987593
297.9987631
297.998767
297.9987708
297.9987748
297.9987787
297.9987827
297.9987867
297.9987908
297.9987949
297.998799
297.9988031
297.9988073
297.9988115
297.9988156
297.9988198
297.998824
297.9988282
297.9988325
297.9988367
297.9988409
297.9988451
297.9988494
297.9988536
297.9988579
297.9988622
297.9988666
297.9988709
297.9988753
297.9988797
297.9988842
297.9988886
297.9988931
297.9988975
297.998902
297.9989065
297.998911
297.9989155
297.99892
297.9989245
297.9989291
297.9989336
297.9989382
297.9989428
297.9989475
297.9989521
297.9989567
297.9989614
297.998966
297.9989706
297.9989753
297.9989799
297.9989846
297.9989893
297.998994
297.9989987
297.9990035
297.9990082
297.9990131
297.9990179
297.9990228
297.9990277
297.9990326
297.9990375
297.9990424
297.9990473
297.9990522
297.9990571
297.999062
297.9990669
297.9990718
297.9990767
297.9990816
297.9990866
297.9990916
297.9990966
297.9991016
297.9991067
297.9991118
297.9991168
297.9991219
297.999127
297.9991321
297.9991371
297.9991422
297.9991473
297.9991524
297.9991574
297.9991625
297.9991677
297.9991728
297.999178
297.9991833
297.9991885
297.9991938
297.9991992
297.9992045
297.9992098
297.9992152
297.9992205
297.9992259
297.9992312
297.9992366
297.9992419
297.9992473
297.9992527
297.999258
297.9992634
297.9992688
297.9992742
297.9992797
297.9992851
297.9992906
297.9992961
297.9993016
297.9993072
297.9993127
297.9993183
297.9993239
297.9993294
297.999335
297.9993406
297.9993461
297.9993517
297.9993573
297.9993629
297.9993685
297.9993741
297.9993798
297.9993854
297.9993911
297.9993969
297.9994026
297.9994083
297.9994141
297.9994198
297.9994256
297.9994314
297.9994371
297.9994429
297.9994487
297.9994544
297.9994602
297.999466
297.9994717
297.9994775
297.9994833
297.9994891
297.999495
297.9995008
297.9995067
297.9995125
297.9995183
297.9995241
297.9995299
297.9995357
297.9995415
297.9995473
297.9995531
297.9995589
297.9995647
297.9995705
297.9995764
297.9995823
297.9995883
297.9995943
297.9996003
297.9996064
297.9996125
297.9996185
297.9996245
297.9996305
297.9996365
297.9996425
297.9996484
297.9996543
297.9996602
297.9996661
297.999672
297.9996778
297.9996836
297.9996894
297.9996952
297.999701
297.9997067
297.9997125
297.9997183
297.999724
297.9997298
297.9997357
297.9997415
297.9997474
297.9997534
297.9997594
297.9997654
297.9997713
297.9997773
297.9997832
297.9997891
297.9997949
297.9998008
297.9998066
297.9998124
297.9998182
297.999824
297.9998297
297.9998355
297.9998413
297.999847
297.9998528
297.9998586
297.9998643
297.9998701
297.9998758
297.9998815
297.9998872
297.9998929
297.9998986
297.9999043
297.9999099
297.9999157
297.9999214
297.9999271
297.9999329
297.9999386
297.9999444
297.9999502
297.999956
297.9999617
297.9999675
297.9999732
297.999979
297.9999847
297.9999905
297.9999963
298.000002
298.0000078
298.0000135
298.0000193
298.000025
298.0000308
298.0000365
298.0000423
298.000048
298.0000538
298.0000596
298.0000653
298.0000711
298.0000769
298.0000826
298.0000883
298.0000941
298.0000998
298.0001055
298.0001112
298.000117
298.0001227
298.0001285
298.0001343
298.0001402
298.0001461
298.0001521
298.0001581
298.0001642
298.0001703
298.0001763
298.0001823
298.0001882
298.000194
298.0001998
298.0002056
298.0002114
298.0002171
298.0002229
298.0002286
298.0002344
298.0002402
298.0002459
298.0002518
298.0002576
298.0002635
298.0002694
298.0002755
298.0002815
298.0002876
298.0002937
298.0002997
298.0003057
298.0003116
298.0003174
298.0003232
298.000329
298.0003348
298.0003405
298.0003463
298.000352
298.0003577
298.0003635
298.0003692
298.0003749
298.0003807
298.0003865
298.0003924
298.0003983
298.0004043
298.0004103
298.0004163
298.0004222
298.000428
298.0004338
298.0004394
298.000445
298.0004505
298.000456
298.0004615
298.0004669
298.0004722
298.0004776
298.0004829
298.0004882
298.0004935
298.0004987
298.000504
298.0005093
298.0005147
298.00052
298.0005254
298.0005308
298.000536
298.0005412
298.0005463
298.0005514
298.0005564
298.0005613
298.0005662
298.0005711
298.0005759
298.0005807
298.0005855
298.0005902
298.000595
298.0005997
298.0006044
298.0006091
298.0006138
298.0006185
298.0006232
298.0006278
298.0006324
298.000637
298.0006415
298.000646
298.0006504
298.0006549
298.0006593
298.0006637
298.000668
298.0006724
298.0006768
298.0006813
298.0006857
298.0006902
298.0006947
298.0006992
298.0007036
298.000708
298.0007122
298.0007165
298.0007206
298.0007246
298.0007286
298.0007325
298.0007364
298.0007402
298.000744
298.0007478
298.0007516
298.0007553
298.000759
298.0007628
298.0007666
298.0007703
298.0007741
298.000778
298.0007818
298.0007858
298.0007897
298.0007938
298.0007978
298.0008018
298.0008058
298.0008098
298.0008137
298.0008176
298.0008215
298.0008253
298.000829
298.0008327
298.0008364
298.00084
298.0008436
298.0008471
298.0008506
298.000854
298.0008575
298.0008609
298.0008643
298.0008677
298.0008711
298.0008745
298.0008779
298.0008813
298.0008848
298.0008882
298.0008917
298.0008952
298.0008988
298.0009023
298.000906
298.0009096
298.0009133
298.0009169
298.0009206
298.0009241
298.0009277
298.0009312
298.0009346
298.0009381
298.0009415
298.0009448
298.0009482
298.0009515
298.0009549
298.0009582
298.0009616
298.000965
298.0009684
298.0009718
298.0009753
298.0009788
298.0009823
298.0009859
298.0009894
298.0009929
298.0009963
298.0009997
298.0010031
298.0010064
298.0010097
298.0010129
298.0010162
298.0010194
298.0010227
298.0010259
298.0010291
298.0010324
298.0010357
298.001039
298.0010423
298.0010456
298.001049
298.0010525
298.0010559
298.0010592
298.0010625
298.0010657
298.0010688
298.0010719
298.0010749
298.0010779
298.0010808
298.0010837
298.0010865
298.0010893
298.0010921
298.0010949
298.0010977
298.0011004
298.0011032
298.001106
298.0011088
298.0011116
298.0011144
298.0011172
298.0011201
298.0011231
298.001126
298.0011291
298.001132
298.0011349
298.0011377
298.0011405
298.0011432
298.0011457
298.0011483
298.0011507
298.0011531
298.0011554
298.0011578
298.00116
298.0011623
298.0011645
298.0011667
298.0011689
298.0011712
298.0011734
298.0011756
298.0011779
298.0011802
298.0011826
298.001185
298.0011875
298.00119
298.0011924
298.0011947
298.0011969
298.0011991
298.0012012
298.0012032
298.0012051
298.001207
298.0012088
298.0012105
298.0012121
298.0012137
298.0012152
298.0012166
298.001218
298.0012193
298.0012205
298.0012217
298.0012229
298.001224
298.0012251
298.0012262
298.0012273
298.0012284
298.0012296
298.0012307
298.0012319
298.0012332
298.0012345
298.0012359
298.0012374
298.001239
298.0012407
298.0012423
298.0012439
298.0012453
298.0012465
298.0012477
298.0012488
298.0012497
298.0012506
298.0012514
298.0012521
298.0012528
298.0012534
298.001254
298.0012546
298.0012552
298.0012558
298.0012564
298.001257
298.0012576
298.0012583
298.001259
298.0012597
298.0012605
298.0012613
298.0012619
298.0012626
298.0012631
298.0012636
298.0012641
298.0012646
298.001265
298.0012654
298.0012658
298.0012661
298.0012665
298.0012669
298.0012673
298.0012678
298.0012682
298.0012687
298.0012693
298.0012699
298.0012706
298.0012712
298.0012717
298.0012722
298.0012726
298.001273
298.0012733
298.0012736
298.0012738
298.001274
298.0012742
298.0012744
298.0012746
298.0012747
298.001275
298.0012752
298.0012754
298.0012757
298.0012761
298.0012765
298.001277
298.0012776
298.0012784
298.0012792
298.0012802
298.0012811
298.0012819
298.0012825
298.0012831
298.0012835
298.0012838
298.001284
298.0012842
298.0012843
298.0012844
298.0012845
298.0012845
298.0012846
298.0012847
298.0012849
298.001285
298.0012853
298.0012856
298.001286
298.0012864
298.0012871
298.0012878
298.0012887
298.0012897
298.0012907
298.0012915
298.0012922
298.0012929
298.0012935
298.001294
298.0012945
298.001295
298.0012955
298.0012959
298.0012964
298.0012969
298.0012974
298.0012979
298.0012984
298.001299
298.0012997
298.0013003
298.001301
298.0013018
298.0013025
298.0013033
298.0013039
298.0013045
298.0013051
298.0013057
298.0013063
298.0013068
298.0013074
298.0013079
298.0013084
298.001309
298.0013094
298.0013098
298.0013102
298.0013104
298.0013106
298.0013107
298.0013107
298.0013107
298.0013107
298.0013106
298.0013105
298.0013103
298.0013102
298.0013101
298.0013099
298.0013098
298.0013097
298.0013097
298.0013097
298.0013098
298.0013101
298.0013104
298.0013109
298.0013115
298.001312
298.0013124
298.0013125
298.0013124
298.0013121
298.0013117
298.001311
298.0013101
298.0013091
298.001308
298.0013067
298.0013053
298.0013039
298.0013024
298.0013009
298.0012994
298.001298
298.0012968
298.0012957
298.0012948
298.0012941
298.0012938
298.0012937
298.0012939
298.0012943
298.0012955
298.0012977
298.0013015
298.0013076
298.001317
298.0013304
298.001349
298.001374
298.0014073
298.0014517
298.0015108
298.0015889
298.0016912
298.0018241
298.0019964
298.0022202
298.0025092
298.0028773
298.0033405
298.0039187
298.004635
298.005535
298.0066852
298.0081775
298.0101389
298.0127471
298.0162534
298.0210143
298.0275383
298.0365531
298.049102
298.0666782
298.091401
298.1262145
298.1750282
298.2427399
298.3350316
298.458083
298.6173286
298.8189251
299.0657752
299.3622428
299.7119747
300.1183562
300.584386
301.113025
301.7075174
302.3716092
303.1097472
303.9277579
304.8336178
305.8379761
306.9544879
308.2151805
309.1498083
309.0760303
308.3204055
307.4345026
306.4486343
305.4026387
304.3394177
303.3051687
302.3406199
301.4756687
300.7271231
300.0996599
299.5882484
299.1810195
298.8629478
298.6186389
298.4336507
298.2951934
298.1924934
298.116817
298.0612841
298.0205701
297.9906211
297.9684054
297.9516881
297.9389208
297.9290934
297.9215075
297.9156744
297.9112143
297.9077967
297.9052048
297.9031028
297.9009748
297.8985599
297.8958845
297.8930167
297.8900522
297.8871272
297.8843665
297.8818771
297.8796773
297.877755
297.87608
297.8746106
297.8732994
297.8720999
297.8709718
297.8698836
297.8688145
297.8677537
297.8666953
297.8656309
297.8645517
297.8634531
297.8623357
297.861203
297.8600584
297.8589028
297.8577324
297.8565381
297.855307
297.8540248
297.8526795
297.8512637
297.849778
297.8482307
297.8466801
297.8452179
297.8438702
297.8426466
297.8415463
297.8405603
297.8396738
297.8388689
297.8381271
297.8374308
297.8367645
297.8361156
297.8354747
297.8348364
297.8341976
297.8335533
297.8328975
297.8322248
297.831531
297.8308129
297.8300682
297.8292954
297.8284933
297.8276614
297.8268
297.8259096
297.8250034
297.8241286
297.8233191
297.8225931
297.8219635
297.8214374
297.8210159
297.8206945
297.8204643
297.8203121
297.820221
297.8201703
297.820143
297.8201419
297.8201765
297.8202488
297.8203472
297.820443
297.8205101
297.8205471
297.8205574
297.820544
297.820513
297.8204723
297.8204187
297.820348
297.820267
297.8201996
297.820155
297.8201268
297.8201135
297.8201269
297.820184
297.8202976
297.820477
297.820732
297.8210712
297.8215001
297.8220215
297.8226346
297.8233349
297.8241147
297.8249625
297.8258641
297.8268037
297.8277484
297.8286589
297.8295296
297.8303613
297.8311572
297.8319233
297.8326671
297.833397
297.8341203
297.8348422
297.8355659
297.8362972
297.8370442
297.8378163
297.8386239
297.8394776
297.8403882
297.8413653
297.8424175
297.8435516
297.844772
297.8460807
297.8474768
297.8489567
297.8505139
297.8521392
297.8538214
297.8555474
297.8573036
297.8590668
297.8608077
297.8625227
297.8642138
297.8658846
297.86754
297.8691856
297.8708264
297.8724661
297.8741069
297.8757524
297.8774079
297.8790799
297.8807751
297.8825008
297.884264
297.8860715
297.8879289
297.8898409
297.8918107
297.8938398
297.8959281
297.8980734
297.9002722
297.9025192
297.904808
297.9071312
297.9094814
297.9118511
297.9142337
297.9166236
297.9190172
297.9214126
297.9238097
297.9262103
297.9286174
297.9310352
297.9334684
297.9359219
297.938401
297.9409106
297.9434553
297.9460392
297.9486656
297.9513368
297.9540537
297.9568159
297.9596214
297.9624664
297.965346
297.9682537
297.971182
297.9741192
297.9770457
297.979955
297.9828486
297.9857291
297.9886002
297.991466
297.9943299
297.9971938
298.0000601
298.0029329
298.0058173
298.0087193
298.0116455
298.0146029
298.0175985
298.0206387
298.0237296
298.0268761
298.0300819
298.0333492
298.0366785
298.0400685
298.043516
298.0470159
298.0505618
298.0541456
298.0577583
298.0613904
298.0650254
298.0686442
298.0722449
298.0758285
298.0793967
298.0829522
298.0864978
298.0900366
298.0935716
298.0971048
298.1006378
298.1041714
298.1077074
298.1112477
298.1147943
298.1183487
298.1219122
298.1254851
298.129067
298.1326562
298.1362434
298.1398171
298.1433732
298.1469086
298.1504216
298.1539117
298.1573795
298.1608268
298.1642562
298.1676709
298.1710744
298.1744703
298.1778619
298.1812519
298.1846416
298.1880323
298.1914262
298.1948257
298.1982334
298.2016516
298.205082
298.2085257
298.2119829
298.2154528
298.2189337
298.222417
298.225886
298.2293331
298.2327536
298.2361436
298.2395004
298.2428224
298.246109
298.2493603
298.2525768
298.2557595
298.2589091
298.2620261
298.2651106
298.2681619
298.2711787
298.2741588
298.2770994
298.2799971
298.2828479
298.2856478
298.2883927
298.2910786
298.2937021
298.2962603
298.2987511
298.3011733
298.3035263
298.3058104
298.3080266
298.3101763
298.3122613
298.3142832
298.3162437
298.318144
298.3199847
298.3217656
298.3234857
298.3251431
298.3267352
298.3282582
298.3297078
298.3310793
298.3323672
298.3335663
298.3346711
298.3356764
298.3365774
298.33737
298.3380509
298.3386178
298.3390698
298.3394082
298.3396379
298.33977
298.3398234
298.3398305
298.3398
298.3397071
298.3395339
298.3392695
298.3389063
298.3384395
298.3378667
298.3371872
298.3364012
298.3355097
298.3345142
298.3334165
298.3322182
298.3309208
298.3295256
298.3280333
298.3264442
298.3247579
298.3229737
298.3210902
298.3191058
298.3170183
298.3148256
298.3125254
298.3101152
298.3075932
298.3049574
298.3022065
298.2993396
298.2963562
298.2932564
298.2900409
298.2867107
298.2832674
298.2797126
298.2760484
298.2722771
298.2684007
298.2644215
298.2603416
298.2561629
298.2518873
298.2475165
298.2430518
298.2384949
298.233847
298.2291095
298.2242838
298.2193715
298.2143741
298.2092934
298.2041314
298.1988901
298.1935717
298.1881785
298.1827128
298.1771768
298.1715726
298.1659022
298.1601672
298.1543692
298.1485094
298.1425888
298.1366079
298.1305675
298.124468
298.1183098
298.1120935
298.1058199
298.0994901
298.0931056
298.0866686
298.0801815
298.0736476
298.0670706
298.0604549
298.0538052
298.0471267
298.0404247
298.0337046
298.0269717
298.0202313
298.0134917
298.0067591
298.0000331
297.9933137
297.9866004
297.9798931
297.9731918
297.9664971
297.9598098
297.9531313
297.9464634
297.9398085
297.9331695
297.9265495
297.9199523
297.9133816
297.9068414
297.9003358
297.8938688
297.8874445
297.8810666
297.8747388
297.8684646
297.8622474
297.8560902
297.8499958
297.8439672
297.8380067
297.8321169
297.8263
297.8205583
297.8148936
297.8093078
297.8038024
297.7983788
297.7930378
297.7877803
297.7826064
297.7775161
297.7725088
297.7675837
297.7627393
297.7579741
297.7532861
297.748673
297.7441325
297.7396621
297.7352592
297.7309217
297.726647
297.7224333
297.7182788
297.7141819
297.7101416
297.706157
297.7022275
297.6983528
297.6945328
297.6907675
297.6870569
297.6834011
297.6797998
297.6762527
297.6727594
297.6693189
297.6659301
297.6625916
297.6593016
297.6560583
297.6528595
297.6497034
297.6465876
297.6435105
297.6404704
297.6374661
297.6344967
297.631562
297.6286622
297.6257984
297.622972
297.6201851
297.6174402
297.6147406
297.6120898
297.6094915
297.6069499
297.6044692
297.6020539
297.5997083
297.5974369
297.5952439
297.5931339
297.5911109
297.5891793
297.5873433
297.5856071
297.5839751
297.5824516
297.581041
297.579748
297.5785772
297.5775333
297.5766207
297.5758439
297.575206
297.5747087
297.5743503
297.5741233
297.5740087
297.5739739
297.5739849
297.5740633
297.5742429
297.5745427
297.5749782
297.5755619
297.5763038
297.577212
297.5782935
297.5795545
297.5810003
297.5826356
297.5844645
297.5864908
297.5887176
297.5911472
297.5937819
297.5966229
297.5996713
297.6029273
297.6063909
297.6100613
297.6139376
297.6180182
297.6223013
297.6267848
297.6314665
297.6363437
297.6414141
297.6466748
297.6521235
297.6577575
297.6635745
297.669572
297.6757481
297.6821005
297.6886275
297.6953272
297.702198
297.7092383
297.7164464
297.7238209
297.7313601
297.7390624
297.7469261
297.7549493
297.7631301
297.7714662
297.7799554
297.7885952
297.797383
297.8063159
297.8153909
297.8246048
297.8339543
297.8434358
297.8530454
297.8627793
297.8726332
297.8826027
297.892683
297.9028693
297.9131561
297.9235382
297.9340095
297.9445641
297.9551955
297.9658971
297.9766621
297.9874835
297.9983542
298.0092669
298.0202144
298.0311899
298.0421862
298.053197
298.0642147
298.0752271
298.0862272
298.0972144
298.108189
298.1191515
298.1301029
298.1410445
298.1519779
298.1629051
298.1738279
298.1847478
298.1956662
298.2065838
298.2175014
298.2284204
298.2393424
298.2502693
298.2612029
298.2721453
298.2830982
298.2940634
298.3050424
298.3160363
298.327046
298.3380717
298.3491136
298.3601708
298.3712424
298.3823265
298.3934207
298.4045167
298.4155965
298.4266511
298.4376725
298.4486532
298.4595857
298.470463
298.4812784
298.4920261
298.5027007
298.5132977
298.5238134
298.534245
298.5445908
298.5548497
298.5650219
298.5751082
298.5851103
298.5950308
298.6048728
298.6146399
298.6243361
298.6339654
298.6435319
298.6530392
298.6624904
298.6718878
298.6812326
298.6905244
298.6997612
298.708939
298.7180515
298.72709
298.7360428
298.7448954
298.75363
298.7622256
298.7706577
298.7788984
298.786916
298.7946757
298.8021389
298.8092638
298.8160051
298.822315
298.8281429
298.8334361
298.8381416
298.8422075
298.8455868
298.8482435
298.8501631
298.8513712
298.8519653
298.8521309
298.8520401
298.8515502
298.8504724
298.8486886
298.846097
298.842609
298.8381467
298.8326394
298.8260213
298.8182294
298.8092028
298.7988824
298.7872099
298.7741285
298.759582
298.7435152
298.7258737
298.706604
298.6856531
298.6629691
298.6385008
298.6121977
298.5840103
298.5538897
298.521788
298.4876579
298.4514535
298.4131299
298.3726438
298.3299536
298.28502
298.2378063
298.1882793
298.1364099
298.0821741
298.0255542
297.9665398
297.9051293
297.8413311
297.7751661
297.7066687
297.6358894
297.5628962
297.4877773
297.4106454
297.3316366
297.2509123
297.1686662
297.0851286
297.0005061
296.9155206
296.8316488
296.7496192
296.669998
296.5933491
296.5202096
296.4510787
296.3864079
296.3265925
296.271966
296.2227952
296.1792779
296.1415432
296.1096501
296.0835808
296.0632295
296.0483749
296.0386235
296.0332909
296.0313372
296.0312276
296.0330936
296.0381512
296.047039
296.0601441
296.0776766
296.0997064
296.1261975
296.1570408
296.192075
296.2311035
296.2739058
296.3202469
296.3698838
296.4225707
296.4780624
296.5361172
296.5964983
296.6589751
296.7233239
296.7893276
296.856776
296.9254652
296.9951969
297.0657792
297.1370215
297.2087493
297.2806585
297.3521548
297.4229107
297.4927482
297.5614811
297.6289208
297.6948774
297.7591613
297.8215839
297.8819568
297.9400934
297.9958106
298.0489304
298.0992816
298.146702
298.1910405
298.2321601
298.2699402
298.3042797
298.3350985
298.3623407
298.3859785
298.4060146
298.4224871
298.4354752
298.4451156
298.451634
298.4553993
298.456983
298.4572821
298.4565923
298.4542719
298.4498782
298.4432078
298.4341688
298.4227742
298.4091227
298.3933801
298.3757646
298.3565341
298.3359745
298.3143947
298.2921003
298.2696828
298.247938
298.2270653
298.2071645
298.1883137
298.170566
298.1539529
298.1384863
298.1241611
298.1109583
298.0988468
298.0877859
298.0777278
298.0686192
298.060403
298.05302
298.0464101
298.0405135
298.0352712
298.0306263
298.0265241
298.0229127
298.0197432
298.0169698
298.0145503
298.0124455
298.0106198
298.0090405
298.0076781
298.0065059
298.0055001
298.0046392
298.0039044
298.0032787
298.0027472
298.0022968
298.0019162
298.0015953
298.0013254
298.0010988
298.0009093
298.0007512
298.000619
298.0005087
298.000418
298.0003403
298.0002779
298.0002265
298.0001842
298.0001495
298.0001211
298.000098
298.0000791
298.0000637
298.0000512
298.0000411
298.0000329
298.0000263
298.000021
298.0000168
298.0000134
298.0000106
298.0000084
298.0000067
298.0000053
298.0000041
298.0000033
298.0000026
298.000002
298.0000016
298.0000012
298.0000009
298.0000007
298.0000006
298.0000004
298.0000003
298.0000003
298.0000002
298.0000002
298.0000001
298.0000001
298.0000001
298
298
298
298
298
298
298
298
298
298
298
298
298
298
298
298
298
298
298
298
298
298
298
298
298
298
298
298
298
298
298
298
298
298
298
298
298
298
298
298
298
298
298
298
298
298
298
298
298
298
298
298
298
298
298
298
298
298
298
298
298
298
298
298
298
298
298
298
298
298
298
298
298
298
298
298
298
298
298
298
298
298
298
298
298
298
298
298
298
298
298
298
298
298
298
298
298
298
298
298
298
298
298
298
298
298
298
298
298
298
298
298
298
298
298
298
298
298
298
298
298
298
298
298
298
298
298
298
298
298
298
298
298
298
298
298
298
298
298
298
298
298
298
298
298
298
298
298
298
298
298
298
298
298
298
298
298
298
298
298
298
298
298
298
298
298
298
298
298
298
298
298
298
298
298
298
298
298
298
298
298
298
298
298
298
298
298
298
298
298
298
298
298
298
298
298
298
298
298
298
298
298
298
298
298
298
298
298
298
298
298
298
298
298
298
298
298
298
298
298
298
298
298
298
298
298
298
298
298
298
298
298
298
298
298
298
298
298
298
298
298
298
298
298
298
298
298
298
298
298
298
298
298
298
298
298
298
298
298
298
298
298
298
298
298
298
298
298
298
298
298
298
298
298
298
298
298
298
298
298
298
298
298
298
298
298
298
298
298
298
298
298
298
298
298
298
298
298
298
298
298
298
298
298
298
298
298
298
298
298
298
298
298
298
298
298
298
298
298
298
298
298
298
298
298
298
298
298
298
298
298
298
298
298
298
298
298
298
298
298
298
298
298
298
298
298
298
298
298
298
298
298
298
298
298
298
298
298
298
298
298
298
298
298
298
298
298
298
298
298
298
298
298
298
298
298
298
298
298
298
298
298
298
298
298
298
298
298
298
298
298
298
298
298
298
298
298
298
298
298
298
298
298
298
298
298
298
298
298
298
298
298
298
298
298
298
298
298
298
298
298
298
298
298
298
298
298
298
298
298
298
298
298
298
298
298
298
298
298
298
298
298
298
298
298
298
298
298
298
298
298
298
298
298
298
298
298
298
298
298
298
298
298
298
298
298
298
298
298
298
298
298
298
298
298
298
298
298
298
298
298
298
298
298
298
298
298
298
298
298
298
298
298
298
298
298
298
298
298
298
298
298
298
298
298
298
298
298
298
298
298
298
298
298
298
298
298
298
298
298
298
298
298
298
298
298
298
298
298
298
298
298
298
298
298
298
298
298
298
298
298
298
298
298
298
298
298
298
298
298
298
298
298
298
298
298
298
298
298
298
298
298
298
298
298
298
298
298
298
298
298
298
298
298
298
298
298
298
298
298
298
298
298
298
298
298
298
298
298
298
298
298
298
298
298
298
298
298
298
298
298
298
298
298
298
298
298
298
298
298
298
298
298
298
298
298
298
298
298
298
298
298
298
298
298
298
298
298
298
298
298
298
298
298
298
298
298
298
298
298
298
298
298
298
298
298
298
298
298
298
298
298
298
298
298
298
298
298
298
298
298
298
298
298
298
298
298
298
298
298
298
298
298
298
298
298
298
298
298
298
298
298
298
298
298
298
298
298
298
298
298
298
298
298
298
298
298
298
298
298
298
298
298
298
298
298
298
298
298
298
298
298
298
298
298
298
298
298
298
298
298
298
298
298
298
298
298
298
298
298
298
298
298
298
298
298
298
298
298
298
298
298
298
298
298
298
298
298
298
298
298
298
298
298
298
298
298
298
298
298
298
298
298
298
298
298
298
298
298
298
298
298
298
298
298
298
298
298
298
298
298
298
298
298
298
298
298
298
298
298
298
298
298
298
298
298
298
298
298
298
298
298
298
298
298
298
298
298
298
298
298
298
298
298
298
298
298
298
298
298
298
298
298
298
298
298
298
298
298
298
298
298
298
298
298
298
298
298
298
298
298
298
298
298
298
298
298
298
298
298
298
298
298
298
298
298
298
298
298
298
298
298
298
298
298
298
298
298
298
298
298
298
298
298
298
298
298
298
298
298
298
298
298
298
298
298
298
298
298
298
298
298
298
298
298
298
298
298
298
298
298
298
298
298
298
298
298
298
298
298
298
298
298
298
298
298
298
298
298
298
298
298
298
298
298
298
298
298
298
298
298
298
298
298
298
298
298
298
298
298
298
298
298
298
298
298
298
298
298
298
298
298
298
298
298
298
298
298
298
298
298
298
298
298
298
298
298
298
298
298
298
298
298
298
298
298
298
298
298
298
298
298
298
298
298
298
298
298
298
298
298
298
298
298
298
298
298
298
298
298
298
298
298
298
298
298
298
298
298
298
298
298
298
298
298
298
298
298
298
298
298
298
298
298
298
298
298
298
298
298
298
298
298
298
298
298
298
298
298
298
298
298
298
298
298
298
298
298
298
298
298
298
298
298
298
298
298
298
298
298
298
298
298
298
298
298
298
298
298
298
298
298
298
298
298
298
298
298
298
298
298
298
298
298
298
298
298
298
298
298
298
298
298
298
298
298
298
298
298
298
298
298
298
298
298
298
298
298
298
298
298
298
298
298
298
298
298
298
298
298
298
298
298
298
298
298
298
298
298
298
298
298
298
298
298
298
298
298
298
298
298
298
298
298
298
298
298
298
298
298
298
298
298
298
298
298
298
298
298
298
298
298
298
298
298
298
298
298
298
298
298
298
298
298
298
298
298
298
298
298
298
298
298
298
298
298
298
298
298
298
298
298
298
298
298
298
298
298
298
298
298
298
298
298
298
298
298
298
298
298
298
298
298
298
298
298
298
298
298
298
298
298
298
298
298
298
298
298
298
298
298
298
298
298
298
298
298
298
298
298
298
298
298
298
298
298
298
298
298
298
298
298
298
298
298
298
298
298
298
298
298
298
298
298
298
298
298
298
298
298
298
298
298
298
298
298
298
298
298
298
298
298
298
298
298
298
298
298
298
298
298
298
298
298
298
298
298
298
298
298
298
298
298
298
298
298
298
298
298
298
298
298
298
298
298
298
298
298
298
298
298
298
298
298
298
298
298
298
298
298
298
298
298
298
298
298
298
298
298
298
298
298
298
298
298
298
298
298
298
298
298
298
298
298
298
298
298
298
298
298
298
298
298
298
298
298
298
298
298
298
298
298
298
298
298
298
298
298
298
298
298
298
298
298
298
298
298
298
298
298
298
298
298
298
298
298
298
298
298
298
298
298
298
298
298
298
298
298
298
298
298
298
298
298
298
298
298
298
298
298
298
298
298
298
298
298
298
298
298
298
298
298
298
298
298
298
298
298
298
298
298
298
298
298
298
298
298
298
298
298
298
298
298
298
298
298
298
298
298
298
298
298
298
298
298
298
298
298
298
298
298
298
298
298
298
298
298
298
298
298
298
298
298
298
298
298
298
298
298
298
298
298
298
298
298
298
298
298
298
298
298
298
298
298
298
298
298
298
298
298
298
298
298
298
298
298
298
298
298
298
298
298
298
298
298
298
298
298
298
298
298
298
298
298
298
298
298
298
298
298
298
298
298
298
298
298
298
298
298
298
298
298
298
298
298
298
298
298
298
298
298
298
298
298
298
298
298
298
298
298
298
298
298
298
298
298
298
298
298
298
298
298
298
298
298
298
298
298
298
298
298
298
298
298
298
298
298
298
298
298
298
298
298
298
298
298
298
298
298
298
298
298
298
298
298
298
298
298
298
298
298
298
298
298
298
298
298
298
298
298
298
298
298
298
298
298
298
298
298
298
298
298
298
298
298
298
298
298
298
298
298
298
298
298
298
298
298
298
298
298
298
298
298
298
298
298
298
298
298
298
298
298
298
298
298
298
298
298
298
298
298
298
298
298
298
298
298
298
298
298
298
298
298
298
298
298
298
298
298
298
298
298
298
298
298
298
298
298
298
298
298
298
298
298
298
298
298
298
298
298
298
298
298
298
298
298
298
298
298
298
298
298
298
298
298
298
298
298
298
298
298
298
298
298
298
298
298
298
298
298
298
298
298
298
298
298
298
298
298
298
298
298
298
298
298
298
298
298
298
298
298
298
298
298
298
298
298
298
298
298
298
298
298
298
298
298
298
298
298
298
298
298
298
298
298
298
298
298
298
298
298
298
298
298
298
298
298
298
298
298
298
298
298
298
298
298
298
298
298
298
298
298
298
298
298
298
298
298
298
298
298
298
298
298
298
298
298
298
298
298
298
298
298
298
298
298
298
298
298
298
298
298
298
298
298
298
298
298
298
298
298
298
298
298
298
298
298
298
298
298
298
298
298
298
298
298
298
298
298
298
298
298
298
298
298
298
298
298
298
298
298
298
298
298
298
298
298
298
298
298
298
298
298
298
298
298
298
298
298
298
298
298
298
298
298
298
298
298
298
298
298
298
298
298
298
298
298
298
298
298
298
298
298
298
298
298
298
298
298
298
298
298
298
298
298
298
298
298
298
298
298
298
298
298
298
298
298
298
298
298
298
298
298
298
298
298
298
298
298
298
298
298
298
298
298
298
298
298
298
298
298
298
298
298
298
298
298
298
298
298
298
298
298
298
298
298
298
298
298
298
298
298
298
298
298
298
298
298
298
298
298
298
298
298
298
298
298
298
298
298
298
298
298
298
298
298
298
298
298
298
298
298
298
298
298
298
298
298
298
298
298
298
298
298
298
298
298
298
298
298
298
298
298
298
298
298
298
298
298
298
298
298
298
298
298
298
298
298
298
298
298
298
298
298
298
298
298
298
298
298
298
298
298
298
298
298
298
298
298
298
298
298
298
298
298
298
298
298
298
298
298
298
298
298
298
298
298
298
298
298
298
298
298
298
298
298
298
298
298
298
298
298
298
298
298
298
298
298
298
298
298
298
298
298
298
298
298
298
298
298
298
298
298
298
298
298
298
298
298
298
298
298
298
298
298
298
298
298
298
298
298
298
298
298
298
298
298
298
298
298
298
298
298
298
298
298
298
298
298
298
298
298
298
298
298
298
298
298
298
298
298
298
298
298
298
298
298
298
298
298
298
298
298
298
298
298
298
298
298
298
298
298
298
298
298
298
298
298
298
298
298
298
298
298
298
298
298
298
298
298
298
298
298
298
298
298
298
298
298
298
298
298
298
298
298
298
298
298
298
298
298
298
298
298
298
298
298
298
298
298
298
298
298
298
298
298
298
298
298
298
298
298
298
298
298
298
298
298
298
298
298
298
298
298
298
298
298
298
298
298
298
298
298
298
298
298
298
298
298
298
298
298
298
298
298
298
298
298
298
298
298
298
298
298
298
298
298
298
298
298
298
298
298
298
298
298
298
298
298
298
298
298
298
298
298
298
298
298
298
298
298
298
298
298
298
298
298
298
298
298
298
298
298
298
298
298
298
298
298
298
298
298
298
298
298
298
298
298
298
298
298
298
298
298
298
298
298
298
298
298
298
298
298
298
298
298
298
298
298
298
298
298
298
298
298
298
298
298
298
298
298
298
298
298
298
298
298
298
298
298
298
298
298
298
298
298
298
298
298
298
298
298
298
298
298
298
298
298
298
298
298
298
298
298
298
298
298
298
298
298
298
298
298
298
298
298
298
298
298
298
298
298
298
298
298
298
298
298
298
298
298
298
298
298
298
298
298
298
298
298
298
298
298
298
298
298
298
298
298
298
298
298
298
298
298
298
298
298
298
298
298
298
298
298
298
298
298
298
298
298
298
298
298
298
298
298
298
298
298
298
298
298
298
298
298
298
298
298
298
298
298
298
298
298
298
298
298
298
298
298
298
298
298
298
298
298
298
298
298
298
298
298
298
298
298
298
298
298
298
298
298
298
298
298
298
298
298
298
298
298
298
298
298
298
298
298
298
298
298
298
298
298
298
298
298
298
298
298
298
298
298
298
298
298
298
298
298
298
298
298
298
298
298
298
298
298
298
298
298
298
298
298
298
298
298
298
298
298
298
298
298
298
298
298
298
298
298
298
298
298
298
298
298
298
298
298
298
298
298
298
298
298
298
298
298
298
298
298
298
298
298
298
298
298
298
298
298
298
298
298
298
298
298
298
298
298
298
298
298
298
298
298
298
298
298
298
298
298
298
298
298
298
298
298
298
298
298
298
298
298
298
298
298
298
298
298
298
298
298
298
298
298
298
298
298
298
298
298
298
298
298
298
298
298
298
298
298
298
298
298
298
298
298
298
298
298
298
298
298
298
298
298
298
298
298
298
298
298
298
298
298
298
298
298
298
298
298
298
298
298
298
298
298
298
298
298
298
298
298
298
298
298
298
298
298
298
298
298
298
298
298
298
298
298
298
298
298
298
298
298
298
298
298
298
298
298
298
298
298
298
298
298
298
298
298
298
298
298
298
298
298
298
298
298
298
298
298
298
298
298
298
298
298
298
298
298
298
298
298
298
298
298
298
298
298
298
298
298
298
298
298
298
298
298
298
298
298
298
298
298
298
298
298
298
298
298
298
298
298
298
298
298
298
298
298
298
298
298
298
298
298
298
298
298
298
298
298
298
298
298
298
298
298
298
298
298
298
298
298
298
298
298
298
298
298
298
298
298
298
298
298
298
298
298
298
298
298
298
298
298
298
298
298
298
298
298
298
298
298
298
298
298
298
298
298
298
298
298
298
298
298
298
298
298
298
298
298
298
298
298
298
298
298
298
298
298
298
298
298
298
298
298
298
298
298
298
298
298
298
298
298
298
298
298
298
298
298
298
298
298
298
298
298
298
298
298
298
298
298
298
298
298
298
298
298
298
298
298
298
298
298
298
298
298
298
298
298
298
298
298
298
298
298
298
298
298
298
298
298
298
298
298
298
298
298
298
298
298
298
298
298
298
298
298
298
298
298
298
298
298
298
298
298
298
298
298
298
298
298
298
298
298
298
298
298
298
298
298
298
298
298
298
298
298
)
;

boundaryField
{
    side1
    {
        type            fixedValue;
        value           uniform 298;
    }
    side2
    {
        type            zeroGradient;
    }
    empty1
    {
        type            empty;
    }
    empty2
    {
        type            empty;
    }
}


// ************************************************************************* //
