/*--------------------------------*- C++ -*----------------------------------*\
| =========                 |                                                 |
| \\      /  F ield         | OpenFOAM: The Open Source CFD Toolbox           |
|  \\    /   O peration     | Version:  2312                                  |
|   \\  /    A nd           | Website:  www.openfoam.com                      |
|    \\/     M anipulation  |                                                 |
\*---------------------------------------------------------------------------*/
FoamFile
{
    version     2.0;
    format      ascii;
    arch        "LSB;label=32;scalar=64";
    class       volScalarField;
    location    "0.003";
    object      cSound;
}
// * * * * * * * * * * * * * * * * * * * * * * * * * * * * * * * * * * * * * //

dimensions      [0 1 -1 0 0 0 0];

internalField   nonuniform List<scalar> 
5000
(
1471.301611
1471.301667
1471.301531
1471.301534
1471.30167
1471.301706
1471.301668
1471.301659
1471.301618
1471.301531
1471.301469
1471.301472
1471.301652
1471.30162
1471.301707
1471.301452
1471.301597
1471.301671
1471.301723
1471.301606
1471.301602
1471.301623
1471.301529
1471.301574
1471.301593
1471.301694
1471.301645
1471.301603
1471.301666
1471.301542
1471.301652
1471.301711
1471.301637
1471.30158
1471.301535
1471.301526
1471.301587
1471.301606
1471.301672
1471.301666
1471.301659
1471.301533
1471.301551
1471.301645
1471.301578
1471.301672
1471.301649
1471.301649
1471.301543
1471.301666
1471.301698
1471.3016
1471.301558
1471.301533
1471.301704
1471.301666
1471.30172
1471.301608
1471.301525
1471.301692
1471.301552
1471.301605
1471.301718
1471.301634
1471.3016
1471.301489
1471.30166
1471.301549
1471.301656
1471.301683
1471.301717
1471.301529
1471.301607
1471.301514
1471.301592
1471.301517
1471.301595
1471.301714
1471.301633
1471.301605
1471.301712
1471.301603
1471.301722
1471.301535
1471.301523
1471.301657
1471.301657
1471.30153
1471.301471
1471.30134
1471.301614
1471.301653
1471.301525
1471.30161
1471.301555
1471.301594
1471.301522
1471.301706
1471.30154
1471.301533
1471.301614
1471.30165
1471.301649
1471.301529
1471.301659
1471.301594
1471.301602
1471.301683
1471.301604
1471.301524
1471.301587
1471.301543
1471.301524
1471.301552
1471.301532
1471.301605
1471.301607
1471.301584
1471.30166
1471.301664
1471.301514
1471.301527
1471.301607
1471.301533
1471.301711
1471.301529
1471.301488
1471.301405
1471.30152
1471.301477
1471.301589
1471.301575
1471.301667
1471.301714
1471.301598
1471.301533
1471.301589
1471.301524
1471.301677
1471.301426
1471.301451
1471.301718
1471.30167
1471.301722
1471.301669
1471.301719
1471.301523
1471.30152
1471.301529
1471.30166
1471.301602
1471.301576
1471.301662
1471.301669
1471.301602
1471.301599
1471.301532
1471.301608
1471.301487
1471.301474
1471.301459
1471.301582
1471.301545
1471.301536
1471.301722
1471.301516
1471.301643
1471.301662
1471.301715
1471.301597
1471.301641
1471.301542
1471.301545
1471.301516
1471.301589
1471.301719
1471.30167
1471.301467
1471.301614
1471.301478
1471.301526
1471.301536
1471.301608
1471.301503
1471.301601
1471.301618
1471.301718
1471.301656
1471.30149
1471.301546
1471.301526
1471.301468
1471.301595
1471.301662
1471.301536
1471.301603
1471.301577
1471.301718
1471.301659
1471.301702
1471.30166
1471.301524
1471.301415
1471.301728
1471.301666
1471.301679
1471.301672
1471.301661
1471.301699
1471.301629
1471.30159
1471.301685
1471.301856
1471.301922
1471.301959
1471.301849
1471.302121
1471.302438
1471.303083
1471.303569
1471.304065
1471.305565
1471.306756
1471.309858
1471.312896
1471.316837
1471.324034
1471.336193
1471.349381
1471.369551
1471.405045
1471.439667
1471.514502
1471.590482
1471.745625
1471.907401
1472.206851
1472.523944
1473.115917
1473.892721
1474.912383
1476.399482
1478.072636
1481.525054
1484.023295
1488.33655
1490.928612
1493.794722
1496.66831
1497.704331
1499.465671
1500.708389
1501.166373
1501.599791
1502.549862
1503.212054
1503.364542
1503.58498
1503.645635
1503.717326
1503.733162
1503.754234
1503.791392
1503.801767
1503.820328
1503.858609
1503.869609
1503.86851
1503.85614
1503.835682
1503.782656
1503.746392
1503.704341
1503.624859
1503.576119
1503.527077
1503.457279
1503.421432
1503.389272
1503.357646
1503.29725
1503.267744
1503.23648
1503.198211
1503.126019
1503.057271
1502.969563
1502.92888
1502.841139
1502.793854
1502.696431
1502.646317
1502.594744
1502.49379
1502.445833
1502.391924
1502.302004
1502.255745
1502.156917
1502.039835
1501.966382
1501.899215
1501.805191
1501.745332
1501.690157
1501.595535
1501.542567
1501.477125
1501.416323
1501.321367
1501.280762
1501.18169
1501.067394
1500.969675
1500.871612
1500.819247
1500.764739
1500.666254
1500.553034
1500.507616
1500.368041
1500.27492
1500.168081
1500.100264
1499.987852
1499.941587
1499.893369
1499.803502
1499.693416
1499.630618
1499.539324
1499.415716
1499.352751
1499.248463
1499.181169
1499.120601
1499.013073
1498.923017
1498.82736
1498.71099
1498.656037
1498.533979
1498.470088
1498.403885
1498.273847
1498.212971
1498.162286
1498.037864
1497.887332
1497.767136
1497.718259
1497.658307
1497.591684
1497.460981
1497.403494
1497.315824
1497.237542
1497.106003
1497.04522
1496.982153
1496.858065
1496.797688
1496.738315
1496.622322
1496.565616
1496.455058
1496.401415
1496.349092
1496.195489
1496.006396
1495.874728
1495.796209
1495.705741
1495.66036
1495.61399
1495.571351
1495.453464
1495.303713
1495.189257
1495.146351
1495.096477
1495.041385
1494.924709
1494.863357
1494.736235
1494.67399
1494.568648
1494.474549
1494.336941
1494.288007
1494.242524
1494.111344
1493.947027
1493.829729
1493.788043
1493.67923
1493.612342
1493.493601
1493.441922
1493.33561
1493.279931
1493.168082
1493.112992
1493.006073
1492.954275
1492.903779
1492.805395
1492.750542
1492.65466
1492.523398
1492.474975
1492.369675
1492.313248
1492.256818
1492.205647
1492.070849
1491.924365
1491.860654
1491.75211
1491.698568
1491.642337
1491.531119
1491.47704
1491.373757
1491.328813
1491.255565
1491.139872
1491.001908
1490.958129
1490.837625
1490.724546
1490.690761
1490.608415
1490.544791
1490.467497
1490.320175
1490.203445
1490.138295
1490.069289
1489.999302
1489.941665
1489.835898
1489.785298
1489.736264
1489.6375
1489.58308
1489.431989
1489.337939
1489.269428
1489.165397
1489.118569
1489.072961
1488.989734
1488.924137
1488.849942
1488.715866
1488.650147
1488.580682
1488.46087
1488.341987
1488.301167
1488.213913
1488.169956
1488.129757
1488.020113
1487.904392
1487.856048
1487.804475
1487.751931
1487.649754
1487.60479
1487.503801
1487.415363
1487.320183
1487.27437
1487.170646
1487.11923
1487.051323
1486.9394
1486.88447
1486.777465
1486.725924
1486.627994
1486.581721
1486.487023
1486.435488
1486.375693
1486.25098
1486.190265
1486.135563
1486.083654
1485.974683
1485.913891
1485.841391
1485.741939
1485.701974
1485.618431
1485.577677
1485.54042
1485.436337
1485.302041
1485.196662
1485.157137
1485.072365
1485.029461
1484.986341
1484.89859
1484.855501
1484.807683
1484.720231
1484.674748
1484.582002
1484.533366
1484.439422
1484.395991
1484.356507
1484.284633
1484.251972
1484.1578
1484.060229
1484.023758
1483.942439
1483.897584
1483.850705
1483.765828
1483.721326
1483.679841
1483.602206
1483.563423
1483.522777
1483.443222
1483.40526
1483.370288
1483.338389
1483.247817
1483.158584
1483.128407
1483.0364
1482.944448
1482.913676
1482.850651
1482.818679
1482.786746
1482.75534
1482.692375
1482.660061
1482.591097
1482.555521
1482.521742
1482.458876
1482.429248
1482.399573
1482.337634
1482.305612
1482.275009
1482.201425
1482.142153
1482.063749
1482.001851
1481.930597
1481.905264
1481.852857
1481.824943
1481.761453
1481.72711
1481.678707
1481.651946
1481.627676
1481.570598
1481.491288
1481.43978
1481.398806
1481.37748
1481.357339
1481.299556
1481.240069
1481.217944
1481.193323
1481.141616
1481.11554
1481.090237
1481.017625
1480.946592
1480.923031
1480.876615
1480.854262
1480.827369
1480.782902
1480.762895
1480.742464
1480.695308
1480.631029
1480.577598
1480.558015
1480.535809
1480.496032
1480.45067
1480.429185
1480.38403
1480.36186
1480.319724
1480.299868
1480.281089
1480.226459
1480.163017
1480.118269
1480.094213
1480.072977
1480.031509
1480.010483
1479.990681
1479.938939
1479.897963
1479.863631
1479.842714
1479.820045
1479.755172
1479.693497
1479.676008
1479.642088
1479.609785
1479.589126
1479.547449
1479.525096
1479.501027
1479.47717
1479.431159
1479.408842
1479.386165
1479.337985
1479.312765
1479.289133
1479.243417
1479.207336
1479.179242
1479.158039
1479.118701
1479.099083
1479.056287
1479.033145
1479.011798
1478.974948
1478.95852
1478.931306
1478.895875
1478.879839
1478.862808
1478.829471
1478.814125
1478.782477
1478.764064
1478.736386
1478.724707
1478.688523
1478.651294
1478.637865
1478.622836
1478.588731
1478.570014
1478.552834
1478.518808
1478.501262
1478.482213
1478.45755
1478.416798
1478.397901
1478.359977
1478.341296
1478.323126
1478.28824
1478.271582
1478.237723
1478.220411
1478.205213
1478.176822
1478.143714
1478.129851
1478.101441
1478.087212
1478.073465
1478.045778
1478.032348
1478.001641
1477.972879
1477.933386
1477.92014
1477.893579
1477.879811
1477.86613
1477.839051
1477.825917
1477.799788
1477.784984
1477.758166
1477.744465
1477.716297
1477.702134
1477.659761
1477.617678
1477.603975
1477.590776
1477.564319
1477.548242
1477.536217
1477.510999
1477.498335
1477.485781
1477.461064
1477.448446
1477.416012
1477.39316
1477.378652
1477.366988
1477.343164
1477.331044
1477.318893
1477.306675
1477.26965
1477.23235
1477.219921
1477.207659
1477.18357
1477.171852
1477.16052
1477.127261
1477.094177
1477.083114
1477.071842
1477.050206
1477.040739
1477.026934
1477.002086
1476.977013
1476.966551
1476.956101
1476.936519
1476.927262
1476.899793
1476.871856
1476.862161
1476.852006
1476.830767
1476.819857
1476.798014
1476.787146
1476.77621
1476.754015
1476.742822
1476.731467
1476.719259
1476.695903
1476.684605
1476.673263
1476.650441
1476.639002
1476.616162
1476.605024
1476.595113
1476.57059
1476.544704
1476.532504
1476.520224
1476.497464
1476.486762
1476.47632
1476.455319
1476.444772
1476.435276
1476.416241
1476.399075
1476.385962
1476.37757
1476.352283
1476.326458
1476.31752
1476.308349
1476.299137
1476.280684
1476.270862
1476.25302
1476.242033
1476.233946
1476.218104
1476.210555
1476.197281
1476.191612
1476.176809
1476.1551
1476.133532
1476.118573
1476.112184
1476.102979
1476.090922
1476.066034
1476.054195
1476.041066
1476.02164
1476.013
1476.004515
1475.994076
1475.978805
1475.968216
1475.956254
1475.949022
1475.940586
1475.922898
1475.914034
1475.897436
1475.889571
1475.873966
1475.866278
1475.851284
1475.843863
1475.82743
1475.81781
1475.807453
1475.79996
1475.784583
1475.777103
1475.762427
1475.755189
1475.740391
1475.73289
1475.711879
1475.691672
1475.68465
1475.677445
1475.663219
1475.655985
1475.641132
1475.633492
1475.618107
1475.611132
1475.599238
1475.587872
1475.575191
1475.568203
1475.560445
1475.544768
1475.537002
1475.521729
1475.514275
1475.499727
1475.492684
1475.485857
1475.472545
1475.466099
1475.459875
1475.44154
1475.41768
1475.400191
1475.394437
1475.388817
1475.383351
1475.367841
1475.352837
1475.348019
1475.343521
1475.331069
1475.315147
1475.301916
1475.296896
1475.291259
1475.283382
1475.269849
1475.26345
1475.251238
1475.244851
1475.239221
1475.227418
1475.221279
1475.208852
1475.202623
1475.196419
1475.184015
1475.177834
1475.171698
1475.165591
1475.153382
1475.147292
1475.135128
1475.129061
1475.116998
1475.111063
1475.099542
1475.093961
1475.082726
1475.077013
1475.065097
1475.058349
1475.05024
1475.035976
1475.030277
1475.020119
1475.015324
1475.00644
1475.002557
1474.992401
1474.977354
1474.961879
1474.950906
1474.94658
1474.936338
1474.930654
1474.924754
1474.918787
1474.907056
1474.901456
1474.891598
1474.887552
1474.877216
1474.866463
1474.862184
1474.857454
1474.846973
1474.839592
1474.834618
1474.823626
1474.817938
1474.806635
1474.801165
1474.793826
1474.78219
1474.776752
1474.771343
1474.760492
1474.754963
1474.748971
1474.742515
1474.732788
1474.728305
1474.718087
1474.712668
1474.707286
1474.696665
1474.691479
1474.680924
1474.675367
1474.670104
1474.659241
1474.653665
1474.648226
1474.637452
1474.632092
1474.626798
1474.616304
1474.611097
1474.600863
1474.595897
1474.58613
1474.580992
1474.568485
1474.561446
1474.555837
1474.54606
1474.540927
1474.534166
1474.522858
1474.51752
1474.512395
1474.5027
1474.498124
1474.488834
1474.483706
1474.479499
1474.471127
1474.466915
1474.458504
1474.454355
1474.446203
1474.442202
1474.438216
1474.430136
1474.426048
1474.417797
1474.413663
1474.405439
1474.401367
1474.393323
1474.389358
1474.381539
1474.377686
1474.370071
1474.366303
1474.358815
1474.355085
1474.347618
1474.343882
1474.336411
1474.332699
1474.325366
1474.321752
1474.31456
1474.310954
1474.303642
1474.299944
1474.296284
1474.288635
1474.283252
1474.279121
1474.271114
1474.267314
1474.25635
1474.245569
1474.242019
1474.23848
1474.227783
1474.216905
1474.213206
1474.209492
1474.201978
1474.198175
1474.194337
1474.186605
1474.182725
1474.178862
1474.175029
1474.167143
1474.162762
1474.156694
1474.149144
1474.144357
1474.13686
1474.133106
1474.124785
1474.120652
1474.116964
1474.107279
1474.098104
1474.09511
1474.092404
1474.086961
1474.081517
1474.072795
1474.069166
1474.065547
1474.056957
1474.052063
1474.04791
1474.040658
1474.035669
1474.032371
1474.025188
1474.020815
1474.017153
1474.009343
1474.005307
1474.001687
1473.995054
1473.991882
1473.988712
1473.982357
1473.979174
1473.972863
1473.96977
1473.963711
1473.960311
1473.957468
1473.951215
1473.947945
1473.942158
1473.939357
1473.933203
1473.929772
1473.926401
1473.923241
1473.917088
1473.914031
1473.910886
1473.903106
1473.898264
1473.894475
1473.891333
1473.884767
1473.88127
1473.873835
1473.867185
1473.864087
1473.861201
1473.855238
1473.8522
1473.845985
1473.842893
1473.840191
1473.834069
1473.82785
1473.824087
1473.821072
1473.814871
1473.811605
1473.808403
1473.805267
1473.799021
1473.795898
1473.792746
1473.786206
1473.782797
1473.779286
1473.772123
1473.768507
1473.765005
1473.7617
1473.755394
1473.752361
1473.746395
1473.743451
1473.740533
1473.734696
1473.731793
1473.726191
1473.723036
1473.720306
1473.717534
1473.711963
1473.70918
1473.7036
1473.700807
1473.695204
1473.6924
1473.689604
1473.684006
1473.681216
1473.675837
1473.673355
1473.666922
1473.660686
1473.658396
1473.655876
1473.650648
1473.647931
1473.641989
1473.638796
1473.635763
1473.630037
1473.627173
1473.62078
1473.617339
1473.610952
1473.608085
1473.605416
1473.600166
1473.597537
1473.594705
1473.590855
1473.586584
1473.58452
1473.579836
1473.576896
1473.572562
1473.568155
1473.565924
1473.561965
1473.559145
1473.553985
1473.548965
1473.546194
1473.543614
1473.541558
1473.535948
1473.529013
1473.523837
1473.521938
1473.519824
1473.515423
1473.513217
1473.50892
1473.506827
1473.504773
1473.500711
1473.498704
1473.494744
1473.49282
1473.487697
1473.483157
1473.481097
1473.479034
1473.47507
1473.473284
1473.469315
1473.465685
1473.464044
1473.46201
1473.457726
1473.455566
1473.453455
1473.448779
1473.445557
1473.442581
1473.440329
1473.435828
1473.432589
1473.430444
1473.425783
1473.422962
1473.420852
1473.416916
1473.412626
1473.409125
1473.40686
1473.402002
1473.399504
1473.394461
1473.391954
1473.389509
1473.384527
1473.382035
1473.380037
1473.375304
1473.369169
1473.363061
1473.358684
1473.356212
1473.354131
1473.3517
1473.346674
1473.344178
1473.341746
1473.337066
1473.334794
1473.330976
1473.328811
1473.324292
1473.321894
1473.319456
1473.314501
1473.311803
1473.309266
1473.304013
1473.301376
1473.296199
1473.293427
1473.288849
1473.286552
1473.282219
1473.280113
1473.275937
1473.273882
1473.269875
1473.267869
1473.265615
1473.261874
1473.260077
1473.258153
1473.253235
1473.250386
1473.24668
1473.245006
1473.241216
1473.239263
1473.237332
1473.233497
1473.231611
1473.227892
1473.226044
1473.222398
1473.22072
1473.21662
1473.21249
1473.210416
1473.208485
1473.204767
1473.20299
1473.199441
1473.197666
1473.194152
1473.19243
1473.189044
1473.187356
1473.184065
1473.182569
1473.179362
1473.17721
1473.175304
1473.171802
1473.17008
1473.168294
1473.164695
1473.162974
1473.159599
1473.157802
1473.154597
1473.153137
1473.148736
1473.144075
1473.14209
1473.14029
1473.138285
1473.135066
1473.133354
1473.132021
1473.12808
1473.123
1473.119983
1473.117956
1473.116584
1473.113527
1473.111657
1473.109179
1473.107522
1473.104204
1473.102544
1473.0997
1473.097089
1473.094071
1473.092424
1473.08889
1473.086995
1473.084692
1473.081023
1473.078789
1473.076974
1473.073716
1473.072186
1473.069271
1473.067854
1473.06464
1473.062765
1473.058675
1473.056489
1473.054758
1473.051864
1473.050523
1473.047818
1473.046445
1473.044986
1473.041679
1473.039888
1473.036642
1473.035223
1473.033919
1473.031529
1473.030472
1473.028242
1473.02691
1473.024353
1473.023168
1473.022011
1473.02088
1473.018659
1473.017553
1473.015245
1473.014066
1473.012987
1473.010952
1473.009966
1473.007989
1473.007009
1473.006074
1473.004051
1473.002413
1473.00096
1472.999887
1472.997669
1472.996598
1472.994213
1472.99249
1472.9914
1472.989268
1472.988207
1472.986062
1472.984963
1472.983848
1472.981635
1472.980392
1472.979346
1472.977085
1472.975799
1472.974679
1472.972447
1472.971302
1472.968965
1472.967767
1472.965313
1472.964057
1472.962779
1472.961475
1472.958782
1472.957393
1472.954531
1472.953075
1472.950233
1472.948922
1472.946234
1472.944173
1472.942657
1472.939776
1472.938361
1472.935575
1472.93419
1472.932828
1472.931512
1472.928991
1472.927639
1472.925207
1472.923846
1472.922716
1472.92054
1472.919488
1472.9175
1472.916579
1472.915734
1472.913263
1472.91051
1472.909418
1472.908532
1472.907026
1472.905296
1472.902299
1472.900862
1472.89975
1472.89815
1472.897264
1472.895271
1472.894173
1472.891673
1472.890324
1472.889068
1472.886854
1472.885877
1472.883951
1472.88286
1472.881761
1472.879857
1472.878811
1472.87662
1472.875451
1472.873604
1472.872612
1472.870552
1472.869511
1472.868468
1472.865339
1472.862147
1472.861048
1472.85879
1472.857626
1472.856453
1472.85407
1472.852879
1472.851573
1472.849055
1472.847768
1472.845115
1472.843658
1472.840792
1472.839288
1472.83616
1472.834554
1472.832929
1472.829649
1472.828004
1472.826372
1472.823128
1472.821526
1472.818417
1472.816915
1472.813631
1472.811649
1472.809278
1472.807343
1472.803288
1472.799725
1472.797451
1472.795604
1472.794017
1472.790764
1472.789151
1472.787554
1472.784235
1472.782163
1472.780629
1472.777304
1472.775524
1472.77187
1472.7702
1472.767849
1472.765219
1472.763155
1472.760136
1472.758055
1472.756408
1472.752908
1472.751079
1472.749277
1472.747598
1472.744204
1472.742544
1472.741132
1472.73806
1472.735088
1472.733469
1472.732298
1472.729921
1472.728744
1472.726417
1472.72517
1472.723375
1472.721118
1472.720271
1472.71781
1472.715182
1472.714145
1472.713025
1472.710788
1472.709703
1472.707267
1472.705644
1472.704285
1472.702296
1472.701264
1472.699232
1472.698234
1472.696219
1472.695194
1472.693103
1472.691985
1472.690329
1472.688619
1472.686285
1472.684953
1472.68328
1472.682306
1472.680187
1472.678946
1472.677638
1472.676654
1472.674138
1472.671708
1472.670564
1472.669501
1472.667326
1472.666208
1472.663922
1472.662746
1472.660383
1472.659202
1472.657999
1472.655593
1472.654423
1472.653278
1472.650535
1472.648877
1472.647413
1472.645045
1472.643676
1472.642664
1472.640612
1472.639629
1472.638681
1472.636803
1472.635889
1472.635015
1472.633207
1472.632217
1472.631372
1472.629671
1472.628815
1472.627095
1472.626242
1472.624541
1472.623705
1472.622051
1472.621244
1472.619747
1472.619118
1472.617626
1472.616087
1472.615398
1472.6147
1472.613397
1472.612802
1472.612245
1472.611167
1472.610646
1472.609071
1472.60743
1472.606845
1472.606223
1472.604913
1472.604242
1472.603591
1472.602362
1472.601792
1472.601279
1472.600368
1472.59997
1472.599127
1472.598481
1472.598079
1472.5977
1472.596999
1472.596661
1472.595998
1472.595667
1472.595012
1472.594683
1472.594359
1472.593729
1472.593418
1472.592509
1472.591572
1472.591195
1472.590828
1472.590034
1472.589609
1472.589167
1472.588722
1472.587848
1472.587381
1472.58662
1472.586019
1472.585609
1472.58442
1472.58276
1472.58137
1472.580853
1472.580272
1472.579045
1472.578403
1472.576972
1472.57611
1472.575202
1472.574014
1472.572638
1472.57121
1472.57026
1472.568684
1472.567927
1472.56632
1472.565486
1472.563779
1472.562913
1472.561132
1472.560211
1472.559254
1472.557309
1472.556324
1472.555307
1472.553305
1472.552328
1472.551404
1472.549062
1472.546804
1472.545568
1472.544078
1472.542366
1472.541517
1472.539644
1472.538675
1472.536626
1472.535556
1472.534578
1472.532349
1472.530967
1472.529979
1472.528228
1472.527358
1472.525522
1472.524527
1472.523683
1472.522068
1472.521283
1472.51975
1472.518996
1472.517558
1472.516864
1472.514988
1472.513719
1472.512553
1472.511917
1472.510438
1472.509435
1472.50832
1472.507533
1472.506004
1472.505232
1472.503336
1472.501631
1472.500867
1472.500081
1472.498531
1472.497331
1472.496627
1472.494608
1472.493394
1472.49235
1472.490636
1472.489835
1472.488165
1472.487312
1472.485616
1472.48476
1472.483024
1472.482123
1472.48118
1472.478901
1472.477092
1472.475457
1472.474546
1472.472675
1472.471696
1472.469644
1472.468567
1472.467452
1472.466318
1472.464034
1472.462895
1472.461787
1472.459581
1472.458467
1472.456185
1472.454862
1472.453697
1472.452533
1472.450647
1472.449701
1472.447888
1472.447
1472.444979
1472.443787
1472.442699
1472.44132
1472.440223
1472.438592
1472.437751
1472.436029
1472.435048
1472.433526
1472.432669
1472.430818
1472.429868
1472.428329
1472.427225
1472.426472
1472.425673
1472.424012
1472.422979
1472.421998
1472.421223
1472.419692
1472.418945
1472.417344
1472.416454
1472.415601
1472.414109
1472.413239
1472.412519
1472.411084
1472.410389
1472.409022
1472.408344
1472.406956
1472.406237
1472.404711
1472.403918
1472.403172
1472.402489
1472.401194
1472.400577
1472.399357
1472.398759
1472.397581
1472.397012
1472.396461
1472.395356
1472.394807
1472.394297
1472.39329
1472.392786
1472.391749
1472.39109
1472.390409
1472.389595
1472.389154
1472.388346
1472.387936
1472.387025
1472.386289
1472.385634
1472.384979
1472.384517
1472.383677
1472.383154
1472.382732
1472.381782
1472.381286
1472.380257
1472.379746
1472.379274
1472.377941
1472.376558
1472.375984
1472.375455
1472.374654
1472.374215
1472.373291
1472.372813
1472.371883
1472.371437
1472.370459
1472.369441
1472.368938
1472.368447
1472.367425
1472.366929
1472.365991
1472.365475
1472.364294
1472.363665
1472.363042
1472.361798
1472.361169
1472.360491
1472.358819
1472.357843
1472.357027
1472.35553
1472.354712
1472.353156
1472.352449
1472.351024
1472.350278
1472.348753
1472.347977
1472.346441
1472.3456
1472.34412
1472.343384
1472.342671
1472.341277
1472.340587
1472.339238
1472.338578
1472.336673
1472.334803
1472.334202
1472.333637
1472.332001
1472.330348
1472.329791
1472.329302
1472.32806
1472.326634
1472.326006
1472.324675
1472.324019
1472.323393
1472.322021
1472.321244
1472.320576
1472.319806
1472.318637
1472.317911
1472.317355
1472.316097
1472.314933
1472.314506
1472.314049
1472.31312
1472.312651
1472.31219
1472.311293
1472.310858
1472.310443
1472.309636
1472.309241
1472.308389
1472.307794
1472.307194
1472.306703
1472.305782
1472.305326
1472.304423
1472.303971
1472.303013
1472.302166
1472.301519
1472.300567
1472.300025
1472.29899
1472.298454
1472.297911
1472.296828
1472.296283
1472.295182
1472.294616
1472.293465
1472.292884
1472.291777
1472.291249
1472.290171
1472.289593
1472.289008
1472.287891
1472.28735
1472.286139
1472.285299
1472.284533
1472.283421
1472.282078
1472.28078
1472.27998
1472.279012
1472.278247
1472.276947
1472.276386
1472.275162
1472.274267
1472.273623
1472.272559
1472.271477
1472.269837
1472.269103
1472.268348
1472.266924
1472.266276
1472.26569
1472.264551
1472.263987
1472.263455
1472.262293
1472.261341
1472.260599
1472.259959
1472.259193
1472.258366
1472.257369
1472.255937
1472.255429
1472.255007
1472.253929
1472.25284
1472.252343
1472.251781
1472.25132
1472.250462
1472.250039
1472.249608
1472.248728
1472.24829
1472.247417
1472.246978
1472.246494
1472.24533
1472.244677
1472.244113
1472.243168
1472.242732
1472.2418
1472.241331
1472.24042
1472.239746
1472.238786
1472.238286
1472.237222
1472.236676
1472.236133
1472.235057
1472.234521
1472.233449
1472.232915
1472.232384
1472.231317
1472.230786
1472.230258
1472.229189
1472.228657
1472.22761
1472.227099
1472.226447
1472.225431
1472.224922
1472.223778
1472.22316
1472.222365
1472.221845
1472.220708
1472.22015
1472.219033
1472.218448
1472.217822
1472.216586
1472.215985
1472.214515
1472.213494
1472.212698
1472.211785
1472.211115
1472.209841
1472.209251
1472.208713
1472.207149
1472.205535
1472.204956
1472.204385
1472.203248
1472.202686
1472.201662
1472.20108
1472.200542
1472.199642
1472.199276
1472.198946
1472.198319
1472.198027
1472.197471
1472.197209
1472.196696
1472.196448
1472.195964
1472.195728
1472.19514
1472.194751
1472.194432
1472.194104
1472.19374
1472.193277
1472.192901
1472.192739
1472.192353
1472.192136
1472.191907
1472.19167
1472.191139
1472.190818
1472.190544
1472.190044
1472.189344
1472.188833
1472.188173
1472.18783
1472.187181
1472.186861
1472.186227
1472.185659
1472.185252
1472.184482
1472.184095
1472.183703
1472.183311
1472.182524
1472.182133
1472.181744
1472.180958
1472.180563
1472.180165
1472.17935
1472.178931
1472.178063
1472.177612
1472.177146
1472.176659
1472.175711
1472.175172
1472.174707
1472.173803
1472.173357
1472.172498
1472.172082
1472.17088
1472.169601
1472.169117
1472.168621
1472.168144
1472.167217
1472.166778
1472.166007
1472.165616
1472.164787
1472.164355
1472.163964
1472.162846
1472.16171
1472.161311
1472.16089
1472.15997
1472.159458
1472.158336
1472.157752
1472.156596
1472.15599
1472.155473
1472.154437
1472.153906
1472.152824
1472.152266
1472.151705
1472.150596
1472.150043
1472.148829
1472.148094
1472.14727
1472.146654
1472.145471
1472.144856
1472.144221
1472.143015
1472.142443
1472.141323
1472.140756
1472.139609
1472.139024
1472.138435
1472.137265
1472.13669
1472.135613
1472.135121
1472.1347
1472.133577
1472.132427
1472.13199
1472.131505
1472.131012
1472.130077
1472.129658
1472.128537
1472.1274
1472.126958
1472.126511
1472.125638
1472.125215
1472.124373
1472.12396
1472.123551
1472.122735
1472.122333
1472.121545
1472.121161
1472.120411
1472.120037
1472.119382
1472.118889
1472.118573
1472.117902
1472.11757
1472.116922
1472.116605
1472.115982
1472.115676
1472.115072
1472.114773
1472.114478
1472.113888
1472.113591
1472.112998
1472.112699
1472.112099
1472.111796
1472.111186
1472.110877
1472.110251
1472.109927
1472.109246
1472.108888
1472.10853
1472.10778
1472.10738
1472.107011
1472.106291
1472.105937
1472.105221
1472.10487
1472.104531
1472.104206
1472.103584
1472.103294
1472.102514
1472.10193
1472.101616
1472.101112
1472.100547
1472.099625
1472.099304
1472.09902
1472.098458
1472.097963
1472.097635
1472.097291
1472.096614
1472.096308
1472.095708
1472.094948
1472.093823
1472.093395
1472.09295
1472.092049
1472.091624
1472.090743
1472.090031
1472.089563
1472.089207
1472.088482
1472.088128
1472.087454
1472.087143
1472.086858
1472.086166
1472.085611
1472.085404
1472.085194
1472.084797
1472.084466
1472.084379
1472.084228
1472.084163
1472.084097
1472.083949
1472.083865
1472.083652
1472.083529
1472.083414
1472.083168
1472.082975
1472.082642
1472.082254
1472.082101
1472.081951
1472.081628
1472.0813
1472.081086
1472.080811
1472.080617
1472.080184
1472.079952
1472.079475
1472.079225
1472.078679
1472.078294
1472.077856
1472.077581
1472.076901
1472.076287
1472.075898
1472.075386
1472.074996
1472.074212
1472.073808
1472.073401
1472.072575
1472.072159
1472.071741
1472.071323
1472.070534
1472.070189
1472.069285
1472.068371
1472.068041
1472.067708
1472.066745
1472.06577
1472.065423
1472.065049
1472.064667
1472.063922
1472.06356
1472.062867
1472.062529
1472.061858
1472.061494
1472.060967
1472.060533
1472.060223
1472.059605
1472.059298
1472.058679
1472.058357
1472.058025
1472.057298
1472.056889
1472.056514
1472.055774
1472.055393
1472.054613
1472.05421
1472.053391
1472.052969
1472.052117
1472.051679
1472.05079
1472.050331
1472.049859
1472.049366
1472.048257
1472.047631
1472.04698
1472.046326
1472.045055
1472.044273
1472.043681
1472.04318
1472.042214
1472.041703
1472.040816
1472.040177
1472.039209
1472.038699
1472.038243
1472.037363
1472.036945
1472.036059
1472.035454
1472.03481
1472.0344
1472.033436
1472.032575
1472.032295
1472.031997
1472.031329
1472.030952
1472.030479
1472.030058
1472.02927
1472.028772
1472.028451
1472.028126
1472.027498
1472.027183
1472.026823
1472.02657
1472.026121
1472.02591
1472.025269
1472.024615
1472.024393
1472.024161
1472.023704
1472.023375
1472.023123
1472.022855
1472.022294
1472.022001
1472.021692
1472.021033
1472.020682
1472.020319
1472.019911
1472.019115
1472.018702
1472.018283
1472.017433
1472.016996
1472.016096
1472.015626
1472.01514
1472.014139
1472.013615
1472.01254
1472.011991
1472.011434
1472.010309
1472.009746
1472.009183
1472.008051
1472.007487
1472.006913
1472.005666
1472.004991
1472.004349
1472.003058
1472.002408
1472.001752
1472.001089
1471.999761
1471.99912
1471.997898
1471.995628
1471.99323
1471.99227
1471.991136
1471.989287
1471.987101
1471.984153
1471.982477
1471.981042
1471.977867
1471.976046
1471.974298
1471.970534
1471.96845
1471.966157
1471.961823
1471.95969
1471.954622
1471.951448
1471.948669
1471.942177
1471.938205
1471.934394
1471.930709
1471.923267
1471.919482
1471.911779
1471.907966
1471.900303
1471.894924
1471.887091
1471.870641
1471.854746
1471.848934
1471.835825
1471.828643
1471.821045
1471.805132
1471.796928
1471.780596
1471.772324
1471.75173
1471.738554
1471.724294
1471.697198
1471.684103
1471.671765
1471.650636
1471.628195
1471.613186
1471.57832
1471.555929
1471.535223
1471.501695
1471.483878
1471.443715
1471.422475
1471.396791
1471.356985
1471.333864
1471.285412
1471.260411
1471.219975
1471.196669
1471.145126
1471.116183
1471.090479
1471.037673
1471.009986
1470.949645
1470.917157
1470.852204
1470.82019
1470.740556
1470.692029
1470.614807
1470.552833
1470.523953
1470.493526
1470.432054
1470.401817
1470.373519
1470.318475
1470.291125
1470.235048
1470.135525
1469.987164
1469.778586
1469.459294
1468.784578
1466.455214
1456.041399
1409.965731
1249.677793
925.8523279
582.0550231
348.7060953
217.3026943
145.3488802
107.6064147
85.80822111
75.41039468
71.54755975
71.79278169
74.66016023
78.65664948
83.60751144
89.02376017
94.61119171
100.1902478
105.6554708
110.9560309
116.0911901
121.1009119
125.8454163
130.1498301
134.0473882
137.5773659
140.776934
143.6812602
146.3219373
148.7246921
150.9129336
152.9062747
154.7216024
156.373647
157.8752232
159.2378684
160.4716807
161.5862829
162.5903615
163.4919906
164.2988276
165.0183073
165.6569813
166.2219918
166.7191414
167.1550485
167.5350627
167.8650147
168.149969
168.3949247
168.604478
168.7829313
168.9342687
169.0621708
169.1700074
169.2608446
169.3374497
169.4023142
169.4576685
169.5054857
169.5474728
169.5850929
169.6196061
169.6520611
169.6832805
169.7138466
169.7441362
169.7743227
169.8043836
169.8342453
169.8640246
169.8939848
169.9244568
169.9558472
169.9886265
170.0233166
170.0604911
170.1007549
170.144707
170.1929762
170.2462008
170.3050016
170.3701281
170.4421375
170.5218253
170.6096935
170.7065754
170.8129384
170.9295668
171.0569534
171.1957258
171.3464042
171.5094752
171.6854265
171.8746394
172.0775009
172.2943176
172.5253764
172.7709117
173.0311248
173.30617
173.5961448
173.9010828
174.2209547
174.5556661
174.9050512
175.2688692
175.6468068
176.0384567
176.4433572
176.8609279
177.2905901
177.7313719
178.1829178
178.6508906
179.1526991
179.6350714
180.078531
180.484046
180.8531988
181.1875511
181.4886311
181.758195
181.9979481
182.2096317
182.3949798
182.5557139
182.6935342
182.8101338
182.9071902
182.9863813
183.049425
183.0980864
183.1341807
183.1595343
183.1759354
183.1851061
183.1887097
183.1884632
183.1859392
183.184173
183.1804539
183.1765775
183.1706586
183.1610713
183.1471516
183.1280865
183.1034578
183.0727513
183.0357654
182.9920476
182.9395389
182.8776546
182.8070514
182.7273845
182.6377066
182.5393479
182.4292815
182.306349
182.1719318
182.0258864
181.8668925
181.6970618
181.5126709
181.3132742
181.1005672
180.8733491
180.6313874
180.3763707
180.1044967
179.8176545
179.5158191
179.1973626
178.8645154
178.5140791
178.1490781
177.766536
177.3696039
176.9545479
176.5251504
176.078346
175.6184618
175.175621
174.7590334
174.3659926
173.996317
173.6492252
173.324465
173.0210361
172.7386396
172.4759275
172.2328514
172.0077626
171.8007924
171.6100542
171.4360037
171.2762098
171.1316713
170.99941
170.8808627
170.7726855
170.6768526
170.5892715
170.5128562
170.4427395
170.3827596
170.3272808
170.2811956
170.2375559
170.2028885
170.1694116
170.1437138
170.1188036
170.1001075
170.0818873
170.068513
170.0555571
170.0462756
170.0375278
170.0313958
170.0259397
170.0221202
170.0188802
170.016308
170.0137171
170.0108811
170.0076841
170.004119
170.0002792
169.9960795
169.9917389
169.9870843
169.9824247
169.9775126
169.9727212
169.9678086
169.962468
169.9573059
169.9519109
169.9466727
169.9417985
169.9373
169.933381
169.9301216
169.9268006
169.9228436
169.9182987
169.9133206
169.9083946
169.9033565
169.8979785
169.8920307
169.8852892
169.8776555
169.8691032
169.8596122
169.849166
169.8377489
169.8253434
169.8119303
169.7974901
169.7820035
169.7654558
169.747826
169.729141
169.709293
169.6886135
169.6655276
169.6412051
169.6130785
169.5868951
169.5617341
169.5405958
169.5209165
169.5049776
169.4904274
169.4790912
169.4688647
169.4612104
169.4543459
169.4493492
169.4448498
169.4414925
169.4383227
169.4354732
169.4324236
169.4296813
169.4268205
169.4244236
169.421996
169.4201931
169.4184564
169.4175178
169.4167275
169.4168974
169.4172733
169.4187636
169.4205172
169.4235046
169.4268547
169.4315547
169.4367256
169.4433678
169.4505918
169.4594008
169.4688937
169.4800667
169.4920098
169.5057067
169.5202423
169.5365852
169.5538091
169.5728649
169.5928505
169.6146722
169.6374339
169.6619957
169.6874722
169.7147892
169.7432842
169.7726135
169.7983502
169.8225172
169.8432665
169.8623655
169.8784219
169.892911
169.9046838
169.9150043
169.9229561
169.9296031
169.9342458
169.9377634
169.9396506
169.9406362
169.9403404
169.9393217
169.9373892
169.9349175
169.9319468
169.9287085
169.9252868
169.9218462
169.9182063
169.9144356
169.9105489
169.9063349
169.9016516
169.896418
169.8905677
169.884025
169.876737
169.8686382
169.8596851
169.8498216
169.8390127
169.8272132
169.8143979
169.8005332
169.7856057
169.7695922
169.7524932
169.7342934
169.7150125
169.6946376
169.6732233
169.6507012
169.6273752
169.6018204
169.5750695
169.5446646
169.5152713
169.486371
169.4608207
169.4361662
169.4147605
169.3943286
169.3768871
169.3603797
169.3465268
169.3335385
169.3228175
169.3128893
169.3047994
169.29745
169.2915014
169.2861464
169.2816557
169.2774417
169.2734617
169.2693589
169.2652385
169.2610003
169.256861
169.2526901
169.2487212
169.2447953
169.2411714
169.237657
169.2345401
169.2315958
169.2291437
169.226927
169.2252942
169.2239559
169.2232917
169.2229677
169.2234006
169.224229
169.2259033
169.2279942
169.2309998
169.2344623
169.2388883
169.2438014
169.2497145
169.2561378
169.2635853
169.2715585
169.2805672
169.2901084
169.3006817
169.3117849
169.3239001
169.3365322
169.3501381
169.3642398
169.3792522
169.394745
169.4110728
169.4277872
169.4456125
169.4621549
169.4784486
169.4918293
169.5055389
169.5164478
169.5277799
169.5365002
169.5456972
169.5524879
169.5597644
169.5648539
169.5704269
169.5740404
169.578127
169.5804808
169.5832835
169.584566
169.5863055
169.5867317
169.5876223
169.5873536
169.5874694
169.5865733
169.5860282
169.584652
169.5836152
169.5819062
169.5804994
169.5785624
169.5768861
169.5748054
169.5729444
169.5707866
169.5688075
169.5666196
169.5645701
169.5623787
169.5602871
169.5580975
169.5559722
169.5537689
169.5516011
169.5493591
169.5471503
169.5448777
169.5426498
169.5403701
169.5381502
169.5358934
169.533716
169.5315194
169.5294258
169.5273334
169.5253723
169.5234338
169.5216593
169.5199308
169.5184008
169.5169416
169.515717
169.5145895
169.5137342
169.5130031
169.5125841
169.5123162
169.5124098
169.5126776
169.51336
169.5142488
169.5155868
169.5171459
169.5192119
169.5215299
169.5243978
169.5275458
169.5312835
169.5353284
169.5399986
169.5450007
169.5506606
169.5566768
169.5633825
169.570468
169.5782724
169.5864779
169.5954281
169.6047977
169.6149341
169.6255052
169.6368619
169.6486656
169.6612697
169.6743297
169.6881998
169.7025304
169.7176739
169.7332775
169.7496888
169.7665539
169.7842125
169.8023142
169.821182
169.8404912
169.8605079
169.8809766
169.902
169.9235095
169.9437074
169.9631846
169.9808915
169.9977849
170.0129599
170.0272768
170.0399611
170.0517608
170.0619885
170.0713151
170.0791315
170.0860457
170.0915419
170.0961772
170.0995129
170.1020754
170.1034699
170.1042011
170.1038824
170.1029575
170.1011329
170.0987581
170.0956802
170.0921614
170.0880796
170.0836794
170.0788686
170.0739059
170.0687295
170.0636028
170.0585261
170.0537143
170.0491216
170.0442193
170.038992
170.0336417
170.0282573
170.0226503
170.0166386
170.0100797
170.0029397
169.9951893
169.9867974
169.9777318
169.9679603
169.9574505
169.94617
169.9340856
169.9211638
169.9073706
169.8926729
169.877038
169.8604347
169.8428327
169.8242033
169.8045189
169.7837534
169.7618824
169.7388831
169.7147342
169.6894156
169.6629087
169.6351958
169.6062606
169.5760874
169.544662
169.511971
169.4780023
169.4427449
169.4061897
169.368329
169.3291574
169.2886715
169.2468705
169.2037565
169.1593344
169.1136123
169.0666014
169.0183166
168.9687759
168.9180011
168.8660178
168.8128552
168.758546
168.7031303
168.6466474
168.589157
168.5306871
168.4713773
168.4108504
168.3497103
168.2883088
168.230198
168.1727587
168.1187507
168.0654835
168.0156777
167.9665732
167.9209047
167.8758806
167.83423
167.7931639
167.7553792
167.7181282
167.6840442
167.6504652
167.619925
167.5898883
167.5627543
167.5361418
167.5122877
167.4889831
167.4682753
167.4481791
167.4303608
167.4130214
167.3973225
167.3823551
167.3684958
167.3555444
167.3435075
167.3323419
167.3219847
167.3123481
167.3033922
167.29507
167.2873308
167.2801246
167.2734064
167.2671366
167.2612712
167.2557582
167.2505412
167.2455684
167.2407795
167.2360255
167.2312793
167.226565
167.2219148
167.2173609
167.2129356
167.2086705
167.2045962
167.2007422
167.197137
167.1938106
167.1907851
167.1880839
167.1857298
167.1837379
167.1821176
167.1808826
167.180049
167.1796533
167.179697
167.1801774
167.1811059
167.1824814
167.1843187
167.186632
167.1894342
167.192738
167.1965568
167.2009024
167.2057863
167.2112205
167.2172189
167.2237953
167.230964
167.2387364
167.2471245
167.2561413
167.2657983
167.2761105
167.2870912
167.298756
167.311117
167.3241861
167.3379799
167.3525094
167.367788
167.3838274
167.4006427
167.4182491
167.436658
167.4558809
167.4759354
167.4968383
167.5186021
167.5412403
167.5647694
167.5892094
167.6145795
167.6408887
167.6681467
167.6963649
167.7255568
167.7557362
167.7869154
167.8191054
167.8523158
167.8865544
167.9218279
167.9581442
167.9955158
168.0339535
168.0734638
168.1140545
168.1557336
168.1985087
168.2423867
168.2873744
168.333478
168.3807032
168.4290554
168.4785394
168.529159
168.5809183
168.6338267
168.6878894
168.7431104
168.7994946
168.8570451
168.9157644
168.975654
169.0367122
169.0989381
169.1623276
169.2268765
169.2925805
169.3594323
169.4274256
169.4965531
169.5668051
169.6381719
169.7106435
169.7842087
169.8588535
169.9345642
170.0113271
170.0891258
170.1679418
170.247758
170.3285552
170.4103125
170.4930073
170.5766168
170.661117
170.7464831
170.8326891
170.919708
171.0075113
171.0960682
171.1853329
171.2753246
171.3660548
171.4574918
171.5495873
171.6422657
171.7354788
171.8292097
171.9234281
172.0180715
172.1131088
172.2085458
172.3043482
172.4004252
172.4966756
172.5931354
172.6898004
172.7866442
172.8836172
172.9806531
173.0776713
173.1745826
173.2713045
173.3677487
173.4637585
173.5592339
173.6540813
173.7481976
173.8414747
173.93381
174.0250423
174.114175
174.1965064
174.2723911
174.3406266
174.4048044
174.4629153
174.5219596
174.5748228
174.6286191
174.6774336
174.7280043
174.7730455
174.8177913
174.858386
174.8999385
174.9389371
174.9769749
175.0111717
175.04268
175.0761076
175.1099607
175.1411315
175.167059
175.1939695
175.2218658
175.2509638
175.2795678
175.3080167
175.3365557
175.364979
175.3940717
175.4233174
175.4530036
175.4824167
175.511574
175.5400675
175.5679445
175.5948082
175.6207847
175.6460005
175.6709468
175.6957677
175.72039
175.7442989
175.7674605
175.7895212
175.8106178
175.8304102
175.8486302
175.8656917
175.8821187
175.8983439
175.9143907
175.9301197
175.9454161
175.9605523
175.975043
175.9885573
176.0007463
176.0123185
176.0237713
176.0354582
176.0476612
176.0605178
176.0740875
176.0882456
176.1028485
176.1176863
176.1325862
176.1474337
176.1621768
176.1767894
176.1912617
176.2055749
176.2197096
176.2336654
176.2474811
176.2612427
176.2750923
176.2892469
176.3040015
176.3197054
176.3367104
176.3553523
176.3758413
176.3982468
176.4224564
176.4481525
176.4748312
176.5018406
176.5284855
176.5540027
176.5780321
176.6009437
176.6231212
176.6449154
176.6666583
176.6886613
176.7111953
176.7345198
176.7588936
176.7845677
176.8117789
176.8407425
176.8716462
176.9038293
176.9307978
176.9498356
176.9601474
176.9668146
176.9778152
176.9928252
177.0113774
177.0331881
177.0579712
177.0854167
177.1151552
177.1468037
177.1799875
177.2142836
177.2493387
177.2846761
177.32
177.3548668
177.3890009
177.4220406
177.453557
177.4834714
177.511803
177.538454
177.5635385
177.5870503
177.6090926
177.6297326
177.6491001
177.6672754
177.6843692
177.7004703
177.7156607
177.7299701
177.7434837
177.7561889
177.7680941
177.7791883
177.7894183
177.7987267
177.8070592
177.8143325
177.8204729
177.8254086
177.8290689
177.8313995
177.832354
177.8318945
177.8299931
177.8266317
177.8218069
177.8154707
177.8076051
177.7982074
177.7872471
177.7746767
177.7604368
177.7444592
177.7266676
177.7069771
177.6852957
177.6615262
177.6355692
177.6073248
177.5766942
177.5435798
177.5078846
177.4695123
177.4283666
177.3843525
177.3373761
177.2873454
177.2341692
177.1777564
177.1180177
177.0548629
176.9882009
176.9179393
176.843984
176.7662387
176.6846048
176.5989806
176.5092616
176.4153406
176.317108
176.2144522
176.1072628
175.9954296
175.8788358
175.7573682
175.6309141
175.4993742
175.3626579
175.2206896
175.0734122
174.9207878
174.7628056
174.5994827
174.4308711
174.2570616
174.0781854
173.8944199
173.7059953
173.5132183
173.3165061
173.1164023
172.9191584
172.7380892
172.5639189
172.389321
172.213789
172.0380654
171.8622663
171.6875843
171.5152382
171.3465911
171.1836918
171.0280316
170.8818021
170.746326
170.6235412
170.5147117
170.4212116
170.3442255
170.2841114
170.2411375
170.214404
170.2041942
170.209199
170.2275334
170.2580791
170.2991225
170.348644
170.4039113
170.4623842
170.5210762
170.5771883
170.6273952
170.6684756
170.6969079
170.7099045
170.7212107
170.740618
170.7719633
170.8154967
170.8644896
170.9148368
170.9704404
171.035651
171.1152471
171.2120454
171.3262606
171.4591036
171.6114783
171.7839848
171.9776557
172.1936438
172.4332098
172.6977199
172.9886926
173.3078244
173.6569785
174.038164
174.4535461
174.9054951
175.3966334
175.9298611
176.5084596
177.1360801
177.8161869
178.5675513
179.4297892
180.4106481
181.5164366
182.7519344
184.1203879
185.6237865
187.263157
189.0387103
190.9497773
192.9982232
195.196287
197.5585629
200.1006353
202.8393105
205.792755
208.9807327
212.4248046
216.1485763
220.1780244
224.5418164
229.2716389
234.4025654
239.9734546
246.0275648
252.6134095
259.7851342
267.6021156
276.1329453
285.4544507
295.6519788
306.821351
319.0703874
332.5189683
347.1908491
362.8536136
378.620076
394.2465604
409.5434344
424.3088356
438.3562338
451.5179739
463.6604442
474.6955396
484.572256
493.2853678
500.8694452
507.3862626
512.9251357
517.5858384
521.4708835
524.6827953
527.3179669
529.4666027
531.2106325
532.6202777
533.7546594
534.6661583
535.3984264
535.9838345
536.453564
536.8342879
537.1446914
537.3991583
537.6093379
537.785143
537.9347864
538.0651703
538.1811809
538.2862106
538.3810503
538.4692284
538.5522039
538.6324114
538.7113336
538.7897744
538.8677008
538.9450457
539.0215425
539.0978713
539.168537
539.2418362
539.3174512
539.3995688
539.4535035
539.5121858
539.5745539
539.6378216
539.706675
539.7767285
539.8517157
539.912048
539.9723382
540.0351056
540.0973466
540.1598286
540.2209082
540.2836475
540.339995
540.3967429
540.4572785
540.5037142
540.5511944
540.606636
540.6641542
540.7186899
540.7714968
540.8229709
540.8721046
540.9217912
540.9629705
541.0127372
541.0650394
541.1163538
541.1668225
541.2134494
541.2575167
541.3000646
541.3475731
541.3926629
541.4361063
541.4782226
541.5123984
541.5570045
541.599063
541.6407435
541.6811214
541.7206187
541.7590963
541.7957256
541.8231785
541.8663535
541.9054964
541.9432684
541.9793889
542.0171858
542.0546324
542.0905246
542.1238466
542.1438315
542.1836264
542.2201573
542.2528403
542.2857429
542.3138642
542.342397
542.3527122
542.3871485
542.4183632
542.4458293
542.473641
542.4963432
542.5206181
542.5233213
542.5560817
542.5835362
542.6072506
542.6315123
542.6506577
542.6707847
542.6698803
542.7021502
542.7266295
542.7499368
542.7687275
542.788495
542.7976547
542.7896779
542.8204636
542.8409429
542.8557077
542.8724319
542.8724842
542.8611814
542.8929183
542.9101188
542.9221818
542.9348281
542.9328581
542.9168635
542.9495993
542.961944
542.9735777
542.9705853
542.9559807
542.9841293
542.9957617
543.004494
543.0145672
543.0173374
543.0121859
542.9898823
543.0240861
543.0352203
543.0453277
543.0511433
543.0466363
543.0284346
543.0598949
543.0723225
543.0830781
543.093021
543.1029513
543.1129528
543.1230934
543.132646
543.1424366
543.1392129
543.1217936
543.1557196
543.1717266
543.1846438
543.1969595
543.2092869
543.2216992
543.2361529
543.2378554
543.2284605
543.2648604
543.2857458
543.3065011
543.3170742
543.3116727
543.3475204
543.3743769
543.3949707
543.4104149
543.4071871
543.444921
543.4744652
543.4972424
543.5173855
543.5176011
543.5576217
543.5891804
543.6165007
543.6390691
543.6429898
543.6859083
543.7212758
543.7503705
543.7758735
543.7803658
543.8238606
543.8617462
543.8903187
543.9171129
543.9204943
543.9638777
544.002501
544.0295409
544.0566483
544.0582316
544.1033754
544.1382799
544.1693941
544.1996583
544.2276162
544.2558513
544.2795983
544.3013236
544.2964557
544.3390026
544.3708106
544.3997397
544.4258778
544.4521411
544.4761046
544.5002303
544.516565
544.50934
544.5534385
544.585186
544.6122646
544.6385174
544.6612028
544.6860637
544.6942012
544.6854373
544.7304449
544.7578302
544.7807032
544.8001585
544.8192016
544.8351554
544.8537006
544.8527979
544.8405906
544.8829632
544.9060427
544.9259734
544.9457889
544.9617753
544.9795779
544.9832359
544.9773772
545.0163986
545.0398316
545.0583515
545.0708001
545.0862026
545.1004235
545.1134883
545.1196865
545.1404135
545.1547658
545.1660746
545.1716845
545.1857337
545.1957186
545.2043686
545.2107115
545.2175759
545.2232607
545.2259027
545.2342925
545.2398732
545.2443342
545.2467422
545.2516742
545.2551307
545.2580471
545.2595714
545.2626585
545.2646184
545.2661755
545.266735
545.2685336
545.2696814
545.2702197
545.2709328
545.2714015
545.2715069
545.2721021
545.2722833
545.2722639
545.2724968
545.2723875
545.2720271
545.2718147
545.2711362
545.2700812
545.2688709
545.2674149
545.2658253
545.2641017
545.2622188
545.2605751
545.2588843
545.257101
545.2551561
545.2534092
545.2515262
545.2494549
545.2470098
545.2451196
545.2430171
545.2407761
545.2385328
545.2362032
545.233559
545.2314689
545.2292357
545.226958
545.2246664
545.22235
545.2200032
545.2176197
545.2151699
545.2126223
545.2101541
545.2075511
545.2048213
545.2019766
545.1990507
545.1959933
545.1928941
545.1896806
545.1864246
545.183081
545.1796819
545.1762187
545.1726904
545.169088
545.1654054
545.1616496
545.1578384
545.1539894
545.1501141
545.1462093
545.142266
545.1382722
545.1342213
545.1301162
545.1259684
545.1217942
545.1176093
545.1134236
545.109238
545.1050472
545.1008457
545.096634
545.0924118
545.088198
545.0840063
545.0798158
545.0756209
545.0714159
545.0672102
545.063004
545.0588055
545.0546386
545.050459
545.0463252
545.0421921
545.0380776
545.0340741
545.0300188
545.0263093
545.0229459
545.020648
545.0201808
545.0239401
545.0316383
545.0228021
544.98591
544.8884957
544.6241193
543.8425054
541.4352893
533.767214
508.870634
438.3585397
362.4350756
347.6691208
346.3504786
346.2454611
346.2369985
346.2363097
346.2362535
346.2362489
346.2362485
346.2362485
346.2362485
346.2362485
346.2362485
346.2362485
346.2362485
346.2362485
346.2362485
346.2362485
346.2362485
346.2362485
346.2362485
346.2362485
346.2362485
346.2362485
346.2362485
346.2362485
346.2362485
346.2362485
346.2362485
346.2362485
346.2362485
346.2362485
346.2362485
346.2362485
346.2362485
346.2362485
346.2362485
346.2362485
346.2362485
346.2362485
346.2362485
346.2362485
346.2362485
346.2362485
346.2362485
346.2362485
346.2362485
346.2362485
346.2362485
346.2362485
346.2362485
346.2362485
346.2362485
346.2362485
346.2362485
346.2362485
346.2362485
346.2362485
346.2362485
346.2362485
346.2362485
346.2362485
346.2362485
346.2362485
346.2362485
346.2362485
346.2362485
346.2362485
346.2362485
346.2362485
346.2362485
346.2362485
346.2362485
346.2362485
346.2362485
346.2362485
346.2362485
346.2362485
346.2362485
346.2362485
346.2362485
346.2362485
346.2362485
346.2362485
346.2362485
346.2362485
346.2362485
346.2362485
346.2362485
346.2362485
346.2362485
346.2362485
346.2362485
346.2362485
346.2362485
346.2362485
346.2362485
346.2362485
346.2362485
346.2362485
346.2362485
346.2362485
346.2362485
346.2362485
346.2362485
346.2362485
346.2362485
346.2362485
346.2362485
346.2362485
346.2362485
346.2362485
346.2362485
346.2362485
346.2362485
346.2362485
346.2362485
346.2362485
346.2362485
346.2362485
346.2362485
346.2362485
346.2362485
346.2362485
346.2362485
346.2362485
346.2362485
346.2362485
346.2362485
346.2362485
346.2362485
346.2362485
346.2362485
346.2362485
346.2362485
346.2362485
346.2362485
346.2362485
346.2362485
346.2362485
346.2362485
346.2362485
346.2362485
346.2362485
346.2362485
346.2362485
346.2362485
346.2362485
346.2362485
346.2362485
346.2362485
346.2362485
346.2362485
346.2362485
346.2362485
346.2362485
346.2362485
346.2362485
346.2362485
346.2362485
346.2362485
346.2362485
346.2362485
346.2362485
346.2362485
346.2362485
346.2362485
346.2362485
346.2362485
346.2362485
346.2362485
346.2362485
346.2362485
346.2362485
346.2362485
346.2362485
346.2362485
346.2362485
346.2362485
346.2362485
346.2362485
346.2362485
346.2362485
346.2362485
346.2362485
346.2362485
346.2362485
346.2362485
346.2362485
346.2362485
346.2362485
346.2362485
346.2362485
346.2362485
346.2362485
346.2362485
346.2362485
346.2362485
346.2362485
346.2362485
346.2362485
346.2362485
346.2362485
346.2362485
346.2362485
346.2362485
346.2362485
346.2362485
346.2362485
346.2362485
346.2362485
346.2362485
346.2362485
346.2362485
346.2362485
346.2362485
346.2362485
346.2362485
346.2362485
346.2362485
346.2362485
346.2362485
346.2362485
346.2362485
346.2362485
346.2362485
346.2362485
346.2362485
346.2362485
346.2362485
346.2362485
346.2362485
346.2362485
346.2362485
346.2362485
346.2362485
346.2362485
346.2362485
346.2362485
346.2362485
346.2362485
346.2362485
346.2362485
346.2362485
346.2362485
346.2362485
346.2362485
346.2362485
346.2362485
346.2362485
346.2362485
346.2362485
346.2362485
346.2362485
346.2362485
346.2362485
346.2362485
346.2362485
346.2362485
346.2362485
346.2362485
346.2362485
346.2362485
346.2362485
346.2362485
346.2362485
346.2362485
346.2362485
346.2362485
346.2362485
346.2362485
346.2362485
346.2362485
346.2362485
346.2362485
346.2362485
346.2362485
346.2362485
346.2362485
346.2362485
346.2362485
346.2362485
346.2362485
346.2362485
346.2362485
346.2362485
346.2362485
346.2362485
346.2362485
346.2362485
346.2362485
346.2362485
346.2362485
346.2362485
346.2362485
346.2362485
346.2362485
346.2362485
346.2362485
346.2362485
346.2362485
346.2362485
346.2362485
346.2362485
346.2362485
346.2362485
346.2362485
346.2362485
346.2362485
346.2362485
346.2362485
346.2362485
346.2362485
346.2362485
346.2362485
346.2362485
346.2362485
346.2362485
346.2362485
346.2362485
346.2362485
346.2362485
346.2362485
346.2362485
346.2362485
346.2362485
346.2362485
346.2362485
346.2362485
346.2362485
346.2362485
346.2362485
346.2362485
346.2362485
346.2362485
346.2362485
346.2362485
346.2362485
346.2362485
346.2362485
346.2362485
346.2362485
346.2362485
346.2362485
346.2362485
346.2362485
346.2362485
346.2362485
346.2362485
346.2362485
346.2362485
346.2362485
346.2362485
346.2362485
346.2362485
346.2362485
346.2362485
346.2362485
346.2362485
346.2362485
346.2362485
346.2362485
346.2362485
346.2362485
346.2362485
346.2362485
346.2362485
346.2362485
346.2362485
346.2362485
346.2362485
346.2362485
346.2362485
346.2362485
346.2362485
346.2362485
346.2362485
346.2362485
346.2362485
346.2362485
346.2362485
346.2362485
346.2362485
346.2362485
346.2362485
346.2362485
346.2362485
346.2362485
346.2362485
346.2362485
346.2362485
346.2362485
346.2362485
346.2362485
346.2362485
346.2362485
346.2362485
346.2362485
346.2362485
346.2362485
346.2362485
346.2362485
346.2362485
346.2362485
346.2362485
346.2362485
346.2362485
346.2362485
346.2362485
346.2362485
346.2362485
346.2362485
346.2362485
346.2362485
346.2362485
346.2362485
346.2362485
346.2362485
346.2362485
346.2362485
346.2362485
346.2362485
346.2362485
346.2362485
346.2362485
346.2362485
346.2362485
346.2362485
346.2362485
346.2362485
346.2362485
346.2362485
346.2362485
346.2362485
346.2362485
346.2362485
346.2362485
346.2362485
346.2362485
346.2362485
346.2362485
346.2362485
346.2362485
346.2362485
346.2362485
346.2362485
346.2362485
346.2362485
346.2362485
346.2362485
346.2362485
346.2362485
346.2362485
346.2362485
346.2362485
346.2362485
346.2362485
346.2362485
346.2362485
346.2362485
346.2362485
346.2362485
346.2362485
346.2362485
346.2362485
346.2362485
346.2362485
346.2362485
346.2362485
346.2362485
346.2362485
346.2362485
346.2362485
346.2362485
346.2362485
346.2362485
346.2362485
346.2362485
346.2362485
346.2362485
346.2362485
346.2362485
346.2362485
346.2362485
346.2362485
346.2362485
346.2362485
346.2362485
346.2362485
346.2362485
346.2362485
346.2362485
346.2362485
346.2362485
346.2362485
346.2362485
346.2362485
346.2362485
346.2362485
346.2362485
346.2362485
346.2362485
346.2362485
346.2362485
346.2362485
346.2362485
346.2362485
346.2362485
346.2362485
346.2362485
346.2362485
346.2362485
346.2362485
346.2362485
346.2362485
346.2362485
346.2362485
346.2362485
346.2362485
346.2362485
346.2362485
346.2362485
346.2362485
346.2362485
346.2362485
346.2362485
346.2362485
346.2362485
346.2362485
346.2362485
346.2362485
346.2362485
346.2362485
346.2362485
346.2362485
346.2362485
346.2362485
346.2362485
346.2362485
346.2362485
346.2362485
346.2362485
346.2362485
346.2362485
346.2362485
346.2362485
346.2362485
346.2362485
346.2362485
346.2362485
346.2362485
346.2362485
346.2362485
346.2362485
346.2362485
346.2362485
346.2362485
346.2362485
346.2362485
346.2362485
346.2362485
346.2362485
346.2362485
346.2362485
346.2362485
346.2362485
346.2362485
346.2362485
346.2362485
346.2362485
346.2362485
346.2362485
346.2362485
346.2362485
346.2362485
346.2362485
346.2362485
346.2362485
346.2362485
346.2362485
346.2362485
346.2362485
346.2362485
346.2362485
346.2362485
346.2362485
346.2362485
346.2362485
346.2362485
346.2362485
346.2362485
346.2362485
346.2362485
346.2362485
346.2362485
346.2362485
346.2362485
346.2362485
346.2362485
346.2362485
346.2362485
346.2362485
346.2362485
346.2362485
346.2362485
346.2362485
346.2362485
346.2362485
346.2362485
346.2362485
346.2362485
346.2362485
346.2362485
346.2362485
346.2362485
346.2362485
346.2362485
346.2362485
346.2362485
346.2362485
346.2362485
346.2362485
346.2362485
346.2362485
346.2362485
346.2362485
346.2362485
346.2362485
346.2362485
346.2362485
346.2362485
346.2362485
346.2362485
346.2362485
346.2362485
346.2362485
346.2362485
346.2362485
346.2362485
346.2362485
346.2362485
346.2362485
346.2362485
346.2362485
346.2362485
346.2362485
346.2362485
346.2362485
346.2362485
346.2362485
346.2362485
346.2362485
346.2362485
346.2362485
346.2362485
346.2362485
346.2362485
346.2362485
346.2362485
346.2362485
346.2362485
346.2362485
346.2362485
346.2362485
346.2362485
346.2362485
346.2362485
346.2362485
346.2362485
346.2362485
346.2362485
346.2362485
346.2362485
346.2362485
346.2362485
346.2362485
346.2362485
346.2362485
346.2362485
346.2362485
346.2362485
346.2362485
346.2362485
346.2362485
346.2362485
346.2362485
346.2362485
346.2362485
346.2362485
346.2362485
346.2362485
346.2362485
346.2362485
346.2362485
346.2362485
346.2362485
346.2362485
346.2362485
346.2362485
346.2362485
346.2362485
346.2362485
346.2362485
346.2362485
346.2362485
346.2362485
346.2362485
346.2362485
346.2362485
346.2362485
346.2362485
346.2362485
346.2362485
346.2362485
346.2362485
346.2362485
346.2362485
346.2362485
346.2362485
346.2362485
346.2362485
346.2362485
346.2362485
346.2362485
346.2362485
346.2362485
346.2362485
346.2362485
346.2362485
346.2362485
346.2362485
346.2362485
346.2362485
346.2362485
346.2362485
346.2362485
346.2362485
346.2362485
346.2362485
346.2362485
346.2362485
346.2362485
346.2362485
346.2362485
346.2362485
346.2362485
346.2362485
346.2362485
346.2362485
346.2362485
346.2362485
346.2362485
346.2362485
346.2362485
346.2362485
346.2362485
346.2362485
346.2362485
346.2362485
346.2362485
346.2362485
346.2362485
346.2362485
346.2362485
346.2362485
346.2362485
346.2362485
346.2362485
346.2362485
346.2362485
346.2362485
346.2362485
346.2362485
346.2362485
346.2362485
346.2362485
346.2362485
346.2362485
346.2362485
346.2362485
346.2362485
346.2362485
346.2362485
346.2362485
346.2362485
346.2362485
346.2362485
346.2362485
346.2362485
346.2362485
346.2362485
346.2362485
346.2362485
346.2362485
346.2362485
346.2362485
346.2362485
346.2362485
346.2362485
346.2362485
346.2362485
346.2362485
346.2362485
346.2362485
346.2362485
346.2362485
346.2362485
346.2362485
346.2362485
346.2362485
346.2362485
346.2362485
346.2362485
346.2362485
346.2362485
346.2362485
346.2362485
346.2362485
346.2362485
346.2362485
346.2362485
346.2362485
346.2362485
346.2362485
346.2362485
346.2362485
346.2362485
346.2362485
346.2362485
346.2362485
346.2362485
346.2362485
346.2362485
346.2362485
346.2362485
346.2362485
346.2362485
346.2362485
346.2362485
346.2362485
346.2362485
346.2362485
346.2362485
346.2362485
346.2362485
346.2362485
346.2362485
346.2362485
346.2362485
346.2362485
346.2362485
346.2362485
346.2362485
346.2362485
346.2362485
346.2362485
346.2362485
346.2362485
346.2362485
346.2362485
346.2362485
346.2362485
346.2362485
346.2362485
346.2362485
346.2362485
346.2362485
346.2362485
346.2362485
346.2362485
346.2362485
346.2362485
346.2362485
346.2362485
346.2362485
346.2362485
346.2362485
346.2362485
346.2362485
346.2362485
346.2362485
346.2362485
346.2362485
346.2362485
346.2362485
346.2362485
346.2362485
346.2362485
346.2362485
346.2362485
346.2362485
346.2362485
346.2362485
346.2362485
346.2362485
346.2362485
346.2362485
346.2362485
346.2362485
346.2362485
346.2362485
346.2362485
346.2362485
346.2362485
346.2362485
346.2362485
346.2362485
346.2362485
346.2362485
346.2362485
346.2362485
346.2362485
346.2362485
346.2362485
346.2362485
346.2362485
346.2362485
346.2362485
346.2362485
346.2362485
346.2362485
346.2362485
346.2362485
346.2362485
346.2362485
346.2362485
346.2362485
346.2362485
346.2362485
346.2362485
346.2362485
346.2362485
346.2362485
346.2362485
346.2362485
346.2362485
346.2362485
346.2362485
346.2362485
346.2362485
346.2362485
346.2362485
346.2362485
346.2362485
346.2362485
346.2362485
346.2362485
346.2362485
346.2362485
346.2362485
346.2362485
346.2362485
346.2362485
346.2362485
346.2362485
346.2362485
346.2362485
346.2362485
346.2362485
346.2362485
346.2362485
346.2362485
346.2362485
346.2362485
346.2362485
346.2362485
346.2362485
346.2362485
346.2362485
346.2362485
346.2362485
346.2362485
346.2362485
346.2362485
346.2362485
346.2362485
346.2362485
346.2362485
346.2362485
346.2362485
346.2362485
346.2362485
346.2362485
346.2362485
346.2362485
346.2362485
346.2362485
346.2362485
346.2362485
346.2362485
346.2362485
346.2362485
346.2362485
346.2362485
346.2362485
346.2362485
346.2362485
346.2362485
346.2362485
346.2362485
346.2362485
346.2362485
346.2362485
346.2362485
346.2362485
346.2362485
346.2362485
346.2362485
346.2362485
346.2362485
346.2362485
)
;

boundaryField
{
    side1
    {
        type            calculated;
        value           uniform 1471.301724;
    }
    side2
    {
        type            calculated;
        value           uniform 346.2362485;
    }
    empty1
    {
        type            empty;
    }
    empty2
    {
        type            empty;
    }
}


// ************************************************************************* //
