/*--------------------------------*- C++ -*----------------------------------*\
| =========                 |                                                 |
| \\      /  F ield         | OpenFOAM: The Open Source CFD Toolbox           |
|  \\    /   O peration     | Version:  2312                                  |
|   \\  /    A nd           | Website:  www.openfoam.com                      |
|    \\/     M anipulation  |                                                 |
\*---------------------------------------------------------------------------*/
FoamFile
{
    version     2.0;
    format      ascii;
    arch        "LSB;label=32;scalar=64";
    class       volScalarField;
    location    "0.003";
    object      p;
}
// * * * * * * * * * * * * * * * * * * * * * * * * * * * * * * * * * * * * * //

dimensions      [1 -1 -2 0 0 0 0];

internalField   nonuniform List<scalar> 
5000
(
100015.1905
99998.17118
99997.54869
99997.59867
99997.59612
99997.59613
99997.60016
99997.59906
99997.60089
99997.60207
99997.60169
99997.60571
99997.59442
99997.60508
99997.5897
99997.61035
99997.59501
99997.59792
99997.59316
99997.60108
99997.59818
99997.59309
99997.60101
99997.59523
99997.60018
99997.59423
99997.59731
99997.59958
99997.5917
99997.60411
99997.59619
99997.59453
99997.59822
99997.59875
99997.59933
99997.60051
99997.59784
99997.60031
99997.59697
99997.59973
99997.5948
99997.60297
99997.60258
99997.59619
99997.60514
99997.59588
99997.59952
99997.59466
99997.60385
99997.59487
99997.59442
99997.59843
99997.59503
99997.60306
99997.5925
99997.60303
99997.5967
99997.60154
99997.60654
99997.59016
99997.60506
99997.60108
99997.59517
99997.60179
99997.5958
99997.60561
99997.58818
99997.60195
99997.5926
99997.59699
99997.5897
99997.60383
99997.59047
99997.60079
99997.59142
99997.59969
99997.59717
99997.59316
99997.59853
99997.59989
99997.58923
99997.60223
99997.58691
99997.60232
99997.60274
99997.59414
99997.59542
99997.6009
99997.59524
99997.60668
99997.58923
99997.5925
99997.6036
99997.59357
99997.6003
99997.59514
99997.607
99997.58984
99997.60331
99997.60043
99997.598
99997.60016
99997.59528
99997.60536
99997.59218
99997.60081
99997.60156
99997.59618
99997.59862
99997.60186
99997.59559
99997.59909
99997.59991
99997.59718
99997.60089
99997.5948
99997.59663
99997.60155
99997.59643
99997.594
99997.60491
99997.60207
99997.59551
99997.60771
99997.5907
99997.60611
99997.598
99997.60646
99997.59651
99997.60503
99997.59712
99997.60377
99997.59875
99997.59765
99997.60108
99997.60169
99997.5955
99997.6058
99997.58838
99997.60768
99997.60666
99997.58912
99997.60057
99997.59567
99997.60288
99997.59432
99997.60787
99997.60125
99997.60676
99997.5982
99997.60353
99997.60607
99997.60008
99997.59889
99997.60141
99997.59718
99997.60397
99997.59419
99997.60389
99997.59973
99997.60463
99997.59595
99997.60063
99997.60616
99997.58894
99997.61069
99997.59783
99997.60333
99997.59803
99997.60915
99997.60059
99997.60852
99997.60484
99997.60771
99997.60725
99997.60344
99997.60394
99997.6205
99997.60367
99997.62089
99997.61835
99997.6248
99997.61958
99997.63244
99997.62861
99997.64119
99997.64072
99997.64523
99997.66186
99997.66304
99997.68558
99997.71568
99997.74848
99997.81771
99997.91846
99998.03391
99998.24925
99998.50438
99998.93071
99999.50282
100000.3598
100001.5702
100003.3315
100005.8359
100009.522
100014.7438
100022.3468
100033.2495
100048.9879
100071.6569
100104.318
100151.3784
100219.1777
100316.8786
100457.6153
100660.3857
100952.4511
101373.2151
101979.2843
102852.2326
104109.5724
105920.503
108528.3744
112284.125
117692.1226
125478.9188
136690.3626
152830.695
176062.0559
209495.0968
257596.2756
326773.5747
426234.867
569110.164
774221.6818
1068197.92
1488955.929
2089334.417
2943958.072
4152872.054
5850053.609
8212096.926
11442050.94
15800317.48
21454396.15
28158610.72
34292796.68
39545095.14
44080032.19
47637432.52
50494643.86
52779502.25
54545861.23
55887098.31
56876937.2
57686451.45
58265039.56
58671234.48
58946196.83
59184242.55
59357250.93
59462264.5
59507317.01
59538100.49
59573593.82
59591383.9
59587027.03
59576078.5
59551698.9
59511686.87
59452813.6
59378505.33
59288632.3
59189175.2
59091211.51
58995765.5
58900784.05
58808211.56
58715659.59
58623358.73
58529103.78
58435223.47
58336275.67
58234387.16
58128251.58
58019410.2
57903299.48
57788729.85
57668993.26
57551556.97
57429896.67
57311191.42
57187725.91
57061107.06
56933882
56801589.52
56667041.01
56532470.42
56395240.73
56258216.31
56119871.36
55980116.86
55836809.35
55693198.16
55547610.83
55398209.54
55250894.6
55101699.12
54953082.01
54802793.48
54655579.86
54504560.62
54353430.96
54201105.67
54046974.41
53892872.92
53736612.81
53581552.32
53424765.82
53269710.93
53112855.17
52959282.02
52799867.87
52642672.83
52484408.29
52328206.86
52169486.97
52010214.86
51849893.11
51691276.39
51529318.48
51366874.61
51207509.91
51046157.85
50884928.7
50722914.07
50559459.74
50396275.41
50232479.62
50067633.39
49905043.17
49740325.4
49577644.58
49413947.13
49247322.15
49082298.26
48915632.55
48748702.03
48582672.3
48415573.96
48249589.57
48082771.62
47917190.76
47750082.33
47585751.52
47418139.65
47253256.02
47085117.67
46919431.72
46753052.88
46584585.19
46418591.55
46252709.13
46084529.07
45919537.29
45752041.03
45586410.04
45420304.77
45253942.96
45088667.22
44922759.11
44756327.48
44589164.94
44422794.09
44255050.26
44087857.31
43920080.7
43753342.51
43586104.54
43420088.59
43253896.51
43089420.76
42922576.44
42759402.22
42593551.38
42429914.1
42264645.33
42103808.01
41939095.89
41776557.71
41614713.39
41454043.05
41293858.65
41132150.68
40971973.67
40809745.14
40651621.1
40489941.21
40330669.69
40169514.75
40011431.12
39851539.7
39694743.75
39536545.8
39380088.12
39223595.03
39065380.15
38908598.9
38752880.92
38594397.43
38438139.26
38279985.44
38123997.24
37967273.85
37811368.28
37656121.01
37500274.29
37346542.08
37191610.47
37038163.27
36884812.05
36729654.55
36576708.54
36421571.79
36267693.04
36111963.7
35958352.84
35802752.98
35648833.91
35494191.7
35338879.55
35184133.65
35028421.08
34875401.03
34722909.46
34569942.66
34418024.91
34266372.28
34114757.75
33963909.29
33813840.7
33662124.31
33511575.78
33361436.33
33209988.2
33061302.14
32911527.55
32763785.4
32615803.99
32466867.17
32320087.97
32173838.13
32026999.41
31880783.96
31735791.45
31588817.03
31444355.38
31299950.58
31156967.47
31012762.64
30869986.16
30726494.01
30584362.99
30442444.34
30300488.17
30157868.81
30016103.43
29874064.1
29732729.55
29590454.18
29449984.03
29308448.8
29168962.7
29028622.95
28890010.94
28750005.4
28611405.5
28472382.65
28332698.55
28194764.97
28055045.67
27916925.88
27777316.83
27640007.11
27501602.9
27364554.89
27228110.69
27090843.5
26955305.65
26819595.84
26685318.83
26549543.16
26415898.05
26283394.02
26149643.62
26018398.71
25887026.71
25756828.71
25627507.38
25497987.38
25370116.74
25241955.18
25116105.81
24990397.36
24866420.52
24743779.58
24621394.2
24500137.64
24380589.11
24260025.65
24141922.13
24022884.56
23906541.48
23789472.21
23673801.38
23559567.46
23445020.72
23332335.85
23220615.52
23108687.65
22998814.12
22888117.48
22779471.54
22671602.26
22563970.14
22457632.44
22352536.92
22246925.18
22142770.71
22040142.93
21936663.94
21834862.7
21733697.62
21633565.3
21534102.2
21434368.73
21336060.6
21238338.33
21140409.35
21044149.84
20947361.69
20852240.64
20757301.18
20663852.11
20570010.34
20478184.77
20386121.62
20295001.24
20205061.69
20115138.17
20026017.65
19938017.99
19850330.67
19763478.41
19677426.7
19591488.07
19506639.72
19421040.93
19337062.06
19253138.23
19171113.58
19088715.73
19008077.03
18926860.83
18847251.23
18767921.51
18689252.65
18611215.67
18533809.96
18456843.84
18380479.84
18304247.27
18228667.47
18153924.51
18079431.4
18004949.83
17930858.96
17857545.59
17784247.24
17711692.14
17639757.32
17568316.72
17496771.13
17426247.85
17355399.13
17285153.96
17215570.19
17146044.46
17077346.46
17008914.15
16940426.83
16872676.19
16804849.43
16737785.39
16670787.8
16604106.2
16537412.17
16471497.27
16405213.48
16339679.1
16273995.56
16208609.32
16143577.44
16078519.99
16013666.49
15949208.09
15885031.72
15821324.82
15757580.31
15694286.76
15631400.72
15568770.2
15506704.52
15444967.15
15383592.6
15322614.68
15261984.03
15201684.62
15141858.64
15082472.36
15023182.34
14964590.04
14905944.54
14848075.29
14790147.28
14732984.9
14675746.67
14618785.35
14562577.42
14506637.57
14451169.04
14396454.88
14341588.8
14287648.69
14234057.7
14181429.15
14128725.4
14077122.56
14025704.35
13974782.03
13924612.6
13874469.15
13824772.43
13775557.53
13726837.56
13678588.23
13631050.53
13583614.17
13536592.22
13489639.3
13443479.87
13397132.21
13351386.23
13305948.63
13260748.88
13215634.66
13170806.56
13125992.12
13081400.42
13037083.35
12992703.86
12948432.9
12904287.89
12860443.24
12816326.65
12772717.37
12729146.02
12686105.49
12643286.52
12600477.07
12558131.55
12515594.21
12473476.9
12431437.82
12389467.33
12347358.12
12305628.98
12263786.14
12222223.74
12180965.5
12139706.04
12098815.49
12058034.08
12017982.12
11977644.67
11937767.91
11897928.77
11858258.68
11818835.88
11779233.34
11740011.99
11700639.95
11661741.04
11622709.89
11584196.64
11545594.62
11507499.53
11469508.4
11431644.74
11394018.74
11356698.59
11319533.55
11282546.71
11245934.06
11209315.1
11172849.05
11136701.89
11100494.72
11064705.06
11029017.73
10993674.09
10958307.8
10923307.26
10888277.09
10853628.2
10819038.57
10784682.53
10750460.64
10716314.32
10682294.42
10648572.98
10614877.44
10581439.59
10548292.62
10515335.64
10482600.32
10450087.36
10417867.86
10385732.29
10353782.16
10322045.88
10290419.93
10258967.84
10227644.6
10196589.69
10165491.56
10134705.72
10104032.1
10073485.75
10043029.69
10012811.02
9982487.466
9952509.684
9922526.993
9892674.707
9863068.826
9833425.854
9804047.505
9774725.9
9745683.122
9716714.482
9687982.87
9659505.465
9630997.023
9602861.919
9574717.818
9546665.731
9518811.33
9490927.805
9463156.299
9435492.714
9408059.606
9380572.811
9353293.687
9326281.391
9299364.03
9272795.651
9246387.697
9220215.47
9194275.974
9168450.818
9142802.318
9117235.81
9091634.839
9066253.666
9040868.249
9015731.975
8990534.176
8965599.256
8940710.368
8915966.773
8891482.938
8867015.555
8842861.957
8818735.185
8794834.309
8771015.226
8747293.063
8723697.123
8700173.428
8676771.292
8653347.707
8630152.108
8606900.936
8583812.917
8560863.979
8538073.52
8515504.219
8493114.512
8470818.36
8448655.229
8426608.948
8404580.157
8382614.65
8360727.138
8338762.59
8316919.432
8294966.271
8273165.959
8251290.365
8229617.385
8207915.491
8186431.57
8165016.092
8143837.096
8122745.675
8101860.888
8080978.519
8060319.806
8039640.017
8019100.339
7998482.873
7978002.217
7957544.592
7937118.896
7916729.659
7896470.403
7876171.574
7856065.064
7835945.488
7816034.979
7796206.144
7776588.249
7757093.022
7737827.33
7718683.757
7699687.999
7680814.955
7661917.781
7643106.898
7624241.846
7605395.763
7586473.114
7567516.011
7548529.51
7529479.473
7510410.384
7491401.518
7472411.63
7453544.326
7434782.839
7416188.777
7397743.054
7379471.087
7361362.668
7343444.306
7325716.282
7308153.747
7290710.323
7273416.517
7256190.103
7239035.395
7221900.793
7204823.897
7187711.059
7170650.736
7153558.23
7136460.269
7119424.634
7102333.971
7085355.645
7068362.326
7051414.665
7034590.691
7017754.049
7001063.731
6984407.22
6967900.987
6951382.619
6935044.069
6918684.747
6902497.877
6886297.433
6870274.988
6854254.952
6838417.558
6822566.582
6806869.727
6791205.174
6775652.685
6760226.978
6744761.523
6729443.245
6714110.443
6698925.119
6683771.799
6668732.026
6653735.431
6638768.488
6623876.253
6608974.084
6594175.548
6579355.716
6564624.831
6549891.593
6535253.413
6520587.918
6506027.85
6491453.889
6476951.485
6462471.856
6448040.108
6433636.291
6419299.092
6404971.537
6390646.565
6376400.969
6362113.946
6347931.929
6333732.201
6319578.549
6305503.781
6291436.139
6277481.936
6263625.624
6249827.871
6236161.639
6222601.006
6209173.761
6195784.516
6182520.034
6169276.538
6156077.616
6142899.211
6129692.4
6116505.36
6103278.583
6090029.508
6076772.764
6063482.002
6050193.967
6036960.194
6023708.288
6010547.66
5997458.944
5984436.38
5971535.737
5958710.031
5946009.483
5933358.73
5920837.934
5908336.428
5895891.824
5883483.089
5871040.379
5858664.592
5846319.724
5833981.301
5821686.396
5809496.961
5797316.225
5785281.243
5773326.829
5761487.895
5749776.167
5738115.682
5726598.724
5715079.882
5703653.251
5692234.593
5680834.816
5669463.644
5658061.3
5646700.233
5635302.833
5623956.97
5612581.135
5601270.317
5589936.976
5578673.597
5567395.037
5556180.737
5544960.178
5533799.291
5522634.318
5511529.062
5500419.593
5489383.624
5478331.846
5467352.389
5456393.746
5445526.441
5434708.993
5424000.894
5413369.483
5402827.517
5392377.205
5381943.883
5371542.341
5361185.772
5350821.721
5340490.5
5330153.331
5319803.384
5309445.171
5299131.872
5288878.597
5278681.098
5268589.006
5258609.904
5248733.554
5239000.999
5229390.912
5219881.787
5210474.766
5201102.446
5191778.736
5182447.339
5173135.987
5163815.346
5154459.123
5145111.638
5135700.761
5126310.397
5116895.078
5107515.783
5098171.603
5088868.07
5079621.255
5070436.61
5061314.081
5052255.897
5043276.312
5034335.723
5025446.356
5016569.682
5007669.902
4998758.357
4989822.61
4980837.273
4971816.328
4962750.559
4953623.612
4944461.883
4935286.594
4926093.992
4916928.039
4907780.275
4898656.991
4889579.396
4880536.248
4871524.107
4862546.146
4853569.86
4844602.755
4835614.569
4826611.027
4817594
4808548.006
4799496.419
4790414.775
4781355.638
4772295.414
4763290.518
4754327.615
4745421.477
4736565.362
4727786.793
4719075.131
4710428.129
4701869.489
4693350.271
4684899.986
4676448.073
4668057.795
4659671.306
4651310.35
4642956.024
4634651.888
4626339.19
4618086.31
4609852.292
4601646.244
4593485.266
4585320.191
4577211.064
4569122.391
4561078.165
4553036.994
4545052.347
4537081.819
4529183.924
4521313.713
4513509.23
4505781.35
4498102.581
4490515.158
4483007.374
4475557.587
4468197.114
4460884.433
4453641.008
4446396.189
4439210.651
4432031.349
4424867.641
4417724.745
4410568.441
4403434.752
4396292.375
4389152.369
4382009.125
4374864.181
4367702.497
4360537.772
4353350.347
4346160.019
4338951.877
4331734.244
4324521.341
4317296.827
4310100.238
4302918.545
4295773.104
4288654.04
4281575.52
4274538.835
4267541.574
4260583.211
4253667.755
4246762.838
4239889.687
4233039.125
4226190.614
4219378.8
4212548.48
4205751.702
4198950.561
4192163.276
4185402.057
4178641.986
4171897.392
4165166.153
4158444.466
4151711.323
4144995.19
4138272.6
4131568.154
4124859.431
4118165.526
4111491.838
4104828.411
4098179.592
4091560.683
4084972.432
4078413.98
4071876.8
4065387.161
4058924.098
4052497.77
4046101.787
4039732.688
4033407.985
4027090.025
4020823.206
4014587.604
4008380.177
4002213.512
3996054.255
3989944.186
3983839.006
3977771.383
3971706.747
3965660.743
3959616.647
3953598.023
3947569.196
3941578.439
3935598.126
3929645.399
3923722.115
3917835.107
3911974.257
3906144.2
3900349.162
3894561.987
3888807.35
3883053.977
3877318.737
3871583.287
3865847.083
3860125.909
3854397.959
3848668.271
3842943.824
3837215.768
3831484.937
3825750.568
3820020.789
3814279.01
3808540.336
3802782.807
3797027.101
3791255.937
3785474.281
3779696.857
3773902.113
3768089.376
3762265.602
3756429.271
3750588.951
3744722.018
3738836.027
3732932.44
3726980.983
3721013.938
3714996.047
3708931.749
3702839.677
3696673.725
3690493.721
3684245.474
3677982.491
3671670.229
3665336.336
3659010.951
3652714.747
3646425.481
3640191.855
3633961.226
3627789.082
3621619.661
3615511.967
3609407.685
3603367.26
3597344.119
3591382.249
3585455.879
3579587.792
3573780.193
3568023.023
3562329.069
3556698.526
3551094.198
3545552.529
3540034.495
3534565.609
3529109.661
3523676.139
3518296.367
3512916.782
3507585.104
3502264.706
3497010.217
3491768.569
3486592.097
3481434.462
3476325.358
3471246.663
3466215.552
3461190.679
3456211.944
3451236.404
3446300.198
3441359.968
3436450.725
3431536.108
3426645.704
3421756.993
3416877.317
3411999.467
3407131.977
3402265.303
3397391.629
3392512.855
3387624.583
3382722.291
3377814.507
3372881.308
3367949.51
3362995.162
3358050.101
3353117.307
3348204.047
3343324.552
3338469.324
3333662.843
3328887.751
3324150.831
3319456.036
3314793.388
3310166.54
3305583.142
3301025.703
3296520.991
3292032.616
3287592.955
3283183.349
3278821.838
3274495.446
3270222.399
3265970.587
3261784.035
3257620.059
3253513.961
3249420.884
3245386.336
3241374.496
3237397.422
3233444.417
3229535.197
3225643.726
3221800.036
3217974.057
3214197.061
3210447.329
3206743.968
3203065.497
3199421.999
3195824.203
3192242.214
3188699.408
3185182.421
3181688.843
3178232.583
3174790.514
3171389.896
3168013.018
3164674.784
3161384.245
3158137.875
3154940.009
3151789.853
3148706.192
3145668.231
3142691.241
3139762.799
3136887.159
3134043.813
3131239.243
3128458.407
3125693.18
3122941.055
3120187.026
3117434.795
3114675.394
3111907.973
3109129.127
3106335.909
3103530.275
3100713.318
3097886.833
3095044.064
3092195.128
3089326.425
3086451.088
3083565.91
3080668.128
3077767.825
3074854.587
3071938.636
3069015.777
3066086.244
3063156.802
3060225.47
3057287.82
3054347.545
3051394.455
3048422.976
3045429.131
3042394.851
3039332.809
3036208.119
3033037.245
3029807.595
3026515.146
3023151.354
3019718.891
3016213.497
3012646.824
3009018.826
3005340.742
3001621.419
2997881.454
2994121.196
2990358.089
2986610.193
2982886.719
2979205.1
2975568.165
2971981.238
2968443.466
2964956.164
2961510.33
2958103.634
2954725.94
2951371.14
2948025.414
2944675.731
2941317.911
2937944.077
2934548.913
2931132.653
2927700.791
2924256.083
2920800.229
2917347.278
2913898.708
2910465.24
2907048.351
2903644.574
2900261.831
2896885.125
2893520.495
2890155.493
2886791.661
2883425.992
2880052.662
2876673.063
2873282.117
2869881.939
2866473.169
2863052.454
2859637.18
2856224.271
2852828.543
2849446.061
2846084.766
2842743.007
2839427.103
2836137.102
2832875.34
2829644.803
2826446.039
2823275.086
2820134.332
2817018.617
2813925.757
2810855.221
2807800.663
2804748.65
2801706.64
2798662.348
2795619.234
2792569.739
2789517.161
2786453.801
2783381.629
2780298.76
2777199.427
2774086.862
2770961.459
2767820.393
2764671.632
2761505.383
2758340.006
2755158.045
2751976.171
2748782.227
2745583.825
2742370.903
2739155.717
2735925.261
2732685.548
2729426.326
2726145.04
2722847.447
2719513.008
2716152.767
2712760.838
2709329.017
2705858.646
2702354.381
2698796.33
2695215.658
2691584.685
2687918.575
2684220.048
2680484.11
2676731.109
2672949.881
2669159.725
2665386.004
2661625.876
2657893.243
2654168.423
2650469.901
2646797.25
2643134.537
2639496.401
2635873.074
2632279.656
2628696.61
2625141.765
2621605.767
2618091.983
2614607.034
2611136.682
2607697.451
2604278.23
2600875.259
2597488.696
2594120.624
2590756.165
2587406.161
2584060.049
2580718.811
2577383.282
2574046.047
2570716.642
2567382.123
2564058.059
2560733.934
2557432.235
2554144.618
2550884.442
2547650.258
2544449.177
2541281.102
2538145.895
2535041.954
2531972.832
2528935.169
2525929.751
2522949.964
2519991.282
2517043.692
2514097.047
2511141.981
2508169.601
2505170.717
2502144.556
2499084.817
2495999.197
2492892.565
2489778.346
2486667.791
2483559.346
2480470.812
2477415.256
2474400.12
2471445.855
2468548.153
2465717.819
2462962.659
2460288.353
2457691.831
2455178.932
2452751.101
2450398.941
2448118.216
2445901.357
2443739.785
2441621.938
2439552.85
2437512.552
2435513.803
2433534.61
2431592.052
2429667.348
2427778.722
2425910.576
2424080.312
2422271.931
2420499.753
2418750.709
2417028.855
2415329.562
2413651.624
2411990.954
2410344.081
2408709.311
2407077.99
2405455.377
2403835.857
2402219.661
2400608.917
2399010.635
2397419.405
2395840.575
2394278.814
2392734.005
2391207.997
2389700.092
2388210.507
2386739.98
2385286.261
2383848.867
2382425.039
2381011.204
2379602.923
2378196.862
2376784.963
2375366.413
2373930.118
2372475.943
2370994.455
2369483.364
2367938.511
2366352.457
2364725.45
2363051.903
2361329.339
2359555.3
2357731.801
2355855.062
2353928.328
2351950.767
2349929.019
2347861.093
2345754.927
2343609.61
2341429.688
2339220.009
2336982.824
2334724.056
2332444.508
2330152.032
2327860.217
2325573.185
2323295.268
2321026.335
2318769.021
2316523.568
2314291.454
2312074.119
2309867.559
2307677.287
2305492.148
2303317.195
2301143.782
2298974.696
2296803.503
2294630.295
2292453.04
2290268.489
2288078.316
2285882.629
2283679.507
2281472.01
2279268.808
2277069.288
2274879.452
2272703.356
2270540.301
2268390.124
2266256.324
2264136.788
2262033.613
2259942.828
2257864.685
2255794.668
2253728.681
2251664.919
2249604.325
2247541.895
2245486.036
2243432.289
2241385.739
2239345.492
2237312.919
2235291.473
2233280.281
2231283.012
2229298.085
2227328.292
2225371.623
2223429.9
2221495.167
2219566.015
2217634.506
2215697.361
2213748.057
2211782.878
2209797.392
2207790.82
2205757.324
2203693.151
2201598.233
2199471.69
2197313.248
2195126.98
2192911.479
2190671.971
2188413.794
2186134.992
2183837.298
2181522.406
2179189.116
2176843.177
2174469.013
2172079.263
2169659.658
2167219.945
2164746.424
2162244.463
2159712.652
2157148.243
2154557.221
2151933.614
2149288.36
2146614.299
2143925.974
2141214.699
2138504.726
2135801.315
2133107.957
2130431.777
2127759.509
2125105.058
2122463.262
2119841.09
2117231.03
2114645.192
2112072.236
2109529.717
2107001.882
2104499.514
2102020.364
2099566.115
2097130.045
2094715.651
2092323.43
2089945.943
2087588.312
2085243.67
2082914.691
2080593.334
2078292.23
2075997.009
2073719.851
2071451.84
2069198.147
2066954.929
2064729.152
2062512.283
2060313.022
2058122.722
2055949.512
2053782.375
2051628.731
2049482.843
2047346.753
2045216.34
2043089.322
2040967.022
2038849.706
2036735.497
2034629.772
2032529.17
2030442.721
2028363.435
2026303.016
2024252.844
2022222.014
2020206.108
2018214.453
2016239.24
2014290.894
2012362.748
2010464.604
2008594.907
2006757.217
2004952.889
2003183.247
2001450.032
1999754.325
1998091.452
1996467.765
1994878.258
1993324.614
1991807.373
1990318.021
1988859.086
1987422.465
1986007.295
1984607.532
1983221.705
1981849.692
1980486.749
1979133.487
1977786.333
1976446.139
1975115.402
1973791.133
1972479.556
1971180.506
1969898.804
1968636.727
1967396.224
1966181.834
1964992.237
1963830.81
1962693.942
1961588.264
1960508.064
1959458.21
1958432.171
1957434.283
1956457.486
1955502.117
1954563.408
1953641.344
1952726.714
1951819.807
1950914.444
1950009.13
1949099.068
1948181.548
1947253.171
1946309.788
1945349.653
1944370.256
1943368.469
1942345.635
1941298.568
1940227.344
1939136.113
1938019.893
1936885.517
1935728.93
1934556.456
1933363.548
1932160.898
1930940.281
1929713.801
1928473.226
1927230.423
1925977.185
1924718.364
1923455.982
1922184.287
1920912.874
1919632.039
1918349.191
1917058.259
1915758.969
1914448.148
1913123.512
1911783.623
1910426.648
1909051.018
1907656.563
1906244.877
1904815.764
1903372.825
1901919.571
1900457.878
1898991.976
1897522.791
1896055.062
1894593.804
1893143.305
1891705.458
1890282.06
1888876.229
1887489.753
1886122.92
1884775.074
1883445.134
1882129.16
1880823.512
1879526.709
1878231.853
1876934.074
1875629.034
1874310.054
1872973.552
1871616.831
1870238.389
1868836.954
1867413.949
1865969.302
1864506.051
1863025.684
1861531.211
1860027.531
1858515.527
1856998.851
1855476.273
1853951.498
1852423.623
1850891.835
1849356.429
1847811.517
1846260.842
1844696.129
1843120.366
1841523.665
1839911.413
1838274.406
1836617.376
1834931.038
1833215.194
1831470.751
1829690.03
1827879.601
1826031.327
1824147.292
1822224.486
1820266.999
1818272.42
1816245.665
1814187.162
1812095.588
1809981.523
1807840.736
1805686.302
1803525.4
1801366.024
1799213.947
1797067.791
1794932.918
1792810.979
1790704.482
1788617.987
1786553.266
1784510.684
1782493.608
1780503.638
1778537.895
1776597.153
1774679.408
1772784.395
1770908.79
1769052.299
1767214.057
1765389.896
1763579.677
1761782.74
1759996.913
1758221.952
1756460.899
1754710.621
1752974.608
1751253.844
1749548.05
1747860.349
1746187.997
1744535.264
1742898.269
1741278.5
1739675.101
1738085.274
1736509.203
1734946.677
1733393.734
1731852.563
1730320.526
1728798.029
1727283.311
1725777.089
1724276.889
1722782.523
1721291.052
1719802.596
1718319.092
1716848.567
1715401.344
1713978.536
1712579.978
1711207.218
1709858.432
1708531.836
1707229.585
1705945.133
1704682.514
1703436.436
1702205.12
1700989.147
1699783.381
1698591.992
1697406.199
1696228.722
1695054.615
1693886.836
1692717.491
1691548.876
1690376.968
1689201.073
1688017.592
1686822.574
1685614.589
1684384.849
1683135.673
1681858.511
1680550.657
1679216.656
1677893.081
1676594.674
1675328.127
1674100.89
1672918.144
1671784.66
1670706.79
1669683.333
1668718.574
1667808.913
1666954.433
1666152.978
1665398.721
1664686.293
1664013.757
1663372.767
1662762.406
1662173.09
1661603.68
1661046.867
1660502.53
1659964.607
1659432.674
1658903.718
1658376.162
1657848.283
1657319.996
1656789.866
1656255.894
1655716.239
1655168.909
1654610.428
1654038.893
1653450.656
1652844.647
1652217.523
1651567.267
1650889.368
1650182.993
1649447.572
1648683.544
1647889.48
1647069.203
1646222.449
1645354.399
1644463.263
1643554.577
1642630.203
1641694.367
1640758.802
1639821.143
1638880.571
1637935.086
1636983.695
1636025.012
1635057.22
1634080.017
1633093.075
1632095.882
1631089.831
1630074.877
1629053.52
1628028.568
1627001.9
1625975.32
1624951.439
1623931.482
1622917.247
1621911.201
1620913.563
1619925.83
1618946.933
1617977.043
1617015.334
1616059.712
1615107.704
1614155.86
1613204.668
1612246.858
1611284.052
1610310.595
1609325.225
1608323.619
1607302.865
1606261.489
1605198.711
1604113.695
1603005.133
1601873.302
1600714.108
1599531.418
1598319.534
1597084.185
1595818.227
1594523.903
1593202.421
1591849.567
1590469.301
1589058.048
1587618.821
1586152.669
1584658.619
1583142.538
1581601.547
1580042.338
1578463.523
1576874.125
1575272.315
1573662.32
1572048.598
1570431.719
1568817.328
1567205.045
1565598.518
1563996.474
1562397.383
1560800.142
1559199.436
1557597.052
1555986.456
1554374.17
1552760.731
1551147.596
1549535.887
1547927.047
1546320.668
1544720.179
1543122.894
1541532.354
1539949.161
1538377.235
1536815.12
1535268.168
1533736.184
1532221.073
1530728.11
1529254.609
1527806.825
1526382.223
1524986.495
1523617.721
1522280.176
1520973.249
1519695.186
1518448.715
1517229.3
1516039.269
1514872.731
1513731.347
1512610.129
1511509.034
1510424.722
1509354.438
1508297.671
1507250.184
1506211.052
1505177.595
1504147.919
1503119.447
1502091.119
1501057.899
1500018.793
1498968.416
1497905.842
1496825.029
1495724.553
1494597.566
1493440.323
1492266.474
1491094.241
1489928.685
1488775.325
1487633.925
1486509.821
1485401.281
1484310.93
1483236.997
1482180.693
1481138.888
1480111.403
1479095.851
1478090.597
1477094.607
1476103.367
1475116.018
1474130.837
1473145.915
1472159.398
1471167.13
1470165.034
1469149.274
1468117.054
1467060.697
1465976.445
1464857.224
1463699.778
1462500.797
1461259.777
1460015.314
1458806.032
1457639.832
1456522.324
1455463.24
1454464.417
1453533.076
1452669.368
1451876.393
1451154.394
1450501.244
1449914.784
1449392.346
1448929.49
1448520.578
1448159.786
1447842.565
1447562.081
1447312.402
1447088.373
1446883.959
1446694.154
1446513.621
1446338.987
1446166.746
1445992.474
1445813.124
1445625.724
1445427.919
1445216.736
1444986.804
1444733.033
1444452.448
1444142.616
1443800.122
1443420.945
1443002.299
1442545.258
1442048.88
1441516.183
1440946.585
1440345.243
1439713.018
1439054.657
1438370.293
1437663.528
1436935.624
1436188.457
1435421.753
1434634.91
1433831.965
1433019.68
1432199.055
1431372.889
1430542.413
1429708.755
1428872.237
1428034.106
1427194.681
1426355.901
1425520.321
1424690.788
1423870.008
1423059.238
1422259.134
1421470.598
1420695.016
1419932.871
1419184.733
1418449.149
1417725.284
1417010.098
1416301.252
1415594.875
1414887.408
1414173.564
1413447.113
1412705.555
1411941.348
1411152.67
1410333.23
1409481.976
1408597.816
1407678.031
1406722.511
1405732.493
1404706.878
1403650.043
1402560.17
1401443.433
1400297.789
1399129.377
1397935.193
1396721.062
1395484.111
1394228.493
1392952.476
1391660.209
1390349.262
1389022.781
1387679.415
1386322.429
1384947.616
1383558.048
1382152.135
1380738.736
1379323.606
1377910.871
1376503.309
1375103.098
1373716.407
1372342.288
1370986.702
1369650.462
1368338.512
1367050.151
1365788.27
1364553.528
1363347.139
1362167.831
1361016.225
1359890.617
1358790.935
1357714.854
1356662.377
1355630.945
1354619.027
1353626.094
1352651.67
1351692.624
1350749.972
1349820.922
1348906.386
1348003.556
1347111.692
1346229.224
1345354.246
1344485.105
1343620.396
1342756.452
1341891.352
1341023.129
1340149.768
1339268.861
1338378.85
1337478.054
1336564.582
1335637.752
1334697.258
1333742.264
1332771.449
1331785.663
1330782.236
1329762.244
1328726.72
1327673.552
1326605.859
1325519.747
1324416.715
1323296.154
1322162.182
1321046.262
1319957.688
1318899.18
1317875.846
1316893.084
1315949.85
1315048.326
1314188.181
1313365.303
1312575.848
1311818.559
1311084.166
1310369.262
1309666.938
1308974.434
1308282.02
1307590.42
1306895.943
1306196.023
1305485.39
1304758.928
1304009.741
1303234.98
1302428.983
1301585.464
1300706.935
1299788.392
1298831.968
1297871.757
1296941.203
1296034.825
1295163.197
1294332.311
1293532.342
1292782.999
1292071.685
1291408.461
1290792.668
1290213.59
1289681.483
1289173.638
1288717.372
1288272.876
1287870.662
1287472.696
1287110.019
1286755.135
1286429.626
1286113.044
1285827.894
1285548.259
1285300.387
1285065.334
1284835.232
1284636.157
1284427.72
1284251.662
1284065.214
1283894.661
1283720.057
1283558.117
1283390.269
1283204.701
1283026.872
1282823.636
1282587.584
1282315.818
1282039.839
1281695.056
1281361.841
1280982.952
1280567.116
1280151.187
1279682.015
1279215.992
1278712.913
1278187.539
1277664.77
1277087.91
1276529.685
1275921.96
1275328.496
1274693.35
1274062.515
1273410.35
1272723.073
1272069.228
1271360.369
1270694.663
1269978.729
1269318.305
1268626.515
1268016.515
1267360.723
1266700.503
1266074.347
1265445.236
1264795.155
1264176.96
1263533.583
1262872.511
1262242.376
1261569.701
1260898.98
1260212.455
1259507.328
1258862.582
1258116.746
1256472.462
1253548.772
1245116.762
1235600.652
1239464.244
1243672.041
1243832.175
1247426.372
1247834.687
1264231.525
1247448.108
1238095.059
1231218.4
1230812.184
1240782.366
1235241.841
1234139.413
1234154.854
1234195.575
1234019.744
1233702.618
1233339.086
1232514.687
1231746.914
1231460.003
1230830.273
1230362.068
1230038.738
1229864.135
1229660.829
1229665.89
1229601.332
1229598.624
1229595.534
1229625.031
1229650.375
1229688.052
1229717.091
1229723.098
1229706.713
1229676.42
1229604.409
1229485.097
1229342.296
1229104.107
1228862.618
1228527.335
1228197.741
1227811.378
1227428.032
1227033.691
1226649.726
1226284.56
1225947.352
1225644.032
1225377.06
1225146.323
1224950.014
1224784.754
1224645.977
1224528.937
1224429.365
1224342.887
1224264.817
1224191.306
1224119.646
1224048.126
1223973.049
1223890.581
1223795.997
1223684.703
1223551.982
1223392.926
1223203.442
1222981.639
1222727.667
1222441.802
1222124.113
1221777.202
1221405.227
1221010.049
1220594.998
1220168.225
1219724.8
1219291.388
1218841.388
1218413.442
1217970.931
1217563.124
1217151.656
1216779.927
1216425.969
1216104.447
1215812.353
1215545.059
1215307.051
1215086.953
1214885.073
1214692.053
1214504.053
1214316.38
1214127.775
1213937.426
1213743.976
1213545.576
1213340.599
1213127.479
1212904.356
1212669.213
1212420.534
1212155.657
1211874.731
1211578.159
1211271.118
1210912.851
1210626.013
1210161.996
1209905.066
1209481.763
1209085.003
1208673.476
1208257.921
1207839.129
1207409.464
1206976.878
1206542.31
1206107.689
1205673.981
1205241.434
1204809.291
1204377.111
1203944.368
1203510.906
1203077.627
1202645.852
1202216.804
1201791.521
1201371.206
1200957.528
1200551.015
1200150.865
1199762.907
1199405.941
1199034.125
1198690.345
1198358.564
1198044.724
1197734.196
1197389.976
1197035.37
1196722.164
1196453.106
1196345.972
1196094.693
1195689.025
1195282.489
1194983.062
1194594.821
1194517.008
1194263.6
1193765.781
1193277.276
1192942.122
1192443.346
1192346.883
1192007.883
1191431.718
1190980.78
1190512.791
1189922.852
1189704.333
1189161.164
1188615.241
1188186.924
1187525.764
1187195.992
1186507.645
1186142.065
1185442.563
1185129.642
1184407.926
1184045.839
1183386.273
1182876.556
1182341.23
1181800.528
1181254.551
1180704.026
1180143.559
1179570.635
1178985.105
1178387.305
1177777.622
1177156.397
1176523.498
1175878.798
1175222.359
1174555.376
1173880.007
1173198.309
1172513.88
1171831.986
1171158.828
1170498.129
1169851.497
1169218.96
1168596.877
1167996.6
1167395.772
1166842.465
1166230.448
1165736.892
1165120.141
1164629.839
1164026.802
1163534.831
1162932.61
1162436.74
1161832.633
1161325.218
1160722.219
1160194.278
1159597.427
1159043.238
1158453.261
1157874.951
1157284.81
1156692.463
1156096.218
1155494.18
1154890.784
1154274.067
1153664.815
1153035.243
1152419.127
1151776.906
1151153.718
1150504.068
1149845.948
1149199.023
1148531.012
1147856.839
1147177.343
1146493.6
1145800.404
1145099.618
1144395.387
1143683.394
1142967.16
1142246.676
1141522.266
1140795.539
1140065.965
1139333.681
1138599.069
1137863.082
1137125.758
1136387.02
1135647.03
1134906.013
1134164.085
1133421.281
1132677.623
1131933.081
1131187.872
1130441.086
1129696.087
1128944.138
1128207.639
1127439.723
1126720.277
1125921.816
1125233.713
1124414.521
1123731.849
1122921.69
1122231.687
1121435.443
1120736.636
1119954.565
1119247.432
1118477.83
1117763.061
1117003.304
1116280.944
1115526.681
1114801.237
1114040.513
1113313.637
1112543.335
1111812.605
1111031.412
1110295.538
1109502.053
1108761.226
1107954.131
1107208.256
1106387.436
1105637.938
1104806.494
1104050.217
1103211.161
1102449.083
1101603.62
1100836.894
1099986.575
1099216.347
1098362.753
1097590.01
1096734.56
1095960.228
1095104.171
1094329.279
1093472.769
1092695.637
1091841.183
1091064.432
1090213.162
1089434.026
1088588.258
1087794.589
1086973.969
1086168.602
1085343.893
1084535.145
1083715.363
1082902.992
1082080.844
1081264.248
1080438.514
1079616.353
1078786.025
1077958.046
1077123.062
1076289.121
1075448.984
1074610.75
1073764.433
1072917.982
1072066.281
1071212.8
1070355.672
1069496.516
1068632.382
1067766.475
1066896.72
1066023.027
1065146.616
1064266.958
1063383.817
1062497.403
1061608.133
1060715.652
1059820.472
1058922.193
1058021.432
1057117.813
1056211.87
1055303.26
1054392.434
1053479.029
1052563.479
1051645.316
1050725.078
1049802.047
1048877.114
1047948.984
1047019.406
1046084.535
1045155.55
1044207.613
1043278.988
1042309.903
1041395.891
1040404.314
1039490.549
1038492.619
1037571.255
1036570.29
1035639.638
1034636.704
1033696.528
1032692.398
1031742.748
1030738.216
1029778.948
1028775.283
1027805.413
1026805.267
1025823.982
1024826.18
1023838.445
1022838.512
1021847.052
1020843.24
1019849.634
1018842.17
1017846.7
1016835.451
1015838.389
1014823.375
1013824.829
1012806.113
1011806.144
1010783.684
1009782.361
1008755.967
1007754.111
1006722.702
1005718.545
1004682.891
1003679.263
1002638.202
1001632.104
1000587.245
999578.4674
998529.7814
997517.9385
996465.5254
995450.2886
994394.2848
993375.3389
992315.9405
991292.9824
990230.4579
989203.1741
988137.9199
987105.8613
986038.5811
985000.4661
983933.8592
982888.7419
981821.4381
980768.5455
979705.422
978648.4058
977575.5461
976518.5447
975443.6031
974383.2715
973305.6517
972241.7388
971161.7836
970094.2526
969012.1366
967941.0574
966856.9983
965782.3098
964696.2062
963617.7576
962528.8271
961448.8066
960357.8747
959275.8472
958179.1456
957095.6774
955996.9111
954910.5894
953809.5918
952720.4493
951617.4239
950525.4162
949420.5199
948325.6599
947218.9714
946121.3654
945012.9465
943912.7491
942802.6506
941700.0416
940588.3233
939483.4941
938370.1879
937263.3412
936148.5192
935039.8908
933923.4956
932813.2724
931695.3104
930583.6281
929464.1227
928351.069
927230.0289
926115.6797
924993.105
923877.5436
922753.41
921636.7895
920510.993
919393.3782
918265.9461
917147.3803
916018.3217
914898.8348
913768.1593
912647.7938
911515.5017
910394.3629
909260.3985
908139.0805
907002.7958
905880.3182
904742.6678
903620.8889
902480.8997
901358.5242
900217.2033
899094.3815
897951.8142
896828.5567
895684.8501
894561.1658
893416.3594
892292.2269
891146.3054
890021.6647
888874.6005
887749.3564
886601.1229
885475.1719
884325.7327
883198.9641
882048.2526
880920.5167
879768.4237
878639.5012
877485.883
876355.4819
875200.1872
874067.9729
872910.8777
871776.4951
870617.5429
869480.5653
868319.8852
867179.2357
866017.9592
864873.0104
863713.1942
862559.1855
861405.0183
860246.2543
859089.1836
857927.6429
856769.2446
855606.8711
854446.6075
853282.848
852120.9919
850956.1018
849793.0535
848627.3609
847463.3624
846297.1348
845132.4298
843965.8491
842801.0554
841635.0905
840470.8415
839302.5566
838137.5457
836970.5532
835805.4719
834639.0659
833474.0074
832307.6121
831142.8014
829976.2066
828812.8053
827647.0803
826484.2471
825317.7905
824155.1028
822994.5306
821831.6346
820667.7149
819507.5689
818348.6445
817189.2107
816029.375
814869.3033
813710.502
812553.1771
811396.7706
810240.7092
809084.7781
807929.0711
806773.757
805618.9091
804464.4786
803310.3568
802156.442
801002.6671
799848.9898
798695.3689
797541.7544
796388.1097
795234.3956
794080.5771
792926.6281
791772.5337
790618.2862
789463.8821
788309.3172
787154.5841
785999.6705
784844.5579
783689.2216
782533.6305
781377.7477
780221.5314
779064.9356
777907.911
776750.4061
775592.3682
774433.7438
773274.4796
772114.5237
770953.8264
769792.3419
768630.0289
767466.8528
766302.7861
765137.8125
763971.9162
762805.1639
761637.4817
760469.0685
759299.3761
758130.4452
756955.7822
755795.2111
754600.8766
753448.5349
752249.5262
751095.1302
749893.8478
748736.7175
747533.3232
746373.0456
745167.6062
744003.9637
742796.5701
741629.5056
740420.2179
739249.8172
738038.6957
736865.1386
735652.3001
734475.8032
733261.418
732081.9544
730866.2081
729681.985
728467.3173
727280.2047
726068.6629
724871.6588
723660.7345
722458.7422
721254.9244
720048.4727
718840.5671
717632.5872
716424.5456
715216.3512
714008.0445
712799.6798
711591.2781
710382.8553
709174.6122
707966.6131
706758.699
705550.757
704343.0443
703135.8772
701928.6601
700721.3567
699513.9838
698306.5705
697099.1281
695891.6515
694684.2921
693477.1632
692270.3312
691064.1829
689859.1577
688655.3403
687452.8621
686251.6242
685051.5233
683852.801
682655.9005
681460.7627
680266.3342
679071.9386
677880.5115
676691.0158
675501.3645
674312.4435
673124.6911
671937.9308
670752.0294
669567.0187
668382.7223
667198.9907
666015.7988
664833.546
663652.6316
662473.5542
661296.1522
660120.3598
658946.3145
657773.6466
656602.7915
655433.6599
654266.8468
653101.9859
651938.7143
650777.7328
649618.5039
648460.9584
647304.5427
646149.5088
644996.1716
643843.9098
642691.9454
641540.9253
640391.3603
639242.734
638094.6611
636947.9131
635803.602
634661.7043
633521.8134
632383.7162
631247.3095
630112.6707
628979.9055
627849.0653
626720.1227
625592.9662
624467.3809
623343.0921
622219.8637
621097.8313
619977.0575
618857.2533
617738.3289
616620.1717
615502.6656
614385.7196
613269.2374
612153.094
611037.1464
609921.2667
608805.3801
607689.394
606573.6274
605458.4956
604344.0461
603230.4054
602117.8316
601006.5121
599896.5878
598788.2549
597681.4628
596576.3104
595472.7307
594370.6608
593270.1208
592170.952
591073.1324
589976.6204
588881.256
587786.9902
586693.8084
585601.5556
584510.1347
583419.5524
582329.688
581240.4258
580151.7962
579063.7655
577976.2442
576889.0678
575801.9993
574714.9227
573627.7927
572540.5581
571453.1775
570365.6224
569277.8534
568189.9741
567102.8415
566019.1013
564940.8877
563868.0712
562799.6143
561734.263
560671.6484
559612.0592
558555.1704
557502.5434
556455.9176
555413.8597
554374.4891
553335.4426
552304.8074
551288.149
550283.443
549288.2262
548304.4981
547336.4876
546384.2865
545442.8003
544507.0145
543574.5689
542643.4241
541712.2978
540780.5614
539846.9193
538909.1663
537965.9864
537008.7141
536095.3032
535174.2441
534337.5212
533516.6797
532780.1986
532039.3912
531411.4398
530782.7619
530243.6684
529695.8078
529221.2238
528742.9763
528328.9582
527915.9432
527536.8509
527173.5337
526859.1204
526561.7057
526301.61
526110.7519
525953.4205
525806.2266
525682.6423
525689.497
525785.539
526022.0572
526365.9278
526815.2566
527367.2547
528013.9892
528755.1874
529578.241
530476.9696
531436.9969
532446.849
533493.3465
534564.6203
535650.7507
536745.1173
537843.7984
538944.9357
540046.8476
541144.4392
542229.9356
543304.1517
544351.9735
545374.2559
546363.616
547318.6673
548241.8374
549126.952
549971.5623
550778.2363
551554.1767
552302.2415
553023.5373
553717.4331
554390.5272
555050.523
555709.64
556378.8323
557064.4182
557767.3602
558486.9194
559222.5386
559972.7342
560736.6138
561512.6604
562299.6913
563096.9512
563904.05
564720.5973
565546.3078
566380.9974
567224.7528
568077.6686
568939.7388
569811.0423
570691.6935
571582.0357
572482.696
573394.5817
574316.8438
575249.4242
576192.2808
577145.1048
578107.4126
579078.3896
580057.417
581042.0125
582031.3103
583025.5218
584022.8394
585022.1707
586022.6726
587023.3025
588024.1131
589025.9057
590025.9552
591021.843
592013.093
592999.1496
593979.1092
594952.7771
595921.963
596890.5037
597857.8415
598821.5565
599763.9901
600687.1754
601629.9311
602574.5088
603510.1125
604445.0162
605382.2417
606324.6192
607272.4146
608226.746
609188.6972
610157.0788
611136.4796
612121.3599
613119.5827
614126.1338
615147.3169
616180.2689
617225.9521
618286.0686
619361.3651
620446.3416
621548.4395
622662.1136
623789.8185
624929.2309
626082.5251
627247.445
628424.9167
629614.5664
630816.6664
632028.3196
633252.8275
634486.6493
635730.0034
636982.9115
638243.498
639510.9661
640785.7397
642066.3833
643352.5706
644643.9497
645939.7804
647240.0161
648544.402
649852.5955
651164.5416
652480.7655
653802.88
655127.9672
656455.3858
657786.8777
659122.7863
660462.9838
661807.339
663155.8778
664508.6883
665865.7921
667227.0998
668592.4526
669961.7056
671334.7943
672711.7326
674092.5439
675477.1789
676865.4751
678257.177
679651.9914
681049.6452
682449.9299
683852.7274
685257.998
686665.7281
688075.8689
689488.3353
690903.0195
692319.8056
693738.5764
695159.218
696581.628
698005.7324
699431.5124
700859.0429
702288.503
703720.3748
705155.0028
706592.1978
708031.7767
709473.2578
710916.5039
712361.3166
713807.6506
715255.6227
716705.1922
718156.5829
719609.9225
721065.4823
722523.5905
723984.3571
725447.9027
726914.8136
728388.1658
729876.0179
731381.4112
732843.451
734312.4237
735807.8224
737290.3261
738760.7301
740234.2086
741705.9404
743183.0034
744653.5487
746113.4829
747568.3991
749021.9998
750472.0233
751911.3659
753335.8814
754749.0903
756159.082
757572.8386
759001.6901
760401.864
761735.3613
763075.802
764479.101
765831.8617
767141.0946
768438.4338
769734.2137
771006.9363
772251.966
773487.1439
774720.0722
775952.0139
777189.5134
778439.3078
779607.7113
780740.0979
781909.4788
783121.4375
784331.302
785434.9314
786516.9476
787608.5156
788713.0323
789846.1324
790971.2787
791992.3358
793026.1228
794083.4593
795116.4153
796132.9976
797138.7305
798128.8695
799096.9067
800046.9884
800990.3
801931.3119
802861.5377
803770.6954
804660.7211
805542.4488
806424.5153
807313.2679
808134.8581
808785.1446
809423.9785
810212.3318
811009.5704
811725.1267
812415.31
813099.9025
813770.4441
814399.8833
814964.4704
815463.6772
815926.4572
816392.6929
816863.3804
817336.9906
817808.2772
818269.9601
818723.7678
819165.2104
819585.6462
819982.275
820358.5272
820721.2424
821077.7617
821432.1108
821790.9236
822174.391
822509.0485
822727.2469
822961.5943
823238.279
823546.527
823817.4023
823966.4977
824019.291
823938.317
824411.3478
824770.9074
824953.9836
825114.9107
825274.5122
825431.022
825571.3002
825703.1632
825836.4879
825960.6505
826059.4145
826143.8854
826232.3534
826336.1779
826456.3356
826585.0211
826716.7511
826846.9199
826969.4625
827088.3673
827207.7657
827323.0079
827438.2749
827540.0375
827621.672
827704.3918
827799.5776
827909.9735
828029.2029
828151.9578
828275.7457
828404.7311
828545.8229
828697.852
828866.7817
828999.7099
829133.6396
829246.9778
829365.3484
829492.7378
829630.7699
829775.2575
829922.1224
830069.818
830223.4963
830345.4248
830506.9172
830704.7067
830970.9708
830962.1014
831016.0846
831116.3006
831231.1938
831411.0879
831611.8066
831869.0126
831994.3134
832125.186
832287.9996
832457.5298
832633.3799
832811.6532
833009.0346
833153.9234
833308.6522
833504.8339
833573.1736
833658.9962
833839.3616
834045.0855
834238.5293
834419.1125
834587.0306
834742.5014
834904.9631
834986.3535
835164.3385
835371.3536
835580.3885
835781.435
835947.051
836093.3426
836230.8136
836422.2429
836596.8871
836762.4349
836919.9949
837004.5376
837201.8748
837386.4138
837566.5684
837741.0214
837911.0908
838075.4949
838226.5369
838288.6506
838521.9636
838723.5082
838908.7185
839084.3963
839281.3713
839474.2399
839657.1308
839818.6918
839849.8343
840100.1227
840320.5349
840517.7196
840712.638
840887.9636
841048.3699
841038.5606
841305.2569
841533.8665
841733.777
841926.7675
842093.479
842242.2106
842202.0241
842511.3608
842751.5872
842960.0365
843160.7738
843333.0322
843480.0329
843435.6535
843766.8559
844011.5721
844228.0634
844418.5052
844600.3965
844718.3615
844653.9282
845006.5399
845256.2378
845460.0417
845653.3636
845757.7688
845697.8767
846078.1448
846331.8927
846545.1557
846746.16
846851.4263
846784.0879
847187.7745
847438.9846
847654.6316
847782.4357
847761.4753
848133.0705
848387.518
848610.4584
848830.6464
849023.6074
849124.5526
849049.126
849493.9831
849766.4151
850005.8687
850215.5491
850340.0075
850303.9229
850719.9641
850996.7986
851243.8001
851478.9656
851709.8436
851938.8436
852166.7037
852387.989
852603.2982
852717.5022
852653.8986
853084.6293
853368.3489
853609.359
853834.71
854053.696
854263.9338
854472.1836
854601.0199
854550.503
854975.6641
855267.4389
855515.2649
855678.4406
855642.3207
856059.1039
856366.1474
856609.5348
856785.4192
856752.5859
857177.1263
857493.3145
857745.3211
857939.1656
857925.5087
858360.7433
858685.1975
858953.3107
859157.6964
859157.1856
859594.8883
859930.1375
860203.7662
860417.5911
860412.4436
860855.3222
861202.4806
861477.1982
861696.4399
861682.9523
862136.4638
862492.9892
862768.2078
862991.4257
862968.8778
863443.3916
863800.3659
864111.4778
864405.5888
864684.4946
864957.6384
865203.9054
865400.0616
865332.3187
865799.4454
866150.9047
866455.1046
866735.4864
867009.7842
867272.1365
867524.0796
867709.3988
867640.048
868141.8256
868511.2652
868829.157
869129.1099
869405.3536
869675.5584
869846.5929
869801.4135
870334.0409
870702.8069
871016.1576
871302.1298
871579.3051
871835.262
872088.5299
872238.4431
872206.4138
872733.7758
873098.3352
873416.617
873717.611
873989.2304
874247.3429
874423.1075
874436.3054
874924.1711
875275.5857
875562.6362
875785.6803
876041.433
876293.8625
876534.7971
876713.0932
877054.2332
877342.7328
877597.3871
877803.1048
878103.9282
878375.6524
878633.5992
878879.6657
879134.0005
879382.4374
879606.7425
879896.0539
880163.416
880418.3592
880657.1639
880924.5863
881182.488
881435.2789
881678.768
881940.2322
882194.7785
882445.5842
882689.101
882947.1892
883200.1544
883448.8692
883699.8005
883949.624
884197.0473
884449.6118
884699.7462
884947.4253
885198.0132
885446.7412
885692.5438
885943.1478
886190.9935
886436.788
886684.0334
886929.5759
887175.4593
887419.91
887663.3757
887908.0627
888152.613
888396.1419
888638.0922
888881.8366
889124.7928
889366.7166
889606.3124
889850.2493
890093.1505
890335.5787
890578.9597
890822.7547
891064.9649
891310.8421
891556.6253
891802.6491
892048.9477
892295.3011
892541.5526
892787.6792
893033.6344
893278.9855
893526.0461
893772.3516
894018.4754
894264.2743
894510.5304
894755.9823
895002.2882
895247.8436
895493.9088
895739.5934
895985.4056
896231.1957
896476.9392
896722.5268
896968.0639
897213.697
897459.651
897706.1668
897953.4058
898201.3726
898449.9611
898699.0127
898948.411
899198.1291
899448.2329
899698.8459
899950.0921
900202.0383
900454.6651
900707.8906
900961.6351
901215.8808
901470.6741
901726.0722
901982.0831
902238.6711
902495.8065
902753.5154
903011.8755
903270.968
903530.8627
903791.5944
904053.1934
904315.7066
904579.1253
904843.5061
905108.8789
905375.2855
905643.3901
905914.3329
906192.7108
906492.8995
906856.9648
907199.6979
907264.9886
907144.6402
906416.6579
903730.1874
895022.3679
868165.4499
788612.2763
578732.0173
251022.687
120017.7939
101784.4481
100146.236
100011.9561
100000.9782
100000.08
100000.0065
100000.0005
100000
100000
100000
100000
100000
100000
100000
100000
100000
100000
100000
100000
100000
100000
100000
100000
100000
100000
100000
100000
100000
100000
100000
100000
100000
100000
100000
100000
100000
100000
100000
100000
100000
100000
100000
100000
100000
100000
100000
100000
100000
100000
100000
100000
100000
100000
100000
100000
100000
100000
100000
100000
100000
100000
100000
100000
100000
100000
100000
100000
100000
100000
100000
100000
100000
100000
100000
100000
100000
100000
100000
100000
100000
100000
100000
100000
100000
100000
100000
100000
100000
100000
100000
100000
100000
100000
100000
100000
100000
100000
100000
100000
100000
100000
100000
100000
100000
100000
100000
100000
100000
100000
100000
100000
100000
100000
100000
100000
100000
100000
100000
100000
100000
100000
100000
100000
100000
100000
100000
100000
100000
100000
100000
100000
100000
100000
100000
100000
100000
100000
100000
100000
100000
100000
100000
100000
100000
100000
100000
100000
100000
100000
100000
100000
100000
100000
100000
100000
100000
100000
100000
100000
100000
100000
100000
100000
100000
100000
100000
100000
100000
100000
100000
100000
100000
100000
100000
100000
100000
100000
100000
100000
100000
100000
100000
100000
100000
100000
100000
100000
100000
100000
100000
100000
100000
100000
100000
100000
100000
100000
100000
100000
100000
100000
100000
100000
100000
100000
100000
100000
100000
100000
100000
100000
100000
100000
100000
100000
100000
100000
100000
100000
100000
100000
100000
100000
100000
100000
100000
100000
100000
100000
100000
100000
100000
100000
100000
100000
100000
100000
100000
100000
100000
100000
100000
100000
100000
100000
100000
100000
100000
100000
100000
100000
100000
100000
100000
100000
100000
100000
100000
100000
100000
100000
100000
100000
100000
100000
100000
100000
100000
100000
100000
100000
100000
100000
100000
100000
100000
100000
100000
100000
100000
100000
100000
100000
100000
100000
100000
100000
100000
100000
100000
100000
100000
100000
100000
100000
100000
100000
100000
100000
100000
100000
100000
100000
100000
100000
100000
100000
100000
100000
100000
100000
100000
100000
100000
100000
100000
100000
100000
100000
100000
100000
100000
100000
100000
100000
100000
100000
100000
100000
100000
100000
100000
100000
100000
100000
100000
100000
100000
100000
100000
100000
100000
100000
100000
100000
100000
100000
100000
100000
100000
100000
100000
100000
100000
100000
100000
100000
100000
100000
100000
100000
100000
100000
100000
100000
100000
100000
100000
100000
100000
100000
100000
100000
100000
100000
100000
100000
100000
100000
100000
100000
100000
100000
100000
100000
100000
100000
100000
100000
100000
100000
100000
100000
100000
100000
100000
100000
100000
100000
100000
100000
100000
100000
100000
100000
100000
100000
100000
100000
100000
100000
100000
100000
100000
100000
100000
100000
100000
100000
100000
100000
100000
100000
100000
100000
100000
100000
100000
100000
100000
100000
100000
100000
100000
100000
100000
100000
100000
100000
100000
100000
100000
100000
100000
100000
100000
100000
100000
100000
100000
100000
100000
100000
100000
100000
100000
100000
100000
100000
100000
100000
100000
100000
100000
100000
100000
100000
100000
100000
100000
100000
100000
100000
100000
100000
100000
100000
100000
100000
100000
100000
100000
100000
100000
100000
100000
100000
100000
100000
100000
100000
100000
100000
100000
100000
100000
100000
100000
100000
100000
100000
100000
100000
100000
100000
100000
100000
100000
100000
100000
100000
100000
100000
100000
100000
100000
100000
100000
100000
100000
100000
100000
100000
100000
100000
100000
100000
100000
100000
100000
100000
100000
100000
100000
100000
100000
100000
100000
100000
100000
100000
100000
100000
100000
100000
100000
100000
100000
100000
100000
100000
100000
100000
100000
100000
100000
100000
100000
100000
100000
100000
100000
100000
100000
100000
100000
100000
100000
100000
100000
100000
100000
100000
100000
100000
100000
100000
100000
100000
100000
100000
100000
100000
100000
100000
100000
100000
100000
100000
100000
100000
100000
100000
100000
100000
100000
100000
100000
100000
100000
100000
100000
100000
100000
100000
100000
100000
100000
100000
100000
100000
100000
100000
100000
100000
100000
100000
100000
100000
100000
100000
100000
100000
100000
100000
100000
100000
100000
100000
100000
100000
100000
100000
100000
100000
100000
100000
100000
100000
100000
100000
100000
100000
100000
100000
100000
100000
100000
100000
100000
100000
100000
100000
100000
100000
100000
100000
100000
100000
100000
100000
100000
100000
100000
100000
100000
100000
100000
100000
100000
100000
100000
100000
100000
100000
100000
100000
100000
100000
100000
100000
100000
100000
100000
100000
100000
100000
100000
100000
100000
100000
100000
100000
100000
100000
100000
100000
100000
100000
100000
100000
100000
100000
100000
100000
100000
100000
100000
100000
100000
100000
100000
100000
100000
100000
100000
100000
100000
100000
100000
100000
100000
100000
100000
100000
100000
100000
100000
100000
100000
100000
100000
100000
100000
100000
100000
100000
100000
100000
100000
100000
100000
100000
100000
100000
100000
100000
100000
100000
100000
100000
100000
100000
100000
100000
100000
100000
100000
100000
100000
100000
100000
100000
100000
100000
100000
100000
100000
100000
100000
100000
100000
100000
100000
100000
100000
100000
100000
100000
100000
100000
100000
100000
100000
100000
100000
100000
100000
100000
100000
100000
100000
100000
100000
100000
100000
100000
100000
100000
100000
100000
100000
100000
100000
100000
100000
100000
100000
100000
100000
100000
100000
100000
100000
100000
100000
100000
100000
100000
100000
100000
100000
100000
100000
100000
100000
100000
100000
100000
100000
100000
100000
100000
100000
100000
100000
100000
100000
100000
100000
100000
100000
100000
100000
100000
100000
100000
100000
100000
100000
100000
100000
100000
100000
100000
100000
100000
100000
100000
100000
100000
100000
100000
100000
100000
100000
100000
100000
100000
100000
100000
100000
100000
100000
100000
100000
100000
100000
100000
100000
100000
100000
100000
100000
100000
100000
100000
100000
100000
100000
100000
100000
100000
100000
100000
100000
100000
100000
100000
100000
100000
100000
100000
100000
100000
100000
100000
100000
100000
100000
100000
100000
100000
100000
100000
100000
100000
100000
100000
100000
100000
100000
100000
100000
100000
100000
100000
100000
100000
100000
100000
100000
100000
100000
100000
100000
100000
100000
100000
100000
100000
100000
100000
100000
100000
100000
100000
100000
100000
100000
100000
100000
100000
100000
100000
100000
100000
100000
100000
100000
100000
100000
100000
100000
100000
100000
100000
100000
100000
100000
100000
100000
100000
100000
100000
100000
100000
100000
100000
100000
100000
100000
100000
100000
100000
100000
100000
100000
100000
100000
100000
100000
100000
100000
100000
100000
100000
100000
100000
100000
100000
100000
100000
100000
100000
100000
100000
100000
100000
100000
)
;

boundaryField
{
    side1
    {
        type            totalPressure;
        rho             rho;
        psi             thermo:psi;
        gamma           1;
        p0              uniform 100000;
        value           uniform 99997.58031;
    }
    side2
    {
        type            totalPressure;
        rho             rho;
        psi             thermo:psi;
        gamma           1.4;
        p0              uniform 100000;
        value           uniform 100000;
    }
    empty1
    {
        type            empty;
    }
    empty2
    {
        type            empty;
    }
}


// ************************************************************************* //
