/*--------------------------------*- C++ -*----------------------------------*\
| =========                 |                                                 |
| \\      /  F ield         | OpenFOAM: The Open Source CFD Toolbox           |
|  \\    /   O peration     | Version:  2312                                  |
|   \\  /    A nd           | Website:  www.openfoam.com                      |
|    \\/     M anipulation  |                                                 |
\*---------------------------------------------------------------------------*/
FoamFile
{
    version     2.0;
    format      ascii;
    arch        "LSB;label=32;scalar=64";
    class       surfaceScalarField;
    location    "0.003";
    object      phi;
}
// * * * * * * * * * * * * * * * * * * * * * * * * * * * * * * * * * * * * * //

dimensions      [1 0 -1 0 0 0 0];

oriented        oriented;

internalField   nonuniform List<scalar> 
4999
(
4.000192895
4.000192896
4.000192896
4.000192895
4.000192895
4.000192895
4.000192895
4.000192895
4.000192895
4.000192896
4.000192896
4.000192895
4.000192895
4.000192895
4.000192896
4.000192896
4.000192896
4.000192896
4.000192896
4.000192895
4.000192895
4.000192895
4.000192895
4.000192896
4.000192896
4.000192896
4.000192896
4.000192896
4.000192896
4.000192896
4.000192896
4.000192895
4.000192895
4.000192896
4.000192896
4.000192897
4.000192897
4.000192897
4.000192896
4.000192897
4.000192897
4.000192897
4.000192896
4.000192897
4.000192897
4.000192897
4.000192897
4.000192897
4.000192896
4.000192896
4.000192896
4.000192896
4.000192896
4.000192896
4.000192896
4.000192897
4.000192897
4.000192897
4.000192897
4.000192897
4.000192897
4.000192898
4.000192898
4.000192898
4.000192898
4.000192898
4.000192898
4.000192898
4.000192898
4.000192897
4.000192897
4.000192898
4.000192898
4.000192898
4.000192897
4.000192897
4.000192897
4.000192897
4.000192897
4.000192897
4.000192897
4.000192897
4.000192897
4.000192897
4.000192898
4.000192897
4.000192897
4.000192897
4.000192897
4.000192897
4.000192897
4.000192898
4.000192898
4.000192898
4.000192897
4.000192897
4.000192897
4.000192898
4.000192897
4.000192897
4.000192897
4.000192897
4.000192897
4.000192897
4.000192897
4.000192897
4.000192897
4.000192897
4.000192897
4.000192897
4.000192897
4.000192897
4.000192897
4.000192897
4.000192897
4.000192897
4.000192896
4.000192897
4.000192896
4.000192896
4.000192896
4.000192896
4.000192896
4.000192896
4.000192897
4.000192897
4.000192897
4.000192897
4.000192896
4.000192896
4.000192896
4.000192896
4.000192896
4.000192896
4.000192896
4.000192896
4.000192895
4.000192895
4.000192895
4.000192895
4.000192895
4.000192895
4.000192895
4.000192895
4.000192895
4.000192894
4.000192894
4.000192894
4.000192895
4.000192895
4.000192895
4.000192895
4.000192895
4.000192895
4.000192895
4.000192894
4.000192894
4.000192894
4.000192894
4.000192895
4.000192894
4.000192894
4.000192893
4.000192893
4.000192893
4.000192893
4.000192893
4.000192893
4.000192893
4.000192893
4.000192893
4.000192893
4.000192893
4.000192892
4.000192892
4.000192891
4.000192891
4.00019289
4.00019289
4.000192889
4.000192888
4.000192888
4.000192887
4.000192885
4.000192884
4.000192883
4.000192881
4.00019288
4.000192878
4.000192874
4.000192867
4.000192858
4.000192844
4.000192822
4.000192791
4.000192746
4.00019268
4.000192585
4.000192447
4.00019225
4.000191965
4.000191555
4.000190962
4.000190107
4.000188877
4.000187102
4.000184545
4.000180861
4.000175551
4.0001679
4.000156876
4.000140993
4.000118107
4.000085136
4.000037636
3.999969208
3.999870637
3.999728649
3.999524128
3.999229548
3.99880527
3.998194231
3.997314269
3.9960471
3.994222505
3.991595407
3.987813274
3.982369065
3.974533729
3.963259656
3.947043187
3.923726291
3.890220428
3.842112198
3.773118067
3.674328004
3.53320204
3.332177225
3.047238972
2.645995849
2.086135121
1.315131785
0.2720295394
-1.105207108
-2.867994814
-4.674317673
-6.248981046
-7.566232684
-8.648566387
-9.524596021
-10.21388859
-10.74469579
-11.15518248
-11.47079076
-11.70738673
-11.87852891
-12.01001756
-12.11148729
-12.18155747
-12.22478498
-12.25480402
-12.27855637
-12.29551914
-12.30178184
-12.30127922
-12.30002117
-12.30020797
-12.29790014
-12.28993139
-12.27608105
-12.25738077
-12.23515571
-12.21020255
-12.18453174
-12.15913018
-12.13407229
-12.10899983
-12.08357728
-12.05767614
-12.03118846
-12.00399654
-11.97626451
-11.9479968
-11.91961951
-11.89112181
-11.86222401
-11.83250217
-11.80202623
-11.77052028
-11.73781333
-11.70407524
-11.6696425
-11.63482884
-11.59988057
-11.56472483
-11.52921088
-11.49310447
-11.45668386
-11.41952189
-11.38141496
-11.34267279
-11.30400994
-11.26502854
-11.22603277
-11.18689818
-11.14733792
-11.10748238
-11.06704188
-11.02620928
-10.9851433
-10.9435637
-10.90163876
-10.85969404
-10.81773851
-10.77593989
-10.73390186
-10.69196421
-10.64996138
-10.60791239
-10.5659699
-10.52358562
-10.48091027
-10.43825017
-10.3954637
-10.35214583
-10.30835725
-10.26457276
-10.22125483
-10.17807905
-10.13464375
-10.09100824
-10.04703973
-10.00279077
-9.958874177
-9.915129131
-9.870986889
-9.826310789
-9.781787762
-9.737626005
-9.693125804
-9.648175132
-9.603155
-9.558296971
-9.513403466
-9.468413948
-9.423246497
-9.378105618
-9.332965221
-9.287823861
-9.242654049
-9.197456019
-9.152170792
-9.106850324
-9.061267238
-9.015504728
-8.969959716
-8.924696385
-8.879370473
-8.833865691
-8.788282752
-8.742669124
-8.697070949
-8.65155775
-8.606107085
-8.560673981
-8.515260762
-8.469860105
-8.424524705
-8.379132312
-8.333478541
-8.287800662
-8.242421246
-8.197025269
-8.151615948
-8.106246923
-8.060876376
-8.015512869
-7.970214045
-7.92490573
-7.879503021
-7.834183034
-7.789148555
-7.744270342
-7.69937118
-7.654514471
-7.609581375
-7.564996835
-7.520424458
-7.476060188
-7.431685509
-7.387173863
-7.342563449
-7.298101267
-7.253798567
-7.210163892
-7.166730815
-7.123062581
-7.079645739
-7.036438699
-6.993179795
-6.949865066
-6.906528451
-6.863158873
-6.819779446
-6.776463517
-6.733148071
-6.689992808
-6.647180531
-6.604521995
-6.56203551
-6.519722092
-6.477345364
-6.434830895
-6.392082988
-6.349251374
-6.306746018
-6.264352476
-6.221588441
-6.178724508
-6.13600539
-6.0933907
-6.050897557
-6.008598057
-5.966422852
-5.92409499
-5.88194258
-5.839900285
-5.797885104
-5.755931613
-5.713950493
-5.671911903
-5.629986323
-5.588274886
-5.546507912
-5.504522398
-5.462704362
-5.420855275
-5.379031789
-5.337474847
-5.295916251
-5.254347543
-5.21293706
-5.171629064
-5.130461278
-5.089446098
-5.048734734
-5.00791266
-4.967041269
-4.926565188
-4.886193174
-4.845880753
-4.805480972
-4.765208382
-4.725314516
-4.685948277
-4.646697004
-4.607174854
-4.5675535
-4.528165095
-4.488959066
-4.449805089
-4.410643939
-4.371535372
-4.332490767
-4.293654375
-4.255017308
-4.21641846
-4.177838554
-4.139351784
-4.100850527
-4.062306219
-4.023910633
-3.985452399
-3.946991293
-3.90844041
-3.869999112
-3.831560572
-3.793116303
-3.754636275
-3.716169373
-3.677804465
-3.639607932
-3.601594336
-3.563858969
-3.526390806
-3.489037058
-3.451625843
-3.414245707
-3.377032504
-3.339995206
-3.303082862
-3.266445007
-3.229887984
-3.193592398
-3.157445029
-3.121471504
-3.08560595
-3.049935215
-3.014507855
-2.979307919
-2.944387916
-2.909728242
-2.875303775
-2.84094831
-2.806724662
-2.772712361
-2.739053767
-2.705804806
-2.672814824
-2.640158015
-2.607714
-2.575457402
-2.54344873
-2.511689171
-2.480118144
-2.44870861
-2.417521112
-2.386569385
-2.355869925
-2.325417219
-2.29518412
-2.265226693
-2.2354117
-2.205888992
-2.17653408
-2.147369665
-2.118409427
-2.08976107
-2.061306134
-2.033019304
-2.004945191
-1.97694557
-1.94906789
-1.921421207
-1.894029074
-1.866875039
-1.839895959
-1.813091871
-1.786502824
-1.760168846
-1.734021688
-1.708011369
-1.682171653
-1.656534222
-1.631069741
-1.605751395
-1.580635171
-1.555692085
-1.530917329
-1.506358788
-1.482006067
-1.457846811
-1.433799091
-1.409888078
-1.386082796
-1.362512718
-1.339307603
-1.316318216
-1.293469633
-1.270685539
-1.248047898
-1.225602574
-1.203353339
-1.181258776
-1.159268133
-1.137371979
-1.115601661
-1.093972343
-1.072549054
-1.051271035
-1.03019342
-1.009304305
-0.9885181406
-0.9678713367
-0.9474119663
-0.927126035
-0.9069713552
-0.8869455526
-0.8670152065
-0.8471757723
-0.8274130796
-0.8077693813
-0.7882583845
-0.7688967161
-0.7496852208
-0.7305433961
-0.7114868355
-0.6924658518
-0.6735015436
-0.6546568671
-0.6359384184
-0.6173246947
-0.5988074797
-0.5803443681
-0.5619442696
-0.5436496674
-0.5254288362
-0.5072321491
-0.4891199665
-0.4711104205
-0.4531859891
-0.4353415335
-0.4175697842
-0.3999048728
-0.382308054
-0.3647776407
-0.3473004357
-0.3298537684
-0.3124428991
-0.2950731843
-0.2777774274
-0.2605812132
-0.2434297479
-0.2263240302
-0.2092883689
-0.1923433269
-0.1754786604
-0.15869552
-0.1420136179
-0.1254439283
-0.1089805727
-0.09263265606
-0.07640535261
-0.06033689845
-0.04442010445
-0.02865586691
-0.01306834823
0.002349918326
0.01761264031
0.03275881341
0.04777762228
0.06268219185
0.07743842409
0.09203956317
0.1065424235
0.1209547316
0.1352263626
0.1493497636
0.1633480129
0.1772236745
0.1909901329
0.2046468362
0.2181565099
0.2315662857
0.244897118
0.258138082
0.2713069634
0.2843875692
0.2973410015
0.310256082
0.3231089777
0.3358713004
0.3485763693
0.3612190904
0.3737749296
0.3862320416
0.3986011742
0.4109173622
0.423171463
0.435367414
0.4475027514
0.4595595317
0.4715659172
0.4835000188
0.4953831511
0.5072243384
0.5190780343
0.5309411187
0.5428153242
0.5546751704
0.5664586938
0.5781873444
0.5898818141
0.6015175332
0.6130824614
0.6245699872
0.6359924333
0.6473711305
0.6587198475
0.6700271685
0.6813113297
0.6925713871
0.7038008969
0.715004781
0.7261628353
0.7372570521
0.7483025926
0.7592790525
0.7701787345
0.7809992357
0.7917599738
0.8024591771
0.8131027871
0.8236981409
0.8342449739
0.8447517552
0.8552146652
0.8656253419
0.8759925764
0.8863203664
0.896603247
0.9068414931
0.9170237481
0.9271586181
0.9372299317
0.9472424787
0.957197895
0.9671012286
0.9769450867
0.9867617069
0.9965309811
1.006230138
1.015870523
1.025460232
1.034996571
1.044471884
1.053887372
1.063241922
1.072531954
1.081765543
1.090943158
1.100076755
1.109172322
1.118231019
1.127253308
1.136241359
1.145191625
1.154109831
1.163003605
1.171854662
1.180662472
1.189411088
1.198116419
1.206781928
1.215402223
1.223980016
1.232520049
1.241020197
1.24947643
1.257885117
1.266245881
1.274557198
1.282822013
1.291042894
1.299219816
1.307353097
1.315444858
1.323497808
1.331517228
1.339507393
1.347480126
1.355426705
1.363341578
1.371222024
1.379054064
1.386833357
1.394560846
1.402243632
1.409851569
1.417403687
1.424915442
1.432378095
1.439792956
1.447178609
1.454533457
1.461869941
1.469188592
1.476495985
1.483780554
1.491032212
1.498243368
1.505400074
1.512493085
1.519527262
1.526513374
1.533451709
1.540347502
1.547199552
1.554010409
1.560789301
1.567538298
1.574262425
1.580960892
1.587637043
1.59428606
1.600903305
1.60748556
1.614029949
1.620537938
1.62700871
1.633428379
1.639806112
1.646147588
1.652456771
1.658747613
1.66502369
1.671300553
1.677568095
1.683824836
1.690062105
1.696275408
1.70245879
1.708607619
1.714717046
1.720778451
1.726792001
1.73276186
1.738683936
1.744571826
1.750431495
1.756268917
1.762093501
1.767903525
1.773708338
1.779512719
1.785306784
1.791088828
1.796854981
1.802599534
1.80831875
1.81400372
1.819657618
1.825285776
1.830884007
1.836450638
1.841991282
1.847508226
1.853001834
1.858469974
1.863927259
1.86937786
1.874830062
1.880293837
1.885756491
1.891221371
1.896690019
1.902149564
1.907584595
1.912990082
1.918354016
1.923672863
1.928940519
1.934154448
1.93931065
1.944413405
1.949465671
1.954477219
1.959459855
1.964424196
1.969378921
1.974333002
1.97928906
1.984249717
1.989216565
1.994189941
1.999169539
2.004156623
2.009154762
2.014150536
2.019133708
2.024093879
2.029021237
2.033918823
2.038782875
2.043610503
2.048399611
2.05314764
2.057858108
2.062536443
2.067181638
2.071797567
2.076385552
2.080951534
2.085496936
2.090023387
2.094533223
2.09902654
2.103502687
2.10796208
2.112407104
2.116836623
2.121249449
2.125646747
2.130023835
2.134387662
2.138742545
2.143083964
2.14741065
2.151723048
2.156021553
2.160311558
2.164583817
2.168836469
2.173075987
2.177304946
2.181524495
2.185729902
2.189919382
2.194090914
2.198244443
2.202381371
2.206502813
2.210608053
2.214697162
2.218771544
2.222832605
2.226879942
2.230912971
2.234931747
2.238932415
2.242916174
2.246885224
2.250839698
2.254779291
2.258699761
2.262598082
2.26647532
2.270332515
2.27417358
2.277994739
2.281801621
2.285594063
2.289377582
2.293156733
2.296932054
2.30070844
2.30448728
2.308268198
2.312053448
2.315833995
2.31961123
2.32337672
2.327123954
2.330848351
2.334548824
2.338223266
2.341871887
2.345491475
2.349087182
2.352661591
2.356220648
2.359764703
2.363301514
2.366837011
2.37037191
2.373911141
2.377455419
2.381003727
2.384555286
2.38810265
2.391636584
2.395156165
2.39865624
2.402130056
2.405573482
2.408990759
2.412379996
2.415747461
2.419095512
2.422425007
2.42574163
2.429047784
2.432348116
2.435642561
2.438932238
2.442212797
2.445479522
2.448728503
2.451956734
2.455163883
2.458347142
2.461507795
2.46464518
2.467763626
2.47086427
2.473952473
2.477029026
2.480097013
2.48315807
2.486213755
2.489265165
2.492312653
2.495357667
2.498401518
2.501443236
2.504480644
2.507513523
2.5105387
2.513556487
2.516567212
2.519576458
2.522583772
2.525590702
2.528595198
2.531596063
2.534589332
2.537567965
2.540525385
2.543459492
2.546365249
2.549242588
2.552085877
2.554893191
2.557660538
2.560395292
2.563108901
2.565806381
2.56849346
2.571175517
2.573852417
2.576531252
2.579214861
2.581905423
2.584594497
2.587274767
2.589941531
2.592590057
2.595218683
2.597825378
2.600406949
2.60296198
2.605499181
2.608011126
2.610509402
2.612997411
2.615482385
2.617966799
2.620454501
2.622950265
2.625457617
2.627979122
2.630512286
2.633059496
2.635617686
2.638178771
2.640733429
2.643281782
2.64582484
2.64835836
2.650875414
2.653379388
2.65586854
2.65834581
2.660814572
2.663277258
2.66574244
2.668214126
2.67069416
2.673183657
2.675683432
2.678192679
2.680709123
2.683230415
2.685750605
2.688264803
2.690770496
2.693265677
2.695747709
2.698216488
2.700672938
2.703117589
2.705552728
2.707984747
2.710416395
2.712847354
2.715276821
2.717708218
2.720141928
2.722577302
2.725013792
2.727449405
2.729877666
2.732292793
2.734695441
2.737084856
2.739456371
2.741808641
2.744143036
2.746459633
2.748759267
2.7510429
2.753310418
2.755560126
2.757791526
2.760005017
2.7622026
2.764382616
2.766544234
2.768690493
2.77082206
2.772941143
2.775049838
2.777150064
2.779245235
2.781336525
2.783426294
2.785515334
2.787605134
2.78969513
2.791786928
2.793873988
2.795954938
2.798027567
2.800090903
2.802144032
2.80418533
2.8062148
2.808232667
2.810240229
2.812237471
2.814224282
2.816201058
2.818166976
2.82012155
2.822065272
2.823998088
2.825921688
2.82783688
2.829744263
2.831646332
2.833546522
2.835446143
2.837348591
2.83925532
2.841167015
2.843084477
2.845008493
2.846938223
2.848872112
2.850808335
2.852745005
2.854681344
2.856614964
2.858544747
2.860468479
2.862386366
2.86429967
2.866207357
2.868109296
2.870004975
2.87189451
2.873776667
2.875650227
2.877514078
2.879366888
2.881210108
2.883043315
2.884866101
2.886678688
2.888484491
2.89028096
2.892067015
2.893847007
2.895623576
2.897394422
2.899159512
2.900920862
2.902680001
2.904435665
2.90618741
2.907934832
2.909677795
2.911416058
2.913150458
2.914881821
2.916610455
2.91833505
2.920055552
2.921771568
2.923482044
2.925187166
2.926885262
2.928574794
2.930255266
2.931926322
2.933588724
2.935243393
2.936893374
2.938538057
2.940179311
2.941818435
2.943455691
2.945091387
2.946724482
2.948355292
2.949982329
2.951604781
2.953222517
2.954835616
2.956443515
2.958045587
2.959642906
2.961234889
2.962823153
2.964409705
2.965993523
2.967573763
2.969153567
2.97073395
2.972313491
2.973892698
2.975472721
2.97705433
2.978638294
2.980224647
2.981814491
2.983410281
2.985013397
2.986622853
2.988238902
2.989864427
2.991498835
2.993140798
2.994791261
2.996449407
2.998113624
2.999785325
3.001463628
3.00314976
3.004842247
3.006540965
3.008248201
3.009963569
3.011687953
3.013418704
3.015147276
3.016870707
3.018590691
3.020305489
3.022012938
3.023710429
3.025397709
3.027073461
3.028737259
3.030389352
3.032030026
3.033659555
3.035278597
3.036887365
3.03848644
3.040077071
3.041658539
3.043226695
3.044781906
3.046324618
3.047853325
3.04936561
3.050861289
3.052343225
3.05381161
3.055265675
3.056707496
3.058140373
3.059565096
3.060983491
3.062397326
3.06380436
3.065207296
3.066606291
3.068001828
3.069392605
3.070779235
3.072161534
3.073539351
3.074912422
3.076281858
3.077647753
3.079011602
3.080374202
3.081734651
3.083094542
3.084454505
3.085814709
3.087174474
3.088533371
3.089891878
3.09125087
3.092610996
3.093972835
3.095337616
3.096704202
3.09806769
3.099428658
3.100786885
3.10214053
3.103489209
3.104831441
3.106164553
3.107486995
3.108796562
3.11009153
3.111372035
3.112636513
3.113884978
3.115117158
3.116332725
3.11753317
3.118719858
3.119894034
3.12105765
3.122210493
3.123354479
3.124491863
3.125621732
3.126744786
3.127862355
3.128976182
3.130083368
3.131185099
3.132281138
3.133372389
3.134458952
3.135539969
3.136615114
3.137683712
3.138745471
3.139797955
3.14084039
3.141872143
3.14289082
3.143894533
3.144882619
3.145854016
3.146807632
3.147742802
3.14866004
3.149559663
3.150442915
3.151311711
3.152167955
3.153012946
3.153847098
3.15467429
3.155495214
3.156311012
3.15712258
3.157930234
3.158733253
3.159531419
3.160324009
3.161110672
3.161890173
3.162662117
3.163426325
3.164183472
3.164933943
3.16567822
3.166417124
3.167151686
3.167883322
3.168613972
3.169344601
3.170076317
3.170810264
3.171548856
3.172292957
3.173044785
3.173806013
3.1745775
3.175361594
3.176158972
3.176971524
3.177800797
3.178647397
3.179512367
3.180396073
3.181297141
3.182214131
3.18314556
3.184088614
3.185039913
3.185997006
3.186958124
3.187919792
3.188879428
3.189834691
3.190784153
3.191726507
3.192660476
3.193586439
3.194507173
3.195424858
3.196339289
3.197255362
3.198175508
3.199102055
3.200038314
3.200986503
3.201947783
3.202922421
3.203909848
3.204908875
3.205917661
3.206933921
3.207955223
3.208979879
3.210003125
3.211021833
3.212034269
3.213037864
3.21403044
3.215011103
3.215980599
3.216940678
3.217892012
3.218835833
3.21977593
3.220714303
3.221651599
3.222588299
3.223524448
3.224459863
3.225393311
3.226323523
3.227249944
3.228171812
3.229088357
3.229998679
3.230902273
3.231798771
3.232687696
3.233569421
3.234445756
3.23531922
3.236191212
3.237062233
3.237933238
3.238804615
3.239677119
3.24055169
3.241429091
3.242309691
3.243193562
3.244080647
3.244970758
3.245863518
3.246758514
3.247655463
3.248552501
3.249448681
3.250342835
3.251234314
3.252122799
3.253007799
3.253889249
3.254766974
3.255640864
3.256510846
3.257377035
3.258239766
3.259099528
3.259956982
3.260813063
3.261669041
3.262525658
3.263383905
3.264245358
3.265110347
3.265980685
3.266856701
3.267738565
3.268626686
3.269522071
3.270425183
3.271335351
3.272252237
3.273176475
3.274107795
3.275045651
3.275990316
3.276941486
3.2778996
3.278865326
3.279838735
3.280819521
3.281809028
3.282807138
3.283813237
3.284827215
3.285848992
3.28687864
3.287910157
3.288939186
3.28996665
3.290992281
3.292015124
3.293036411
3.294054544
3.295068778
3.296079583
3.297087225
3.298091539
3.299092445
3.300090401
3.301085758
3.302078277
3.303067773
3.304053968
3.305036777
3.306014446
3.306986262
3.307951704
3.308909095
3.309857481
3.310795882
3.311723693
3.312640225
3.313544929
3.314437882
3.315318952
3.316187777
3.317045708
3.317895086
3.318738124
3.31957659
3.320411673
3.321245873
3.322080285
3.322916239
3.323754724
3.324596363
3.325442503
3.326293996
3.327151253
3.328014121
3.328881808
3.329753142
3.330625644
3.33149889
3.332372226
3.33324612
3.33411974
3.334991235
3.335857552
3.336714687
3.337559881
3.338391862
3.339210129
3.340015105
3.340807212
3.341588235
3.34235833
3.343117059
3.343865819
3.344605067
3.345334771
3.346055653
3.346767954
3.347471177
3.348164309
3.348845848
3.349514439
3.350168872
3.350808228
3.351432215
3.352040518
3.352632954
3.35320977
3.353771661
3.354319432
3.354854228
3.355377126
3.355889017
3.356390589
3.356882407
3.357363931
3.357835741
3.358297732
3.358749853
3.359192067
3.359623819
3.360044788
3.360455329
3.360855898
3.361246915
3.361629663
3.362006036
3.362377511
3.362745339
3.363111389
3.363477289
3.363844341
3.364213922
3.364587255
3.364965297
3.365348761
3.36573833
3.366134439
3.366537527
3.366947599
3.367364585
3.367788395
3.368218873
3.368656105
3.369100211
3.369551139
3.370008941
3.370473713
3.370945822
3.37142551
3.371912951
3.372408589
3.372912779
3.373425762
3.373947915
3.37447978
3.375021654
3.375573595
3.376135587
3.376707468
3.377288941
3.37787987
3.378479334
3.379086409
3.379700268
3.380320167
3.380945009
3.38157294
3.382200619
3.382828106
3.383455856
3.384083681
3.384711647
3.385339546
3.385967544
3.386595581
3.38722312
3.387849107
3.388472776
3.389092869
3.389708913
3.390320068
3.390925872
3.391525774
3.392119252
3.392705947
3.39328598
3.393859694
3.394427124
3.394989598
3.395548933
3.396106332
3.396663102
3.397219693
3.39777651
3.39833384
3.398892319
3.399452425
3.400013937
3.400576308
3.401139079
3.401701464
3.402262893
3.402823038
3.403381722
3.403939356
3.404496463
3.40505375
3.405611641
3.406170658
3.406731354
3.407294332
3.407860239
3.408429699
3.409003188
3.409580905
3.410162788
3.410748976
3.411338269
3.411929812
3.412522661
3.413115069
3.413706421
3.414296261
3.414884193
3.415469879
3.41605288
3.41663292
3.417210531
3.417786036
3.418360566
3.418936024
3.419513802
3.42009528
3.420681775
3.421274924
3.42187632
3.422486471
3.423105851
3.423735197
3.424374519
3.425023184
3.425681073
3.426348133
3.427024198
3.427708936
3.428401852
3.429102675
3.429810976
3.430526466
3.431248484
3.431976581
3.432710262
3.43344803
3.434184277
3.434918455
3.435650783
3.436380502
3.437107159
3.437831095
3.438552697
3.439271305
3.439987111
3.440699988
3.441410388
3.442118091
3.442822603
3.443524421
3.44422369
3.444919197
3.445610493
3.446297623
3.446979842
3.447656738
3.448327739
3.448992366
3.449649995
3.45030113
3.450945731
3.451583881
3.452215947
3.452842211
3.453463137
3.454079368
3.454691574
3.45530044
3.455906539
3.456510371
3.457112562
3.45771366
3.458314395
3.458915232
3.459516386
3.460118178
3.460720768
3.461324101
3.461927247
3.462528915
3.46312763
3.463722659
3.464312559
3.464896505
3.465473219
3.466041462
3.46660034
3.467149101
3.467687042
3.468213538
3.468728341
3.469231695
3.469724269
3.470206799
3.470679922
3.471144562
3.471602031
3.472053133
3.472498537
3.472939434
3.473376776
3.473811394
3.474243965
3.474674494
3.475102754
3.475528382
3.47595058
3.476368418
3.476781275
3.477188392
3.477588996
3.477982266
3.478367358
3.47874363
3.479110822
3.479468556
3.479816974
3.480156376
3.480487522
3.480811002
3.481127496
3.481437957
3.481743093
3.482043388
3.482339519
3.482632222
3.482922309
3.4832104
3.483496945
3.483782592
3.484067539
3.48435172
3.484635368
3.484918418
3.485200879
3.485482455
3.485763011
3.486042534
3.48632113
3.48659869
3.486875004
3.487150011
3.487423814
3.487696649
3.487968775
3.488240602
3.48851274
3.488785886
3.489060847
3.489338782
3.489621072
3.489908276
3.490201681
3.490502096
3.490810119
3.491126308
3.491451189
3.491784935
3.492127539
3.492478823
3.492838501
3.493205625
3.493579225
3.493957775
3.494339737
3.494723777
3.495108638
3.495493567
3.495877568
3.496259896
3.496639946
3.497017255
3.497391473
3.497762383
3.49813016
3.498495096
3.498857833
3.499219273
3.499580426
3.499941999
3.500304667
3.500669738
3.501038574
3.501412322
3.501791915
3.502177896
3.502570481
3.502969812
3.503375766
3.503787853
3.504205213
3.504626627
3.505050759
3.505476288
3.505901773
3.5063256
3.506746553
3.507162946
3.507573375
3.507976973
3.508373601
3.50876322
3.509146181
3.509523006
3.509894479
3.510261774
3.510626269
3.510989411
3.511352745
3.51171738
3.512084439
3.51245536
3.512830883
3.513211968
3.513599478
3.513994007
3.514395966
3.514805587
3.515223472
3.51565023
3.516086363
3.516532166
3.516988076
3.517454648
3.517932548
3.518421705
3.518922233
3.519433888
3.51995648
3.520490011
3.521034118
3.521587899
3.52215062
3.522721424
3.523299354
3.523883817
3.524473768
3.525068317
3.525666559
3.526266993
3.526866677
3.527465318
3.528063343
3.52866119
3.529258871
3.52985627
3.530453676
3.531050704
3.531646824
3.532241726
3.532834773
3.533424934
3.534010982
3.534591616
3.535165534
3.535731497
3.536288384
3.536834791
3.537369848
3.53789278
3.538402808
3.538899603
3.539382951
3.539853163
3.540310679
3.540756133
3.541190612
3.541615176
3.542030718
3.542438368
3.542839296
3.543234434
3.543624738
3.544011131
3.544394286
3.544775168
3.545154564
3.54553304
3.545911289
3.546290285
3.546670895
3.547053996
3.547440359
3.547830893
3.548226284
3.548627368
3.549035034
3.549449255
3.54986809
3.550288353
3.550707604
3.551124926
3.551538954
3.551948503
3.552352427
3.552749775
3.553139914
3.553522532
3.553897524
3.554264745
3.554624335
3.554977071
3.555323757
3.555665057
3.556001702
3.55633483
3.556665434
3.556994116
3.5573214
3.557648357
3.557975325
3.558302582
3.558631049
3.558961672
3.559295419
3.559633366
3.559976433
3.5603261
3.560684146
3.561043985
3.56139782
3.561744138
3.562081571
3.562408921
3.562725053
3.563029337
3.563321305
3.563600649
3.563867057
3.564120515
3.564361329
3.564589681
3.564805744
3.565009964
3.565203095
3.565385825
3.565558767
3.565722533
3.565877987
3.566026157
3.566168082
3.566304771
3.566437366
3.566567062
3.566694961
3.566822239
3.566949765
3.567078468
3.567209411
3.567343474
3.567481642
3.567625031
3.567774637
3.56793128
3.568095652
3.568268613
3.568451093
3.568643811
3.568847051
3.569060945
3.569285537
3.56952053
3.569765285
3.570018933
3.570280629
3.570549324
3.570823577
3.571101765
3.57138061
3.571658422
3.571934406
3.57220803
3.572478821
3.572746472
3.57301082
3.573271747
3.573529248
3.573783555
3.574035103
3.574284355
3.574531883
3.574778792
3.575025912
3.575274166
3.57552463
3.575778063
3.576035247
3.576296859
3.576563516
3.576835693
3.577113691
3.577397543
3.577687009
3.577981644
3.578280926
3.578584312
3.578890758
3.579199702
3.579510659
3.579822737
3.580135637
3.580448556
3.580760871
3.58107255
3.581383763
3.581694715
3.582005614
3.582316966
3.5826294
3.582943612
3.583260209
3.583579797
3.583903196
3.584231306
3.584564606
3.584903689
3.585249303
3.585601961
3.58596212
3.586330208
3.586706505
3.587091271
3.587484728
3.587886977
3.588297976
3.588717512
3.589145325
3.589581398
3.590025368
3.590476653
3.590934601
3.591398427
3.591867113
3.592340282
3.592817325
3.593298035
3.593782217
3.594269443
3.594759269
3.595250765
3.595741609
3.596230174
3.596714567
3.597192956
3.597663853
3.598126498
3.598579877
3.599023264
3.599456441
3.599879244
3.600291652
3.600693884
3.601086266
3.601469268
3.601843592
3.602209953
3.602568985
3.602921433
3.603268117
3.603609853
3.603947542
3.604281876
3.604613383
3.604942463
3.605269641
3.605595227
3.605919382
3.606242267
3.606564085
3.606885023
3.607205287
3.607525039
3.607844412
3.608164074
3.608483776
3.608804044
3.609125157
3.609447308
3.609770792
3.610095843
3.610422783
3.61075183
3.611083321
3.611417474
3.611754635
3.612095165
3.612439625
3.612787771
3.613131776
3.61346883
3.613797028
3.614115354
3.614423383
3.614720901
3.615007888
3.615284899
3.615552781
3.615812402
3.616064811
3.616311217
3.616552763
3.616790641
3.617026012
3.617260038
3.61749359
3.617727303
3.617961838
3.618197995
3.618436925
3.618679601
3.618927127
3.619180916
3.619442636
3.619713997
3.6199966
3.620291606
3.620599869
3.62092019
3.621236403
3.621544314
3.621842652
3.622129954
3.622404922
3.622666429
3.622913633
3.623146015
3.623363395
3.623565678
3.623753011
3.623925989
3.624085431
3.624232139
3.624367096
3.624491513
3.624606557
3.624713275
3.624812824
3.624906379
3.62499501
3.625079659
3.625161226
3.625240413
3.625317748
3.625393949
3.625469735
3.625545543
3.625622033
3.625700174
3.625781344
3.625866746
3.625957211
3.626053769
3.626157779
3.626270447
3.626392484
3.626524208
3.626665778
3.626817154
3.626977995
3.627147694
3.627325535
3.627510824
3.627702767
3.627900373
3.628102647
3.62830881
3.628518138
3.628729797
3.628941504
3.629151185
3.629357549
3.62955991
3.629757857
3.629951279
3.630140342
3.630325049
3.630505919
3.630683816
3.630859637
3.631034494
3.631209353
3.631384917
3.631562103
3.63174196
3.631925509
3.632113596
3.632306838
3.632505631
3.632710216
3.632920758
3.633137348
3.633359884
3.633588178
3.633822472
3.634062486
3.634308019
3.634559087
3.634815802
3.635078284
3.635346576
3.635620874
3.63590145
3.636188522
3.6364823
3.636783033
3.637090986
3.637406389
3.637729371
3.638060033
3.638398388
3.638744355
3.639097697
3.639458057
3.639824921
3.640197668
3.640575584
3.640957969
3.641343977
3.641732797
3.642124013
3.642517294
3.642912113
3.64330747
3.643700623
3.644090176
3.644475031
3.644854666
3.645228521
3.645596047
3.645956606
3.646309846
3.646655694
3.646993958
3.647324527
3.647647656
3.647963724
3.648273077
3.648576106
3.648873469
3.649165865
3.649453877
3.649738234
3.650019593
3.650298404
3.650575086
3.650850289
3.651124243
3.6513971
3.651668968
3.651939917
3.652209917
3.65247875
3.652746221
3.653012184
3.653276433
3.653538818
3.653799042
3.654056943
3.654312459
3.654565696
3.654816714
3.65506568
3.655312824
3.65555848
3.655803086
3.656047192
3.656291471
3.656536771
3.656784107
3.657034513
3.65728903
3.657548454
3.657813539
3.658084979
3.658363471
3.658649628
3.658943952
3.659247178
3.659553669
3.659856491
3.660154712
3.660446571
3.660730581
3.661005423
3.661270102
3.661524256
3.661767757
3.662000907
3.662224516
3.662439645
3.662647362
3.662849139
3.663046661
3.663241074
3.663433565
3.663625496
3.663817519
3.66401078
3.664206945
3.664408058
3.664616259
3.664833515
3.665061372
3.665300961
3.665552688
3.66581702
3.66609245
3.666366128
3.666634009
3.666896286
3.667152384
3.66740037
3.66763913
3.667867392
3.668084568
3.668290672
3.668484516
3.66866638
3.668835747
3.66899363
3.669140692
3.669276714
3.669401797
3.66951631
3.66962028
3.669713199
3.669794454
3.669863488
3.669921309
3.669967621
3.670003531
3.67003054
3.670049627
3.670063135
3.670072048
3.670079055
3.670085449
3.670092335
3.670102098
3.670118346
3.670142328
3.670174574
3.670216375
3.670272851
3.670346096
3.670432732
3.670532589
3.67064636
3.670771642
3.670908949
3.671056313
3.67120852
3.671368065
3.671530312
3.671694188
3.671860313
3.672028479
3.672195534
3.672362027
3.672526109
3.672689006
3.672851782
3.673015658
3.673179789
3.673344123
3.673509038
3.67367488
3.673841484
3.674007936
3.674169259
3.674330516
3.67449426
3.674649082
3.674801282
3.6749592
3.675122523
3.67528922
3.675458536
3.675631607
3.675809654
3.675993459
3.676185681
3.676386778
3.67659433
3.676809306
3.677033708
3.677262905
3.677497706
3.677700139
3.677752537
3.6771948
3.674505456
3.664724822
3.636005719
3.565394836
3.419558709
3.182140622
2.831662019
2.415769614
2.034664257
1.723234859
1.462584298
1.263974334
1.109312095
0.9902236367
0.8973379689
0.8245162121
0.7666576222
0.7198085789
0.6801614875
0.6477714786
0.6232556219
0.6053585948
0.5925827542
0.5838944537
0.5784158492
0.5754931436
0.5747742032
0.5756368106
0.5780140863
0.5815634055
0.5861669658
0.5917281954
0.5980995382
0.6051650094
0.6128578703
0.6211140967
0.6298649351
0.6390828475
0.6486325131
0.6585410546
0.6687237268
0.6791766022
0.689905692
0.7008857791
0.7121562173
0.7236887218
0.7355144434
0.7476341346
0.760055484
0.7727777096
0.7857912472
0.7990782614
0.8126143113
0.826371626
0.8403217534
0.8544356876
0.8686835851
0.8830369041
0.8974702573
0.9119587949
0.9264772721
0.9410080687
0.9555333425
0.9700367347
0.9845028634
0.9989204394
1.013280767
1.027573125
1.041783651
1.055895465
1.069887708
1.083741533
1.097445351
1.110991128
1.124371568
1.137591461
1.150660527
1.163568864
1.176341025
1.188976282
1.201507675
1.213913725
1.226221495
1.238425189
1.25052605
1.262524758
1.274413908
1.28619856
1.297863913
1.309397482
1.320784129
1.331996697
1.343015027
1.353812905
1.364369306
1.374660098
1.384671181
1.394389732
1.403804457
1.412903573
1.421676671
1.430115331
1.438213983
1.445969487
1.453382517
1.460452974
1.467196038
1.473586634
1.479701951
1.485439544
1.490959006
1.496159828
1.500678751
1.504913785
1.509584548
1.514805199
1.52055248
1.526792204
1.533506018
1.540675154
1.548274483
1.556286296
1.564687644
1.573457629
1.582575183
1.592019913
1.601771641
1.611809392
1.622111716
1.63265653
1.643420955
1.654381577
1.665515178
1.676799087
1.688212931
1.699734958
1.711331639
1.722986607
1.734690901
1.746464509
1.758294173
1.77020795
1.782263401
1.7944811
1.806841228
1.819323043
1.832012882
1.844625243
1.857501025
1.87067497
1.884046688
1.897428164
1.911129415
1.924979131
1.938919215
1.953227646
1.967717139
1.982243847
1.997270334
2.012568911
2.02801268
2.043891984
2.059988276
2.076116906
2.092887159
2.110008673
2.127565568
2.145656765
2.164036577
2.182826116
2.201980839
2.221627163
2.241808156
2.262642222
2.284040037
2.305996135
2.328506161
2.351535413
2.375298199
2.399292794
2.422732613
2.445739046
2.468284125
2.490335105
2.511862516
2.532856761
2.55332045
2.573257268
2.592675185
2.611578721
2.629978405
2.647880139
2.665300829
2.682258042
2.698781706
2.714893301
2.730639299
2.746062129
2.761206962
2.776103847
2.790787226
2.805270859
2.819590481
2.833738832
2.847728695
2.861640093
2.875352867
2.888952365
2.902433839
2.915785836
2.929017301
2.942142626
2.955157795
2.968076063
2.980898009
2.993622742
3.00626943
3.018819444
3.031310677
3.043715674
3.05607861
3.068388885
3.080677765
3.092950272
3.105210688
3.117448599
3.129671049
3.141867177
3.154047099
3.166199284
3.178325557
3.190421259
3.202472353
3.214496752
3.226486473
3.238426056
3.250322015
3.262156337
3.273934092
3.285651522
3.297281159
3.308861272
3.320414589
3.331954111
3.343484585
3.354986094
3.36646078
3.377918888
3.389370701
3.400826424
3.412297418
3.423787802
3.435299248
3.446833259
3.458391788
3.469976509
3.481588738
3.493229658
3.504900444
3.51660206
3.528336306
3.540102046
3.551905896
3.563736637
3.575631104
3.587578103
3.599658484
3.61175324
3.623797019
3.635717562
3.6475156
3.659211336
3.670783163
3.682268402
3.69364615
3.704953295
3.716173814
3.727338807
3.738439354
3.749497543
3.760512241
3.771497447
3.782468058
3.793401191
3.804308983
3.815169685
3.825992467
3.836759356
3.847478874
3.858133409
3.868734997
3.879261359
3.889726802
3.900124954
3.910451446
3.920706901
3.930891367
3.941002226
3.951039243
3.961000537
3.970885769
3.980693378
3.990422922
4.000073363
4.009644291
4.01913503
4.028545271
4.037874521
4.047122418
4.056287618
4.065370196
4.074372594
4.083289922
4.092128191
4.100877437
4.109555492
4.118096478
4.126620964
4.135153644
4.143793851
4.152543555
4.161385199
4.170312208
4.179320739
4.188403828
4.197553371
4.206763546
4.21602859
4.225342982
4.234699851
4.244092244
4.253512434
4.262957314
4.272406746
4.281860728
4.291315097
4.300758828
4.310186198
4.319585673
4.328949357
4.338284488
4.347588092
4.356858019
4.366104696
4.375334456
4.384553764
4.393767331
4.40298023
4.412195666
4.421417353
4.430648991
4.439893828
4.449155144
4.458435613
4.467737701
4.477063446
4.486414444
4.495792056
4.505196915
4.514629785
4.524090254
4.533578673
4.54309337
4.552634883
4.562197308
4.571806378
4.581471701
4.591248693
4.601065765
4.610826351
4.620423228
4.629877674
4.639185201
4.648340781
4.65735688
4.666226883
4.674968039
4.683573123
4.692062138
4.700427455
4.708691124
4.716842058
4.724909105
4.732876565
4.740781964
4.74861021
4.756402875
4.764159447
4.771886795
4.77958989
4.787261309
4.794902329
4.802507044
4.810077721
4.81760663
4.825097253
4.832541973
4.839944194
4.847295866
4.854600703
4.861850097
4.869048698
4.876186497
4.883272198
4.890285742
4.897240146
4.904130364
4.910951911
4.917700443
4.924379979
4.930983468
4.937513526
4.94396521
4.950340372
4.956635415
4.962851416
4.968986368
4.975040477
4.981013512
4.986904691
4.992715807
4.99844483
5.004096175
5.009664835
5.01516024
5.020574226
5.025931639
5.031179644
5.036380813
5.041530147
5.046693214
5.051909386
5.057173137
5.062471974
5.067801228
5.073158597
5.078540538
5.083943457
5.089364799
5.094801078
5.100249724
5.105707297
5.111171505
5.116637775
5.122102948
5.127566103
5.133023371
5.138478013
5.143917958
5.149344679
5.154753747
5.160151711
5.165532994
5.17089626
5.176238069
5.181557654
5.186852882
5.192122894
5.197366313
5.202582028
5.207769296
5.212927179
5.218055247
5.223152826
5.228219827
5.233255888
5.238261196
5.243235637
5.248179741
5.253093866
5.257978706
5.262834478
5.267661211
5.272459011
5.277227263
5.281966175
5.28667479
5.291353403
5.296000682
5.300617004
5.305200666
5.309752305
5.314269587
5.31875351
5.323201186
5.327613895
5.331988554
5.336326438
5.340624335
5.344883575
5.349100815
5.353277492
5.35741001
5.361500529
5.365544327
5.369545065
5.373491557
5.377394677
5.381248219
5.385051415
5.388801403
5.39250064
5.396144576
5.399735209
5.403268596
5.406746599
5.410165451
5.413526956
5.416827397
5.420068538
5.423246649
5.426363405
5.429415249
5.432403752
5.435325627
5.43818236
5.440970888
5.44369261
5.446344627
5.448928192
5.451440638
5.453882979
5.456252989
5.458551336
5.46077652
5.462928759
5.46500756
5.467012508
5.468944557
5.470801556
5.472587646
5.474295334
5.475941159
5.477508035
5.479011212
5.480441207
5.481869394
5.483323256
5.484819165
5.486360884
5.487948341
5.489579425
5.491253814
5.492970557
5.494730663
5.4965334
5.498379239
5.500266984
5.502196002
5.504164116
5.506169364
5.508208872
5.510282613
5.512390403
5.514509208
5.516650887
5.518815062
5.520998133
5.523193472
5.525397239
5.527606027
5.529813764
5.532019043
5.534216073
5.536406591
5.538573891
5.540705615
5.542804296
5.544876394
5.546927349
5.548960565
5.55099508
5.553032395
5.555047613
5.557055801
5.559067369
5.56109476
5.563147007
5.565223376
5.567321253
5.56943982
5.571580933
5.573747817
5.575943486
5.578170089
5.580429129
5.582721963
5.585050108
5.58741526
5.589819125
5.592263255
5.594749171
5.597278362
5.599852183
5.602471938
5.605138905
5.607854339
5.610619458
5.613435426
5.616303334
5.619224195
5.622198938
5.6252284
5.628313322
5.631454341
5.634651978
5.637906629
5.641218546
5.644587831
5.648014413
5.651498041
5.655038269
5.658634447
5.662285713
5.665990993
5.669749
5.673558232
5.677416971
5.681323287
5.68527506
5.689269908
5.693305583
5.697378816
5.701486135
5.705620765
5.709797855
5.713989716
5.718227743
5.72228445
5.72617701
5.729898568
5.733445904
5.736817639
5.740011923
5.743031856
5.745875435
5.748547694
5.751046813
5.753378698
5.755542116
5.757542727
5.759380201
5.761059191
5.762580191
5.763946918
5.765160307
5.766223576
5.76713512
5.767901822
5.76851066
5.769002605
5.769375765
5.769628538
5.769723618
5.769757716
5.769705869
5.769541138
5.769269849
5.768908055
5.768466671
5.767947048
5.767351969
5.766685395
5.765951074
5.765152163
5.764292407
5.763376191
5.762406313
5.761384987
5.760316023
5.759206671
5.758063408
5.756889877
5.755685983
5.754450418
5.753181196
5.751876337
5.750534045
5.749153497
5.74773312
5.746272439
5.744772656
5.743233419
5.741654756
5.74003513
5.738371681
5.736664543
5.734917079
5.733130899
5.731300452
5.729411101
5.727474145
5.725513456
5.723493838
5.72142043
5.719298855
5.71712852
5.714907568
5.712635053
5.710309968
5.707930623
5.705495727
5.703005794
5.700462773
5.697869062
5.695225168
5.692529569
5.689781949
5.686980787
5.684125542
5.681216641
5.678255152
5.675241312
5.672171644
5.669046736
5.665866689
5.662628756
5.65933009
5.655968863
5.652546693
5.649062092
5.645509203
5.641886662
5.638198077
5.634442693
5.630616045
5.626718257
5.622755647
5.618731111
5.614640703
5.610482616
5.606255288
5.601957961
5.597590347
5.593152161
5.588642919
5.584061677
5.579407069
5.574677235
5.569870423
5.564985965
5.560023741
5.554982492
5.549860993
5.544658208
5.539373002
5.53400443
5.528551665
5.523013793
5.517389754
5.51167848
5.505879191
5.499991565
5.494015325
5.487954862
5.4818105
5.475582865
5.469273557
5.462884116
5.456416015
5.449870738
5.443249227
5.436552406
5.429780929
5.42293537
5.41601639
5.409024356
5.401959878
5.394823679
5.3876161
5.380337721
5.372989638
5.365572389
5.358086304
5.350532814
5.34291306
5.335227325
5.327477172
5.319664658
5.311790871
5.303856752
5.295862751
5.287809607
5.279698934
5.271532384
5.26331173
5.2550389
5.246715957
5.238344685
5.229931663
5.221486761
5.213033322
5.20457728
5.196117446
5.187649143
5.179170955
5.170685952
5.162195717
5.153699861
5.145229769
5.136782413
5.128340444
5.119887307
5.111441444
5.103094856
5.094842051
5.086647632
5.07850642
5.070459315
5.06254183
5.054739247
5.047009402
5.039327202
5.031686363
5.024082971
5.016518476
5.008992677
5.0015005
4.994024664
4.986572662
4.979212112
4.972340924
4.966069717
4.960593265
4.955764508
4.951483285
4.947724861
4.944469562
4.94168723
4.939276377
4.937198935
4.935435908
4.93404544
4.932999393
4.932160199
4.9314894
4.931236938
4.931234069
4.931616211
4.932383489
4.93347528
4.934746955
4.93626896
4.938527149
4.941431565
4.945231635
4.949852728
4.955223873
4.9613422
4.968159533
4.975638281
4.98372147
4.992356341
5.001472605
5.0110025
5.020863811
5.030974174
5.041264022
5.051681406
5.062183094
5.072731647
5.083302197
5.093873682
5.104400917
5.11488722
5.125289718
5.135558511
5.145678097
5.155631231
5.165423391
5.175013898
5.184335486
5.19337232
5.202165771
5.210765339
5.21917964
5.227407958
5.235495683
5.243518478
5.251537795
5.259602025
5.267764338
5.276024012
5.284366887
5.292781303
5.301261047
5.309805654
5.318416585
5.327095731
5.335845061
5.344665997
5.353558524
5.362521738
5.371554802
5.380659098
5.389836397
5.399085425
5.408403185
5.417783434
5.427216844
5.436691131
5.446192643
5.45570386
5.465190508
5.474640453
5.484042773
5.49339561
5.502707433
5.511997683
5.521296314
5.530621199
5.540028876
5.549559576
5.559190333
5.568889589
5.578627457
5.588374725
5.598121815
5.607847839
5.617503495
5.627066715
5.636517811
5.645834156
5.654994283
5.663991063
5.67284265
5.6817917
5.69123133
5.701144843
5.711292644
5.721381913
5.731350084
5.74097765
5.750348051
5.759519061
5.768530794
5.777418581
5.786209587
5.794933256
5.803622247
5.812302248
5.821001976
5.829751609
5.838591413
5.847552313
5.8566627
5.865947297
5.875437184
5.885139371
5.895039146
5.905141093
5.915452576
5.925959024
5.936651739
5.94752589
5.958571978
5.969779704
5.981143021
5.992655653
6.004301045
6.016079101
6.027983198
6.040002264
6.052136934
6.064381947
6.076731507
6.089189183
6.101756067
6.114432232
6.127220847
6.140123251
6.15314167
6.166278882
6.179535815
6.192913198
6.206414413
6.220051006
6.233832466
6.247716213
6.261726414
6.275870884
6.290153178
6.304575794
6.319142941
6.333860551
6.348735356
6.363774195
6.37898384
6.394371237
6.409943873
6.425709867
6.441677629
6.457855285
6.474250239
6.490869112
6.507718037
6.52480309
6.542130693
6.559707948
6.57754284
6.595643956
6.614019918
6.632679251
6.65163048
6.670882283
6.690443615
6.710323761
6.730532389
6.751079643
6.771976318
6.793234102
6.814865932
6.836886235
6.859312276
6.882157282
6.905432914
6.92915005
6.953319747
6.977953735
7.003063623
7.028661328
7.054757497
7.081361889
7.108482848
7.136126774
7.164298009
7.192996725
7.222217995
7.251953769
7.282204117
7.313000133
7.344428131
7.37609116
7.406516308
7.436183321
7.465961903
7.49579121
7.525819904
7.555988246
7.586303074
7.616631113
7.646714234
7.676434637
7.705681797
7.734288544
7.762023768
7.788652731
7.814009585
7.838031093
7.860658954
7.881909911
7.901713118
7.919324688
7.934967204
7.949906953
7.963564195
7.975383079
7.985943114
7.995638186
8.004591827
8.012886543
8.020817071
8.028923382
8.037446506
8.046739529
8.05725263
8.069019298
8.080765637
8.092268183
8.103176916
8.113328711
8.121654255
8.129090359
8.136355854
8.143036319
8.148772761
8.153322385
8.155444901
8.154973171
8.153415395
8.149911916
8.14421209
8.136399213
8.126378793
8.113968893
8.099031111
8.081542036
8.061470128
8.038654116
8.012834341
7.983817807
7.951542503
7.915960775
7.87698056
7.834263367
7.786259299
7.732775348
7.67296249
7.605170502
7.527601275
7.440572449
7.344725896
7.240512111
7.128345509
7.008688782
6.882188133
6.749696717
6.611828396
6.468486443
6.319539821
6.164917713
6.004566638
5.838567888
5.667072526
5.490247347
5.308339112
5.121692813
4.930739161
4.735980433
4.537967202
4.337317991
4.134729969
3.930933893
3.725974586
3.521159654
3.317618989
3.116173242
2.917564846
2.722325605
2.53122034
2.345792314
2.169345157
2.011023229
1.871581178
1.749857268
1.644323183
1.553424094
1.475614421
1.409441079
1.35353327
1.306591218
1.267400108
1.234864782
1.208017053
1.185986135
1.167998759
1.153381731
1.141556322
1.132033296
1.124395626
1.118292017
1.113433835
1.109584774
1.10654798
1.104157134
1.102274952
1.100803669
1.09965578
1.09876703
1.098083399
1.097559778
1.097159622
1.096854506
1.096624422
1.096453707
1.096327768
1.09623744
1.096164523
1.096097267
1.096043661
1.096000329
1.095965413
1.095936745
1.09591288
1.095891903
1.095875078
1.095866413
1.095858811
1.095865484
1.09587495
1.095883664
1.09589107
1.095901279
1.095919435
1.095947117
1.095985903
1.096033051
1.096086186
1.096138662
1.096194048
1.096257797
1.096329082
1.096406115
1.096487464
1.09657488
1.096663358
1.096752623
1.096835933
1.096929902
1.097030451
1.097148391
1.097269267
1.097390128
1.097510451
1.097630831
1.097753935
1.097881754
1.098010892
1.098158463
1.09831514
1.098474083
1.098630194
1.09877616
1.098921019
1.099081226
1.099239814
1.099401129
1.099566861
1.099736416
1.09990393
1.100074607
1.100248224
1.100423132
1.10059826
1.100774502
1.100953759
1.101136333
1.101325072
1.101519674
1.101717688
1.101919835
1.10212908
1.102339717
1.102551642
1.102764946
1.102980046
1.1031929
1.103410788
1.103633423
1.103861317
1.104094383
1.104330478
1.104566456
1.104795443
1.105032759
1.105273663
1.105517544
1.105763858
1.1060122
1.10626168
1.10651196
1.106770572
1.107033988
1.107301371
1.107571294
1.107842667
1.108115623
1.108388082
1.10866592
1.108947479
1.109232705
1.109521566
1.109814776
1.110112269
1.110415468
1.11072256
1.111032572
1.111345584
1.111661865
1.111978494
1.112294515
1.112614999
1.112938567
1.113266147
1.113597141
1.11392859
1.114260124
1.114598871
1.114942307
1.115289824
1.115640291
1.115992092
1.116348433
1.116708686
1.11707246
1.117439334
1.117809054
1.118180299
1.11855266
1.118927942
1.119305357
1.119684311
1.120064532
1.12044527
1.120824951
1.121208425
1.121593756
1.121980241
1.122367511
1.122755357
1.123143615
1.123532156
1.123919923
1.124306485
1.124693276
1.125078225
1.125462309
1.125846582
1.126230888
1.126614923
1.126998395
1.127382133
1.127765741
1.128149148
1.128530315
1.128910932
1.129291788
1.129672553
1.130052817
1.130431214
1.130809779
1.131188686
1.131568047
1.131947637
1.132325883
1.132704454
1.133083601
1.133463347
1.133844725
1.134225791
1.134605777
1.134986126
1.135366945
1.135748337
1.136128455
1.136510645
1.136894946
1.137280992
1.137668401
1.138055603
1.138446557
1.13884024
1.139236043
1.139633542
1.140031468
1.140433369
1.140837926
1.141244505
1.141652399
1.142059987
1.142472029
1.142887078
1.143304501
1.14372351
1.144143957
1.144565788
1.144988302
1.14541152
1.145834938
1.146261155
1.146689614
1.147120185
1.147552902
1.147987795
1.148424764
1.148863919
1.14930448
1.149746007
1.150191485
1.150639492
1.151089727
1.151542081
1.151995821
1.152451463
1.152909416
1.153374567
1.153840339
1.154306616
1.154773742
1.155242764
1.155713812
1.156185291
1.156657085
1.157132832
1.157617959
1.158096305
1.158574444
1.159052474
1.159527895
1.160003051
1.160471256
1.160936855
1.161410529
1.161881219
1.162350733
1.162814311
1.163269526
1.163734937
1.164204607
1.164678027
1.165160444
1.165638076
1.166115387
1.166596064
1.167084072
1.167571639
1.168060046
1.168550182
1.169042383
1.169537254
1.170035101
1.170538361
1.171039307
1.171539956
1.172041827
1.172546106
1.173050246
1.173554599
1.17405954
1.174565933
1.17507178
1.175577699
1.176084103
1.176591573
1.177098558
1.177605411
1.178112177
1.178619328
1.17912666
1.179634205
1.180141382
1.180648547
1.181155378
1.181662147
1.182168634
1.182675175
1.183182158
1.183689375
1.184197122
1.184704581
1.185212146
1.185719231
1.186225578
1.186731032
1.187235816
1.187739747
1.188243097
1.188745933
1.189248688
1.189751386
1.190254237
1.190757544
1.191261373
1.191765679
1.19227105
1.192777451
1.193284843
1.19379321
1.194302396
1.194812588
1.19532362
1.195835315
1.196347508
1.196860106
1.19737304
1.197886378
1.198400179
1.198914415
1.19942886
1.199943861
1.200459256
1.200974795
1.201490619
1.202006556
1.202522715
1.203038974
1.203555514
1.204072323
1.204589543
1.205107146
1.205625251
1.206144024
1.206663574
1.207184064
1.207705669
1.208228516
1.208752702
1.209278255
1.209805184
1.210333489
1.210863178
1.211394255
1.211926724
1.212460568
1.212995749
1.213532206
1.214069872
1.214608695
1.21514865
1.215689768
1.216231981
1.216775351
1.217319941
1.217865833
1.218413167
1.218962013
1.21951251
1.220064702
1.220618686
1.221174588
1.221732365
1.222292104
1.222853638
1.22341708
1.223982528
1.224550217
1.225122285
1.225708102
1.226347924
1.227117423
1.227510073
1.227634937
1.22746822
1.225886464
1.219814301
1.200068367
1.139390457
0.9619674689
0.5091399395
0.09988583392
0.01558052335
0.005617692412
0.004755060677
0.004683363072
0.004677466759
0.004676983445
0.004676943871
0.004676940633
0.004676940368
0.004676940347
0.004676940346
0.004676940346
0.004676940346
0.004676940346
0.004676940346
0.004676940346
0.004676940346
0.004676940346
0.004676940346
0.004676940346
0.004676940346
0.004676940346
0.004676940346
0.004676940346
0.004676940346
0.004676940346
0.004676940346
0.004676940346
0.004676940346
0.004676940346
0.004676940346
0.004676940346
0.004676940346
0.004676940346
0.004676940346
0.004676940346
0.004676940346
0.004676940346
0.004676940346
0.004676940346
0.004676940346
0.004676940346
0.004676940346
0.004676940346
0.004676940346
0.004676940346
0.004676940346
0.004676940346
0.004676940346
0.004676940346
0.004676940346
0.004676940346
0.004676940346
0.004676940346
0.004676940346
0.004676940346
0.004676940346
0.004676940346
0.004676940346
0.004676940346
0.004676940346
0.004676940346
0.004676940346
0.004676940346
0.004676940346
0.004676940346
0.004676940346
0.004676940346
0.004676940346
0.004676940346
0.004676940346
0.004676940346
0.004676940346
0.004676940346
0.004676940346
0.004676940346
0.004676940346
0.004676940346
0.004676940346
0.004676940346
0.004676940346
0.004676940346
0.004676940346
0.004676940346
0.004676940346
0.004676940346
0.004676940346
0.004676940346
0.004676940346
0.004676940346
0.004676940346
0.004676940346
0.004676940346
0.004676940346
0.004676940346
0.004676940346
0.004676940346
0.004676940346
0.004676940346
0.004676940346
0.004676940346
0.004676940346
0.004676940346
0.004676940346
0.004676940346
0.004676940346
0.004676940346
0.004676940346
0.004676940346
0.004676940346
0.004676940346
0.004676940346
0.004676940346
0.004676940346
0.004676940346
0.004676940346
0.004676940346
0.004676940346
0.004676940346
0.004676940346
0.004676940346
0.004676940346
0.004676940346
0.004676940346
0.004676940346
0.004676940346
0.004676940346
0.004676940346
0.004676940346
0.004676940346
0.004676940346
0.004676940346
0.004676940346
0.004676940346
0.004676940346
0.004676940346
0.004676940346
0.004676940346
0.004676940346
0.004676940346
0.004676940346
0.004676940346
0.004676940346
0.004676940346
0.004676940346
0.004676940346
0.004676940346
0.004676940346
0.004676940346
0.004676940346
0.004676940346
0.004676940346
0.004676940346
0.004676940346
0.004676940346
0.004676940346
0.004676940346
0.004676940346
0.004676940346
0.004676940346
0.004676940346
0.004676940346
0.004676940346
0.004676940346
0.004676940346
0.004676940346
0.004676940346
0.004676940346
0.004676940346
0.004676940346
0.004676940346
0.004676940346
0.004676940346
0.004676940346
0.004676940346
0.004676940346
0.004676940346
0.004676940346
0.004676940346
0.004676940346
0.004676940346
0.004676940346
0.004676940346
0.004676940346
0.004676940346
0.004676940346
0.004676940346
0.004676940346
0.004676940346
0.004676940346
0.004676940346
0.004676940346
0.004676940346
0.004676940346
0.004676940346
0.004676940346
0.004676940346
0.004676940346
0.004676940346
0.004676940346
0.004676940346
0.004676940346
0.004676940346
0.004676940346
0.004676940346
0.004676940346
0.004676940346
0.004676940346
0.004676940346
0.004676940346
0.004676940346
0.004676940346
0.004676940346
0.004676940346
0.004676940346
0.004676940346
0.004676940346
0.004676940346
0.004676940346
0.004676940346
0.004676940346
0.004676940346
0.004676940346
0.004676940346
0.004676940346
0.004676940346
0.004676940346
0.004676940346
0.004676940346
0.004676940346
0.004676940346
0.004676940346
0.004676940346
0.004676940346
0.004676940346
0.004676940346
0.004676940346
0.004676940346
0.004676940346
0.004676940346
0.004676940346
0.004676940346
0.004676940346
0.004676940346
0.004676940346
0.004676940346
0.004676940346
0.004676940346
0.004676940346
0.004676940346
0.004676940346
0.004676940346
0.004676940346
0.004676940346
0.004676940346
0.004676940346
0.004676940346
0.004676940346
0.004676940346
0.004676940346
0.004676940346
0.004676940346
0.004676940346
0.004676940346
0.004676940346
0.004676940346
0.004676940346
0.004676940346
0.004676940346
0.004676940346
0.004676940346
0.004676940346
0.004676940346
0.004676940346
0.004676940346
0.004676940346
0.004676940346
0.004676940346
0.004676940346
0.004676940346
0.004676940346
0.004676940346
0.004676940346
0.004676940346
0.004676940346
0.004676940346
0.004676940346
0.004676940346
0.004676940346
0.004676940346
0.004676940346
0.004676940346
0.004676940346
0.004676940346
0.004676940346
0.004676940346
0.004676940346
0.004676940346
0.004676940346
0.004676940346
0.004676940346
0.004676940346
0.004676940346
0.004676940346
0.004676940346
0.004676940346
0.004676940346
0.004676940346
0.004676940346
0.004676940346
0.004676940346
0.004676940346
0.004676940346
0.004676940346
0.004676940346
0.004676940346
0.004676940346
0.004676940346
0.004676940346
0.004676940346
0.004676940346
0.004676940346
0.004676940346
0.004676940346
0.004676940346
0.004676940346
0.004676940346
0.004676940346
0.004676940346
0.004676940346
0.004676940346
0.004676940346
0.004676940346
0.004676940346
0.004676940346
0.004676940346
0.004676940346
0.004676940346
0.004676940346
0.004676940346
0.004676940346
0.004676940346
0.004676940346
0.004676940346
0.004676940346
0.004676940346
0.004676940346
0.004676940346
0.004676940346
0.004676940346
0.004676940346
0.004676940346
0.004676940346
0.004676940346
0.004676940346
0.004676940346
0.004676940346
0.004676940346
0.004676940346
0.004676940346
0.004676940346
0.004676940346
0.004676940346
0.004676940346
0.004676940346
0.004676940346
0.004676940346
0.004676940346
0.004676940346
0.004676940346
0.004676940346
0.004676940346
0.004676940346
0.004676940346
0.004676940346
0.004676940346
0.004676940346
0.004676940346
0.004676940346
0.004676940346
0.004676940346
0.004676940346
0.004676940346
0.004676940346
0.004676940346
0.004676940346
0.004676940346
0.004676940346
0.004676940346
0.004676940346
0.004676940346
0.004676940346
0.004676940346
0.004676940346
0.004676940346
0.004676940346
0.004676940346
0.004676940346
0.004676940346
0.004676940346
0.004676940346
0.004676940346
0.004676940346
0.004676940346
0.004676940346
0.004676940346
0.004676940346
0.004676940346
0.004676940346
0.004676940346
0.004676940346
0.004676940346
0.004676940346
0.004676940346
0.004676940346
0.004676940346
0.004676940346
0.004676940346
0.004676940346
0.004676940346
0.004676940346
0.004676940346
0.004676940346
0.004676940346
0.004676940346
0.004676940346
0.004676940346
0.004676940346
0.004676940346
0.004676940346
0.004676940346
0.004676940346
0.004676940346
0.004676940346
0.004676940346
0.004676940346
0.004676940346
0.004676940346
0.004676940346
0.004676940346
0.004676940346
0.004676940346
0.004676940346
0.004676940346
0.004676940346
0.004676940346
0.004676940346
0.004676940346
0.004676940346
0.004676940346
0.004676940346
0.004676940346
0.004676940346
0.004676940346
0.004676940346
0.004676940346
0.004676940346
0.004676940346
0.004676940346
0.004676940346
0.004676940346
0.004676940346
0.004676940346
0.004676940346
0.004676940346
0.004676940346
0.004676940346
0.004676940346
0.004676940346
0.004676940346
0.004676940346
0.004676940346
0.004676940346
0.004676940346
0.004676940346
0.004676940346
0.004676940346
0.004676940346
0.004676940346
0.004676940346
0.004676940346
0.004676940346
0.004676940346
0.004676940346
0.004676940346
0.004676940346
0.004676940346
0.004676940346
0.004676940346
0.004676940346
0.004676940346
0.004676940346
0.004676940346
0.004676940346
0.004676940346
0.004676940346
0.004676940346
0.004676940346
0.004676940346
0.004676940346
0.004676940346
0.004676940346
0.004676940346
0.004676940346
0.004676940346
0.004676940346
0.004676940346
0.004676940346
0.004676940346
0.004676940346
0.004676940346
0.004676940346
0.004676940346
0.004676940346
0.004676940346
0.004676940346
0.004676940346
0.004676940346
0.004676940346
0.004676940346
0.004676940346
0.004676940346
0.004676940346
0.004676940346
0.004676940346
0.004676940346
0.004676940346
0.004676940346
0.004676940346
0.004676940346
0.004676940346
0.004676940346
0.004676940346
0.004676940346
0.004676940346
0.004676940346
0.004676940346
0.004676940346
0.004676940346
0.004676940346
0.004676940346
0.004676940346
0.004676940346
0.004676940346
0.004676940346
0.004676940346
0.004676940346
0.004676940346
0.004676940346
0.004676940346
0.004676940346
0.004676940346
0.004676940346
0.004676940346
0.004676940346
0.004676940346
0.004676940346
0.004676940346
0.004676940346
0.004676940346
0.004676940346
0.004676940346
0.004676940346
0.004676940346
0.004676940346
0.004676940346
0.004676940346
0.004676940346
0.004676940346
0.004676940346
0.004676940346
0.004676940346
0.004676940346
0.004676940346
0.004676940346
0.004676940346
0.004676940346
0.004676940346
0.004676940346
0.004676940346
0.004676940346
0.004676940346
0.004676940346
0.004676940346
0.004676940346
0.004676940346
0.004676940346
0.004676940346
0.004676940346
0.004676940346
0.004676940346
0.004676940346
0.004676940346
0.004676940346
0.004676940346
0.004676940346
0.004676940346
0.004676940346
0.004676940346
0.004676940346
0.004676940346
0.004676940346
0.004676940346
0.004676940346
0.004676940346
0.004676940346
0.004676940346
0.004676940346
0.004676940346
0.004676940346
0.004676940346
0.004676940346
0.004676940346
0.004676940346
0.004676940346
0.004676940346
0.004676940346
0.004676940346
0.004676940346
0.004676940346
0.004676940346
0.004676940346
0.004676940346
0.004676940346
0.004676940346
0.004676940346
0.004676940346
0.004676940346
0.004676940346
0.004676940346
0.004676940346
0.004676940346
0.004676940346
0.004676940346
0.004676940346
0.004676940346
0.004676940346
0.004676940346
0.004676940346
0.004676940346
0.004676940346
0.004676940346
0.004676940346
0.004676940346
0.004676940346
0.004676940346
0.004676940346
0.004676940346
0.004676940346
0.004676940346
0.004676940346
0.004676940346
0.004676940346
0.004676940346
0.004676940346
0.004676940346
0.004676940346
0.004676940346
0.004676940346
0.004676940346
0.004676940346
0.004676940346
0.004676940346
0.004676940346
0.004676940346
0.004676940346
0.004676940346
0.004676940346
0.004676940346
0.004676940346
0.004676940346
0.004676940346
0.004676940346
0.004676940346
0.004676940346
0.004676940346
0.004676940346
0.004676940346
0.004676940346
0.004676940346
0.004676940346
0.004676940346
0.004676940346
0.004676940346
0.004676940346
0.004676940346
0.004676940346
0.004676940346
0.004676940346
0.004676940346
0.004676940346
0.004676940346
0.004676940346
0.004676940346
0.004676940346
0.004676940346
0.004676940346
0.004676940346
0.004676940346
0.004676940346
0.004676940346
0.004676940346
0.004676940346
0.004676940346
0.004676940346
0.004676940346
0.004676940346
0.004676940346
0.004676940346
0.004676940346
0.004676940346
0.004676940346
0.004676940346
0.004676940346
0.004676940346
0.004676940346
0.004676940346
0.004676940346
0.004676940346
0.004676940346
0.004676940346
0.004676940346
0.004676940346
0.004676940346
0.004676940346
0.004676940346
0.004676940346
0.004676940346
0.004676940346
0.004676940346
0.004676940346
0.004676940346
0.004676940346
0.004676940346
0.004676940346
0.004676940346
0.004676940346
0.004676940346
0.004676940346
0.004676940346
0.004676940346
0.004676940346
0.004676940346
0.004676940346
0.004676940346
0.004676940346
0.004676940346
0.004676940346
0.004676940346
0.004676940346
0.004676940346
0.004676940346
0.004676940346
0.004676940346
0.004676940346
0.004676940346
0.004676940346
0.004676940346
0.004676940346
0.004676940346
0.004676940346
0.004676940346
0.004676940346
0.004676940346
0.004676940346
0.004676940346
0.004676940346
0.004676940346
0.004676940346
0.004676940346
0.004676940346
0.004676940346
0.004676940346
0.004676940346
0.004676940346
0.004676940346
0.004676940346
0.004676940346
0.004676940346
0.004676940346
0.004676940346
0.004676940346
0.004676940346
0.004676940346
0.004676940346
0.004676940346
0.004676940346
0.004676940346
0.004676940346
0.004676940346
0.004676940346
0.004676940346
0.004676940346
0.004676940346
0.004676940346
0.004676940346
0.004676940346
0.004676940346
0.004676940346
0.004676940346
0.004676940346
0.004676940346
0.004676940346
0.004676940346
0.004676940346
0.004676940346
0.004676940346
0.004676940346
0.004676940346
0.004676940346
0.004676940346
0.004676940346
0.004676940346
0.004676940346
0.004676940346
0.004676940346
0.004676940346
0.004676940346
0.004676940346
0.004676940346
0.004676940346
0.004676940346
0.004676940346
0.004676940346
0.004676940346
0.004676940346
0.004676940346
0.004676940346
0.004676940346
0.004676940346
0.004676940346
0.004676940346
0.004676940346
0.004676940346
0.004676940346
0.004676940346
0.004676940346
0.004676940346
0.004676940346
0.004676940346
0.004676940346
0.004676940346
0.004676940346
0.004676940346
0.004676940346
0.004676940346
0.004676940346
0.004676940346
0.004676940346
0.004676940346
0.004676940346
0.004676940346
0.004676940346
0.004676940346
0.004676940346
0.004676940346
0.004676940346
0.004676940346
0.004676940346
0.004676940346
0.004676940346
0.004676940346
0.004676940346
0.004676940346
0.004676940346
0.004676940346
0.004676940346
0.004676940346
0.004676940346
0.004676940346
0.004676940346
0.004676940346
0.004676940346
0.004676940346
0.004676940346
0.004676940346
0.004676940346
0.004676940346
0.004676940346
0.004676940346
0.004676940346
0.004676940346
0.004676940346
0.004676940346
0.004676940346
0.004676940346
0.004676940346
0.004676940346
0.004676940346
0.004676940346
0.004676940346
0.004676940346
0.004676940346
0.004676940346
0.004676940346
0.004676940346
0.004676940346
0.004676940346
0.004676940346
0.004676940346
0.004676940346
0.004676940346
0.004676940346
0.004676940346
0.004676940346
0.004676940346
0.004676940346
0.004676940346
0.004676940346
0.004676940346
0.004676940346
0.004676940346
0.004676940346
0.004676940346
0.004676940346
0.004676940346
0.004676940346
0.004676940346
0.004676940346
0.004676940346
0.004676940346
0.004676940346
0.004676940346
0.004676940346
0.004676940346
0.004676940346
0.004676940346
0.004676940346
0.004676940346
0.004676940346
0.004676940346
0.004676940346
0.004676940346
0.004676940346
0.004676940346
0.004676940346
0.004676940346
0.004676940346
0.004676940346
0.004676940346
0.004676940346
0.004676940346
0.004676940346
0.004676940346
0.004676940346
0.004676940346
0.004676940346
0.004676940346
0.004676940346
0.004676940346
0.004676940346
0.004676940346
0.004676940346
0.004676940346
0.004676940346
0.004676940346
0.004676940346
0.004676940346
0.004676940346
0.004676940346
0.004676940346
0.004676940346
0.004676940346
0.004676940346
0.004676940346
0.004676940346
0.004676940346
0.004676940346
0.004676940346
0.004676940346
0.004676940346
0.004676940346
0.004676940346
0.004676940346
0.004676940346
0.004676940346
0.004676940346
0.004676940346
0.004676940346
0.004676940346
0.004676940346
0.004676940346
0.004676940346
0.004676940346
0.004676940346
0.004676940346
0.004676940346
0.004676940346
0.004676940346
0.004676940346
0.004676940346
0.004676940346
0.004676940346
0.004676940346
0.004676940346
0.004676940346
0.004676940346
0.004676940346
0.004676940346
0.004676940346
0.004676940346
0.004676940346
0.004676940346
0.004676940346
0.004676940346
0.004676940346
0.004676940346
0.004676940346
0.004676940346
0.004676940346
)
;

boundaryField
{
    side1
    {
        type            calculated;
        value           uniform -4.000192896;
    }
    side2
    {
        type            calculated;
        value           uniform 0.004676940346;
    }
    empty1
    {
        type            empty;
        value           nonuniform List<scalar> 0();
    }
    empty2
    {
        type            empty;
        value           nonuniform List<scalar> 0();
    }
}


// ************************************************************************* //
