/*--------------------------------*- C++ -*----------------------------------*\
| =========                 |                                                 |
| \\      /  F ield         | OpenFOAM: The Open Source CFD Toolbox           |
|  \\    /   O peration     | Version:  2312                                  |
|   \\  /    A nd           | Website:  www.openfoam.com                      |
|    \\/     M anipulation  |                                                 |
\*---------------------------------------------------------------------------*/
FoamFile
{
    version     2.0;
    format      ascii;
    arch        "LSB;label=32;scalar=64";
    class       volScalarField;
    location    "0.003";
    object      rho;
}
// * * * * * * * * * * * * * * * * * * * * * * * * * * * * * * * * * * * * * //

dimensions      [1 -3 0 0 0 0 0];

internalField   nonuniform List<scalar> 
5000
(
1000.048402
1000.048394
1000.048394
1000.048394
1000.048394
1000.048394
1000.048394
1000.048394
1000.048394
1000.048394
1000.048394
1000.048394
1000.048394
1000.048394
1000.048394
1000.048394
1000.048394
1000.048394
1000.048394
1000.048394
1000.048394
1000.048394
1000.048394
1000.048394
1000.048394
1000.048394
1000.048394
1000.048394
1000.048394
1000.048394
1000.048394
1000.048394
1000.048394
1000.048394
1000.048394
1000.048394
1000.048394
1000.048394
1000.048394
1000.048394
1000.048394
1000.048394
1000.048394
1000.048394
1000.048394
1000.048394
1000.048394
1000.048394
1000.048394
1000.048394
1000.048394
1000.048394
1000.048394
1000.048394
1000.048394
1000.048394
1000.048394
1000.048394
1000.048394
1000.048394
1000.048394
1000.048394
1000.048394
1000.048394
1000.048394
1000.048394
1000.048394
1000.048394
1000.048394
1000.048394
1000.048394
1000.048394
1000.048394
1000.048394
1000.048394
1000.048394
1000.048394
1000.048394
1000.048394
1000.048394
1000.048394
1000.048394
1000.048394
1000.048394
1000.048394
1000.048394
1000.048394
1000.048394
1000.048394
1000.048394
1000.048394
1000.048394
1000.048394
1000.048394
1000.048394
1000.048394
1000.048394
1000.048394
1000.048394
1000.048394
1000.048394
1000.048394
1000.048394
1000.048394
1000.048394
1000.048394
1000.048394
1000.048394
1000.048394
1000.048394
1000.048394
1000.048394
1000.048394
1000.048394
1000.048394
1000.048394
1000.048394
1000.048394
1000.048394
1000.048394
1000.048394
1000.048394
1000.048394
1000.048394
1000.048394
1000.048394
1000.048394
1000.048394
1000.048394
1000.048394
1000.048394
1000.048394
1000.048394
1000.048394
1000.048394
1000.048394
1000.048394
1000.048394
1000.048394
1000.048394
1000.048394
1000.048394
1000.048394
1000.048394
1000.048394
1000.048394
1000.048394
1000.048394
1000.048394
1000.048394
1000.048394
1000.048394
1000.048394
1000.048394
1000.048394
1000.048394
1000.048394
1000.048394
1000.048394
1000.048394
1000.048394
1000.048394
1000.048394
1000.048394
1000.048394
1000.048394
1000.048394
1000.048394
1000.048394
1000.048394
1000.048394
1000.048394
1000.048394
1000.048394
1000.048394
1000.048394
1000.048394
1000.048394
1000.048394
1000.048394
1000.048394
1000.048394
1000.048394
1000.048394
1000.048394
1000.048394
1000.048394
1000.048394
1000.048394
1000.048394
1000.048394
1000.048394
1000.048394
1000.048394
1000.048394
1000.048394
1000.048394
1000.048394
1000.048394
1000.048395
1000.048395
1000.048396
1000.048397
1000.048398
1000.0484
1000.048402
1000.048406
1000.048411
1000.048419
1000.04843
1000.048445
1000.048468
1000.048501
1000.048548
1000.048616
1000.048714
1000.048856
1000.049059
1000.049353
1000.049775
1000.050384
1000.05126
1000.052522
1000.054339
1000.056956
1000.060724
1000.066149
1000.073959
1000.0852
1000.101376
1000.124646
1000.158112
1000.206216
1000.275312
1000.374458
1000.516528
1000.719693
1001.009454
1001.42122
1002.00272
1002.817285
1003.946841
1005.486757
1007.541386
1010.205593
1013.317181
1016.161907
1018.565821
1020.615514
1022.24844
1023.527493
1024.551388
1025.357564
1025.966089
1026.392577
1026.744637
1027.007403
1027.187712
1027.312923
1027.420608
1027.500185
1027.548065
1027.567575
1027.581455
1027.597217
1027.604052
1027.601631
1027.596599
1027.58576
1027.567976
1027.542646
1027.509548
1027.469447
1027.426266
1027.382648
1027.340202
1027.29872
1027.257115
1027.215382
1027.173743
1027.132233
1027.089776
1027.04503
1026.999169
1026.95255
1026.904544
1026.853836
1026.802153
1026.749743
1026.69695
1026.643968
1026.59067
1026.535207
1026.480014
1026.42266
1026.363156
1026.303857
1026.243007
1026.182749
1026.123204
1026.061513
1025.998938
1025.935629
1025.870985
1025.805252
1025.739089
1025.672455
1025.605363
1025.53837
1025.471748
1025.404699
1025.337847
1025.271439
1025.203897
1025.135509
1025.065591
1024.994729
1024.925877
1024.856691
1024.78605
1024.717664
1024.649254
1024.578557
1024.507598
1024.437581
1024.366354
1024.294009
1024.222742
1024.151621
1024.079754
1024.007231
1023.935495
1023.86324
1023.791357
1023.718342
1023.644734
1023.571921
1023.498664
1023.425279
1023.352031
1023.277905
1023.204853
1023.130931
1023.056594
1022.982836
1022.907683
1022.831442
1022.757307
1022.684358
1022.609964
1022.533921
1022.45781
1022.382464
1022.3083
1022.233234
1022.157516
1022.082778
1022.008069
1021.932407
1021.856475
1021.781329
1021.705467
1021.629616
1021.554309
1021.478768
1021.403584
1021.327628
1021.251402
1021.177912
1021.1059
1021.031941
1020.956221
1020.880476
1020.80383
1020.726558
1020.649432
1020.574094
1020.500091
1020.424861
1020.348232
1020.271701
1020.196105
1020.121045
1020.046198
1019.971842
1019.89677
1019.822064
1019.749119
1019.675482
1019.600512
1019.525767
1019.453796
1019.382887
1019.310015
1019.235891
1019.162518
1019.08998
1019.017079
1018.943584
1018.870575
1018.797713
1018.7254
1018.653101
1018.581423
1018.509175
1018.436868
1018.36492
1018.292561
1018.221692
1018.150365
1018.078052
1018.00621
1017.934192
1017.861818
1017.789692
1017.719851
1017.64998
1017.579125
1017.508746
1017.437759
1017.36687
1017.296395
1017.22562
1017.154935
1017.083486
1017.011803
1016.942068
1016.871877
1016.80033
1016.730156
1016.659477
1016.587278
1016.515693
1016.444949
1016.374742
1016.305829
1016.236716
1016.166588
1016.096548
1016.026878
1015.957298
1015.887956
1015.817974
1015.748143
1015.678731
1015.609676
1015.542113
1015.474298
1015.405824
1015.337617
1015.269238
1015.201075
1015.13339
1015.065628
1014.998605
1014.931833
1014.864859
1014.797975
1014.732747
1014.666901
1014.600179
1014.534017
1014.467642
1014.401287
1014.336245
1014.270986
1014.204824
1014.138586
1014.07269
1014.007274
1013.941622
1013.876504
1013.812104
1013.74741
1013.682609
1013.6182
1013.553486
1013.488861
1013.424706
1013.360337
1013.296043
1013.231502
1013.167068
1013.102795
1013.038846
1012.974769
1012.911114
1012.84818
1012.784944
1012.721513
1012.658705
1012.596144
1012.533763
1012.47211
1012.410303
1012.34868
1012.287711
1012.226581
1012.165804
1012.106015
1012.047482
1011.988323
1011.929188
1011.870836
1011.812628
1011.755051
1011.698291
1011.641355
1011.585297
1011.529365
1011.47394
1011.418792
1011.364235
1011.310016
1011.255683
1011.201966
1011.148582
1011.095486
1011.04376
1010.991972
1010.940247
1010.888783
1010.837751
1010.787112
1010.737129
1010.687169
1010.637751
1010.588597
1010.539575
1010.491301
1010.443164
1010.395233
1010.347558
1010.300327
1010.254222
1010.207959
1010.161554
1010.116267
1010.070871
1010.025431
1009.980169
1009.935278
1009.890469
1009.846359
1009.802476
1009.759143
1009.716173
1009.673208
1009.630779
1009.58873
1009.546629
1009.505059
1009.464046
1009.423045
1009.382404
1009.342355
1009.302638
1009.262796
1009.223513
1009.184366
1009.14555
1009.106887
1009.068757
1009.030783
1008.993214
1008.955946
1008.918728
1008.881779
1008.84552
1008.80973
1008.773891
1008.737985
1008.702155
1008.66671
1008.63182
1008.59695
1008.561829
1008.527106
1008.492698
1008.458348
1008.424283
1008.390988
1008.357618
1008.324196
1008.290873
1008.257565
1008.224622
1008.191898
1008.159297
1008.126825
1008.094618
1008.062944
1008.031112
1007.999273
1007.967493
1007.93605
1007.904657
1007.87338
1007.842174
1007.811081
1007.780124
1007.749073
1007.718178
1007.687642
1007.65729
1007.626928
1007.596486
1007.566238
1007.536175
1007.506118
1007.476241
1007.446807
1007.417531
1007.388342
1007.35919
1007.330244
1007.301879
1007.273636
1007.245182
1007.217097
1007.189041
1007.161202
1007.13354
1007.10606
1007.078567
1007.051436
1007.024478
1006.997425
1006.970734
1006.94441
1006.918092
1006.89212
1006.866278
1006.840787
1006.815387
1006.790382
1006.765506
1006.740975
1006.716742
1006.692565
1006.668731
1006.645048
1006.621393
1006.598065
1006.575044
1006.552075
1006.529455
1006.507026
1006.484635
1006.462419
1006.440466
1006.418502
1006.396687
1006.37523
1006.353893
1006.332392
1006.31104
1006.289857
1006.268647
1006.247556
1006.226575
1006.205506
1006.184509
1006.163702
1006.142896
1006.122151
1006.101579
1006.081102
1006.060726
1006.040489
1006.020325
1006.000208
1005.980156
1005.960124
1005.94023
1005.920305
1005.900408
1005.880571
1005.860754
1005.841079
1005.821512
1005.802009
1005.782692
1005.763709
1005.74467
1005.725647
1005.706744
1005.687823
1005.669019
1005.65023
1005.631517
1005.612829
1005.594281
1005.57576
1005.557387
1005.539079
1005.520909
1005.502997
1005.485143
1005.467191
1005.449381
1005.431742
1005.414111
1005.39663
1005.379241
1005.361833
1005.344577
1005.327379
1005.310294
1005.293399
1005.276599
1005.259727
1005.243011
1005.226365
1005.20982
1005.193302
1005.176896
1005.160727
1005.144595
1005.12835
1005.112245
1005.096235
1005.080262
1005.064425
1005.048829
1005.033337
1005.017801
1005.002407
1004.987122
1004.971844
1004.956697
1004.941676
1004.926739
1004.911766
1004.896922
1004.882116
1004.867392
1004.852841
1004.838353
1004.823788
1004.80934
1004.794913
1004.780584
1004.766323
1004.752053
1004.737902
1004.723804
1004.709763
1004.695749
1004.681875
1004.668106
1004.654374
1004.640764
1004.62721
1004.613764
1004.600385
1004.586975
1004.573653
1004.560407
1004.547222
1004.534004
1004.520897
1004.507828
1004.494784
1004.481867
1004.469058
1004.456354
1004.44372
1004.431256
1004.418892
1004.406558
1004.394281
1004.382143
1004.369991
1004.357844
1004.345696
1004.333668
1004.321664
1004.309735
1004.297875
1004.286045
1004.274322
1004.262651
1004.251083
1004.239561
1004.228103
1004.216737
1004.205456
1004.194234
1004.183009
1004.171794
1004.160583
1004.149499
1004.138459
1004.127423
1004.116462
1004.105611
1004.094807
1004.084087
1004.073423
1004.062849
1004.052306
1004.041778
1004.031254
1004.020774
1004.010307
1003.99985
1003.989382
1003.97894
1003.968503
1003.95812
1003.947763
1003.937469
1003.927257
1003.917121
1003.907031
1003.897025
1003.887061
1003.877164
1003.867293
1003.857451
1003.84761
1003.837797
1003.828065
1003.818344
1003.808571
1003.798862
1003.78917
1003.779534
1003.76993
1003.76039
1003.750928
1003.741525
1003.732205
1003.722993
1003.713846
1003.704742
1003.6957
1003.686686
1003.677673
1003.668672
1003.65964
1003.650607
1003.641519
1003.632417
1003.623315
1003.61417
1003.605053
1003.596004
1003.58704
1003.578096
1003.569175
1003.560325
1003.551558
1003.542917
1003.534365
1003.525856
1003.517424
1003.509088
1003.50084
1003.492611
1003.484378
1003.476157
1003.467974
1003.459801
1003.451619
1003.443448
1003.435247
1003.427073
1003.418901
1003.410756
1003.402633
1003.394504
1003.386433
1003.378385
1003.370378
1003.362388
1003.354469
1003.346572
1003.338734
1003.330913
1003.323148
1003.315402
1003.307715
1003.300054
1003.292453
1003.284872
1003.27734
1003.26985
1003.262392
1003.255
1003.247617
1003.240266
1003.232928
1003.225637
1003.218379
1003.211154
1003.203977
1003.196835
1003.189731
1003.182602
1003.175494
1003.168401
1003.161332
1003.154262
1003.147238
1003.140225
1003.133237
1003.12626
1003.119293
1003.112364
1003.105458
1003.098539
1003.091654
1003.084798
1003.077929
1003.071089
1003.064253
1003.057446
1003.050654
1003.043859
1003.03711
1003.030382
1003.023683
1003.017031
1003.010429
1003.003869
1002.997362
1002.99092
1002.98451
1002.978138
1002.9718
1002.965464
1002.959137
1002.952818
1002.946486
1002.940157
1002.933796
1002.927431
1002.921071
1002.914692
1002.908338
1002.901996
1002.895677
1002.889392
1002.883159
1002.876964
1002.870825
1002.864725
1002.858668
1002.852655
1002.84668
1002.840712
1002.834754
1002.828797
1002.822854
1002.816931
1002.811029
1002.805126
1002.799272
1002.793439
1002.787657
1002.781932
1002.776247
1002.770619
1002.765032
1002.759498
1002.753979
1002.748488
1002.743016
1002.737537
1002.732072
1002.726608
1002.721148
1002.715686
1002.710233
1002.704781
1002.699345
1002.693913
1002.6885
1002.683093
1002.677702
1002.672322
1002.666957
1002.661603
1002.656264
1002.650937
1002.645632
1002.640332
1002.635054
1002.629798
1002.624573
1002.619385
1002.614237
1002.609139
1002.604071
1002.599047
1002.594045
1002.589051
1002.584073
1002.579106
1002.574139
1002.569195
1002.564244
1002.559263
1002.554304
1002.549399
1002.544521
1002.539669
1002.534871
1002.530136
1002.525458
1002.520838
1002.516281
1002.511759
1002.507255
1002.502773
1002.498301
1002.493827
1002.489355
1002.48487
1002.48038
1002.475868
1002.471354
1002.466842
1002.462334
1002.457842
1002.453389
1002.448961
1002.444543
1002.440154
1002.435805
1002.431494
1002.427212
1002.422938
1002.41867
1002.414407
1002.410127
1002.405832
1002.401523
1002.39719
1002.39283
1002.388452
1002.384049
1002.379637
1002.37523
1002.370823
1002.366424
1002.362046
1002.357679
1002.353329
1002.349004
1002.344685
1002.340376
1002.336062
1002.331747
1002.327416
1002.323077
1002.318735
1002.314381
1002.310019
1002.30566
1002.30131
1002.296978
1002.292667
1002.288382
1002.28413
1002.279906
1002.275715
1002.271569
1002.267456
1002.26336
1002.259294
1002.255238
1002.251203
1002.247181
1002.243169
1002.239149
1002.235153
1002.231162
1002.227192
1002.223239
1002.219291
1002.215363
1002.211444
1002.207551
1002.203661
1002.199791
1002.195931
1002.19209
1002.188255
1002.184455
1002.180678
1002.176923
1002.173205
1002.169521
1002.165871
1002.16226
1002.158688
1002.155148
1002.151631
1002.148147
1002.144671
1002.141214
1002.137769
1002.134322
1002.130885
1002.12745
1002.124017
1002.120588
1002.117153
1002.113715
1002.110277
1002.106838
1002.10339
1002.099939
1002.096479
1002.093018
1002.089544
1002.086072
1002.082603
1002.07914
1002.07569
1002.072251
1002.068834
1002.065437
1002.062049
1002.058681
1002.055339
1002.05201
1002.048696
1002.045389
1002.042092
1002.038804
1002.035526
1002.032249
1002.028979
1002.025716
1002.022449
1002.019194
1002.015948
1002.012701
1002.009461
1002.006229
1002.002992
1001.999757
1001.996527
1001.9933
1001.990075
1001.986858
1001.983644
1001.98044
1001.977239
1001.97406
1001.970894
1001.967738
1001.96459
1001.961465
1001.958361
1001.955279
1001.952207
1001.949139
1001.946093
1001.943056
1001.940038
1001.937041
1001.934051
1001.931081
1001.92812
1001.925177
1001.922242
1001.919319
1001.916406
1001.913501
1001.91059
1001.907691
1001.904792
1001.901906
1001.89903
1001.896167
1001.893314
1001.890478
1001.887661
1001.884853
1001.882062
1001.879282
1001.876513
1001.873745
1001.870983
1001.868227
1001.865467
1001.862711
1001.859959
1001.857201
1001.854444
1001.85169
1001.848935
1001.846177
1001.843418
1001.840659
1001.837896
1001.83513
1001.832359
1001.82958
1001.826802
1001.82402
1001.821229
1001.818435
1001.81564
1001.812838
1001.81003
1001.807205
1001.80437
1001.801527
1001.798667
1001.795793
1001.792895
1001.789979
1001.787045
1001.784078
1001.781101
1001.778096
1001.775079
1001.772039
1001.768994
1001.765947
1001.762915
1001.759892
1001.75689
1001.753895
1001.750922
1001.747956
1001.745013
1001.742077
1001.739167
1001.73627
1001.733397
1001.730546
1001.727718
1001.724921
1001.722151
1001.719407
1001.716693
1001.714
1001.711332
1001.708677
1001.706041
1001.703416
1001.700798
1001.698206
1001.695618
1001.693049
1001.69049
1001.687958
1001.685436
1001.682941
1001.680461
1001.678004
1001.675557
1001.673133
1001.670716
1001.668317
1001.665923
1001.663545
1001.661168
1001.658802
1001.656437
1001.65408
1001.651728
1001.649376
1001.647028
1001.644684
1001.642339
1001.639994
1001.637643
1001.635287
1001.632928
1001.630563
1001.628189
1001.625812
1001.623428
1001.621044
1001.618672
1001.616311
1001.61396
1001.61162
1001.609304
1001.607006
1001.604723
1001.602459
1001.600217
1001.597994
1001.595788
1001.593592
1001.591421
1001.58926
1001.587121
1001.584998
1001.582896
1001.580814
1001.578755
1001.576708
1001.574693
1001.572689
1001.57071
1001.568742
1001.566798
1001.564866
1001.562954
1001.56105
1001.559167
1001.557295
1001.555442
1001.553601
1001.551781
1001.549977
1001.548193
1001.546426
1001.544671
1001.542938
1001.541215
1001.539507
1001.537815
1001.536131
1001.534465
1001.53281
1001.531172
1001.529548
1001.52794
1001.526354
1001.524791
1001.523249
1001.521733
1001.520247
1001.518786
1001.517351
1001.515939
1001.514553
1001.513185
1001.511833
1001.510495
1001.509162
1001.507836
1001.50651
1001.505183
1001.503855
1001.502521
1001.501181
1001.499837
1001.498485
1001.497128
1001.495765
1001.494397
1001.493024
1001.491644
1001.490259
1001.488868
1001.487473
1001.486075
1001.484673
1001.483267
1001.481858
1001.480448
1001.479036
1001.477623
1001.476209
1001.474791
1001.473368
1001.471937
1001.470494
1001.469034
1001.467558
1001.466054
1001.464525
1001.462968
1001.461381
1001.459762
1001.458107
1001.456421
1001.454701
1001.452955
1001.451181
1001.449391
1001.447589
1001.445776
1001.443965
1001.442158
1001.440365
1001.43859
1001.436837
1001.435107
1001.433404
1001.431722
1001.430063
1001.428421
1001.426792
1001.425176
1001.423563
1001.421949
1001.420329
1001.418702
1001.417067
1001.415423
1001.413768
1001.412106
1001.41044
1001.408776
1001.407116
1001.405461
1001.403813
1001.402172
1001.400541
1001.398914
1001.397291
1001.395671
1001.394049
1001.392426
1001.390801
1001.389171
1001.387537
1001.385897
1001.384253
1001.382605
1001.380957
1001.379313
1001.377676
1001.376046
1001.374424
1001.372814
1001.371215
1001.369628
1001.368059
1001.366505
1001.364962
1001.363435
1001.36192
1001.360418
1001.358928
1001.357448
1001.355975
1001.354506
1001.353039
1001.351574
1001.350107
1001.348639
1001.347168
1001.345694
1001.344213
1001.342727
1001.341237
1001.339736
1001.33823
1001.336719
1001.335201
1001.333678
1001.332152
1001.330621
1001.329088
1001.327549
1001.326008
1001.324464
1001.322917
1001.321361
1001.3198
1001.318229
1001.31665
1001.31506
1001.313452
1001.311835
1001.310201
1001.308546
1001.306876
1001.305186
1001.303474
1001.301748
1001.299998
1001.298232
1001.29645
1001.294651
1001.292842
1001.291018
1001.289194
1001.287374
1001.285561
1001.283761
1001.281968
1001.280185
1001.278413
1001.276649
1001.274897
1001.27315
1001.271416
1001.26969
1001.267975
1001.266271
1001.264576
1001.262896
1001.261223
1001.259563
1001.257916
1001.256277
1001.254643
1001.253018
1001.251397
1001.24978
1001.248168
1001.246557
1001.244948
1001.24334
1001.241733
1001.240126
1001.238522
1001.23692
1001.235327
1001.233742
1001.232169
1001.23061
1001.229066
1001.22754
1001.226028
1001.224531
1001.22305
1001.221586
1001.220137
1001.2187
1001.217272
1001.215852
1001.214433
1001.213007
1001.211573
1001.210128
1001.208668
1001.207194
1001.205705
1001.204209
1001.202706
1001.201206
1001.199708
1001.198218
1001.196744
1001.195292
1001.193867
1001.19247
1001.191107
1001.189778
1001.188488
1001.187237
1001.186024
1001.184853
1001.18372
1001.182619
1001.18155
1001.180509
1001.179487
1001.178489
1001.177506
1001.176542
1001.175589
1001.174651
1001.173724
1001.172813
1001.171914
1001.171031
1001.170159
1001.169304
1001.168462
1001.167632
1001.166813
1001.166003
1001.165203
1001.164408
1001.163619
1001.162833
1001.16205
1001.16127
1001.160492
1001.159715
1001.158944
1001.158177
1001.157415
1001.156662
1001.155917
1001.155181
1001.154453
1001.153735
1001.153026
1001.152325
1001.151631
1001.150944
1001.150262
1001.149582
1001.148904
1001.148222
1001.147538
1001.146845
1001.146143
1001.145428
1001.144699
1001.143953
1001.143188
1001.142403
1001.141595
1001.140764
1001.139908
1001.139028
1001.138122
1001.137192
1001.136238
1001.135262
1001.134264
1001.133247
1001.132211
1001.13116
1001.130095
1001.129017
1001.127926
1001.126826
1001.12572
1001.124614
1001.123511
1001.122412
1001.121317
1001.120228
1001.119146
1001.11807
1001.117
1001.115936
1001.114879
1001.113826
1001.112776
1001.111729
1001.110682
1001.109636
1001.108588
1001.107537
1001.106485
1001.105428
1001.104369
1001.103307
1001.102242
1001.101179
1001.10012
1001.099065
1001.098016
1001.096973
1001.095937
1001.094907
1001.093886
1001.092871
1001.091864
1001.090862
1001.089863
1001.088868
1001.087873
1001.086879
1001.085885
1001.084893
1001.083904
1001.082916
1001.081932
1001.080952
1001.079977
1001.079007
1001.078043
1001.077086
1001.076136
1001.075193
1001.074257
1001.073324
1001.072393
1001.071462
1001.070527
1001.069587
1001.068639
1001.067681
1001.066713
1001.065733
1001.064738
1001.063727
1001.062701
1001.06166
1001.060606
1001.059536
1001.058457
1001.057368
1001.056268
1001.055161
1001.054043
1001.052918
1001.051786
1001.050641
1001.049488
1001.048321
1001.047144
1001.04595
1001.044744
1001.043524
1001.042287
1001.041036
1001.039771
1001.038494
1001.037205
1001.035908
1001.034599
1001.033292
1001.031988
1001.030689
1001.029397
1001.028109
1001.026828
1001.025555
1001.024289
1001.02303
1001.021782
1001.020541
1001.019314
1001.018095
1001.016887
1001.015692
1001.014508
1001.013332
1001.012168
1001.011013
1001.009867
1001.008729
1001.007598
1001.006474
1001.005354
1001.004244
1001.003137
1001.002038
1001.000944
1000.999857
1000.998774
1000.997699
1000.99663
1000.995569
1000.994512
1000.993463
1000.992418
1000.991378
1000.990343
1000.989312
1000.988284
1000.987258
1000.986234
1000.985212
1000.984192
1000.983175
1000.982162
1000.981155
1000.980152
1000.979157
1000.978169
1000.977188
1000.976215
1000.975254
1000.974301
1000.97336
1000.97243
1000.971514
1000.970612
1000.969724
1000.968853
1000.968
1000.967163
1000.966344
1000.965542
1000.964758
1000.963991
1000.963241
1000.962509
1000.96179
1000.961086
1000.960393
1000.959709
1000.959034
1000.958365
1000.957703
1000.957045
1000.956392
1000.955742
1000.955095
1000.954453
1000.953814
1000.953181
1000.952554
1000.951936
1000.951326
1000.950729
1000.950144
1000.94957
1000.949009
1000.948461
1000.947927
1000.947406
1000.946899
1000.946405
1000.945923
1000.945452
1000.944992
1000.944539
1000.944094
1000.943653
1000.943216
1000.942779
1000.942343
1000.941904
1000.941462
1000.941014
1000.940559
1000.940096
1000.939624
1000.939142
1000.938649
1000.938144
1000.937628
1000.937102
1000.936564
1000.936017
1000.93546
1000.934894
1000.93432
1000.93374
1000.933152
1000.93256
1000.931962
1000.931363
1000.930758
1000.930151
1000.929542
1000.928929
1000.928316
1000.927699
1000.927081
1000.926458
1000.925831
1000.9252
1000.924562
1000.923915
1000.92326
1000.922596
1000.921924
1000.921243
1000.920554
1000.919857
1000.919156
1000.918451
1000.917744
1000.917034
1000.916326
1000.915621
1000.914921
1000.914227
1000.913541
1000.912863
1000.912193
1000.911533
1000.910883
1000.910241
1000.909605
1000.908975
1000.908349
1000.907724
1000.907098
1000.906468
1000.905831
1000.905186
1000.904531
1000.903865
1000.903189
1000.902502
1000.901805
1000.901098
1000.900384
1000.899663
1000.898937
1000.898207
1000.897475
1000.89674
1000.896004
1000.895266
1000.894527
1000.893786
1000.893041
1000.892292
1000.891537
1000.890776
1000.890006
1000.889227
1000.888438
1000.887637
1000.886823
1000.885995
1000.885153
1000.884294
1000.88342
1000.882527
1000.881618
1000.88069
1000.879746
1000.878783
1000.877804
1000.87681
1000.875801
1000.87478
1000.873747
1000.872707
1000.871663
1000.870621
1000.869582
1000.868546
1000.867515
1000.866491
1000.865474
1000.864467
1000.863469
1000.862484
1000.861509
1000.860548
1000.859599
1000.858663
1000.857737
1000.856821
1000.855916
1000.855019
1000.854132
1000.853252
1000.852378
1000.85151
1000.850648
1000.849791
1000.848941
1000.848095
1000.847257
1000.846426
1000.845602
1000.844787
1000.84398
1000.843181
1000.842391
1000.841609
1000.840834
1000.840067
1000.839306
1000.838552
1000.837802
1000.837058
1000.836318
1000.835583
1000.834852
1000.834125
1000.833401
1000.832679
1000.831959
1000.831241
1000.830524
1000.829815
1000.829116
1000.828429
1000.827754
1000.827091
1000.82644
1000.8258
1000.825171
1000.824551
1000.823941
1000.82334
1000.822746
1000.822159
1000.821577
1000.821002
1000.82043
1000.819862
1000.819295
1000.818731
1000.818167
1000.817603
1000.817038
1000.81647
1000.815899
1000.815322
1000.814739
1000.814146
1000.813544
1000.812927
1000.812296
1000.811652
1000.811014
1000.810387
1000.809775
1000.809184
1000.808614
1000.808067
1000.807546
1000.807053
1000.806587
1000.806149
1000.805736
1000.805349
1000.804986
1000.804642
1000.804317
1000.804008
1000.803713
1000.803429
1000.803154
1000.802885
1000.802623
1000.802363
1000.802106
1000.801851
1000.801597
1000.801342
1000.801087
1000.800831
1000.800573
1000.800313
1000.800049
1000.799779
1000.799503
1000.799219
1000.798926
1000.798624
1000.79831
1000.797982
1000.797641
1000.797287
1000.796918
1000.796535
1000.796139
1000.79573
1000.795311
1000.794881
1000.794442
1000.793996
1000.793544
1000.793093
1000.79264
1000.792186
1000.791729
1000.79127
1000.790807
1000.79034
1000.789868
1000.789391
1000.78891
1000.788424
1000.787935
1000.787442
1000.786947
1000.786451
1000.785956
1000.785461
1000.784969
1000.784479
1000.783994
1000.783512
1000.783035
1000.782563
1000.782096
1000.781632
1000.78117
1000.780711
1000.780251
1000.779792
1000.77933
1000.778865
1000.778395
1000.777919
1000.777436
1000.776943
1000.776441
1000.775928
1000.775404
1000.774869
1000.774322
1000.773763
1000.773192
1000.772608
1000.772011
1000.7714
1000.770775
1000.770137
1000.769484
1000.768817
1000.768136
1000.767441
1000.766733
1000.766012
1000.76528
1000.764536
1000.763783
1000.763021
1000.762253
1000.76148
1000.760703
1000.759923
1000.759143
1000.758363
1000.757585
1000.756809
1000.756035
1000.755263
1000.754492
1000.753719
1000.752945
1000.752167
1000.751388
1000.75061
1000.74983
1000.749052
1000.748275
1000.747499
1000.746726
1000.745955
1000.745187
1000.744422
1000.743663
1000.742908
1000.742161
1000.741421
1000.740689
1000.739968
1000.739256
1000.738557
1000.737869
1000.737195
1000.736534
1000.735888
1000.735257
1000.734639
1000.734037
1000.733448
1000.732873
1000.73231
1000.731758
1000.731217
1000.730685
1000.730162
1000.729644
1000.729134
1000.728628
1000.728126
1000.727627
1000.72713
1000.726633
1000.726136
1000.725637
1000.725135
1000.724628
1000.724115
1000.723593
1000.723061
1000.722517
1000.721958
1000.721391
1000.720825
1000.720262
1000.719705
1000.719154
1000.718611
1000.718075
1000.717548
1000.71703
1000.716519
1000.716017
1000.71552
1000.71503
1000.714544
1000.714063
1000.713585
1000.713108
1000.712632
1000.712156
1000.71168
1000.711201
1000.710717
1000.710226
1000.709727
1000.709217
1000.708694
1000.708154
1000.707595
1000.707016
1000.706417
1000.705815
1000.705232
1000.704669
1000.704129
1000.703617
1000.703135
1000.702685
1000.702268
1000.701885
1000.701536
1000.701221
1000.700938
1000.700686
1000.700462
1000.700265
1000.700091
1000.699938
1000.699802
1000.699681
1000.699573
1000.699475
1000.699383
1000.699296
1000.699212
1000.699128
1000.699044
1000.698958
1000.698868
1000.698772
1000.69867
1000.698559
1000.698437
1000.698302
1000.698152
1000.697987
1000.697804
1000.697602
1000.697381
1000.697141
1000.696884
1000.696609
1000.696319
1000.696014
1000.695696
1000.695365
1000.695024
1000.694673
1000.694312
1000.693942
1000.693562
1000.693174
1000.692782
1000.692386
1000.691987
1000.691586
1000.691183
1000.69078
1000.690375
1000.68997
1000.689565
1000.689162
1000.688761
1000.688365
1000.687974
1000.687587
1000.687207
1000.686832
1000.686464
1000.686103
1000.685748
1000.685398
1000.685053
1000.684711
1000.68437
1000.684028
1000.683683
1000.683333
1000.682974
1000.682606
1000.682225
1000.681829
1000.681418
1000.680991
1000.680546
1000.680085
1000.679607
1000.679112
1000.678601
1000.678075
1000.677536
1000.676982
1000.676418
1000.675841
1000.675255
1000.674657
1000.674051
1000.673435
1000.672811
1000.672177
1000.671537
1000.670888
1000.670233
1000.669569
1000.668898
1000.668219
1000.667536
1000.666853
1000.66617
1000.665491
1000.664814
1000.664144
1000.663481
1000.662825
1000.66218
1000.661547
1000.660924
1000.660315
1000.659718
1000.659136
1000.658566
1000.65801
1000.657466
1000.656935
1000.656415
1000.655906
1000.655408
1000.65492
1000.65444
1000.653969
1000.653506
1000.65305
1000.652602
1000.65216
1000.651724
1000.651293
1000.650866
1000.650444
1000.650024
1000.649606
1000.649189
1000.648771
1000.648351
1000.647929
1000.647504
1000.647074
1000.646639
1000.646198
1000.64575
1000.645295
1000.644834
1000.644365
1000.643889
1000.643404
1000.642912
1000.642412
1000.641903
1000.641387
1000.640863
1000.64033
1000.639789
1000.639242
1000.638703
1000.638177
1000.637666
1000.637172
1000.636697
1000.636242
1000.635807
1000.635391
1000.634994
1000.634613
1000.634248
1000.633894
1000.633549
1000.63321
1000.632876
1000.632542
1000.632208
1000.631873
1000.631537
1000.631195
1000.630845
1000.630484
1000.630111
1000.629723
1000.629317
1000.628894
1000.628451
1000.627992
1000.627529
1000.62708
1000.626645
1000.626226
1000.625826
1000.625443
1000.625082
1000.624743
1000.624425
1000.624129
1000.623855
1000.623601
1000.623359
1000.623141
1000.622932
1000.622741
1000.622555
1000.622383
1000.622218
1000.622065
1000.621919
1000.621795
1000.621673
1000.621558
1000.621455
1000.62135
1000.62126
1000.621173
1000.621095
1000.621018
1000.620943
1000.620876
1000.620808
1000.620739
1000.620672
1000.620597
1000.620509
1000.620413
1000.620301
1000.62018
1000.620042
1000.6199
1000.619734
1000.619561
1000.619375
1000.619182
1000.618974
1000.618752
1000.618532
1000.618298
1000.61806
1000.61781
1000.61755
1000.617283
1000.617018
1000.616737
1000.616443
1000.616155
1000.615861
1000.615569
1000.615273
1000.614981
1000.614688
1000.61442
1000.614165
1000.613911
1000.613643
1000.613364
1000.613085
1000.612821
1000.612547
1000.612259
1000.611984
1000.611701
1000.611422
1000.611179
1000.610968
1000.610784
1000.610639
1000.610258
1000.608181
1000.598848
1000.555315
1000.376556
999.7038312
997.4000765
990.532419
973.1563548
935.9964158
871.8246181
775.376782
660.3533106
543.8463943
440.8703124
358.2621933
291.1334438
240.4422965
202.0237462
172.6678742
149.9718298
132.1805828
118.0056216
106.4385386
96.81639987
88.95741853
82.64498477
77.52794571
73.32065381
69.81941877
66.86384873
64.35660417
62.20006599
60.33818634
58.71912427
57.30653556
56.06834224
54.98106098
54.02377566
53.17957316
52.43460436
51.77759744
51.19737388
50.68504594
50.23394323
49.8345622
49.48449293
49.17492502
48.90481413
48.66745373
48.46111508
48.28167798
48.12665446
47.99338153
47.87949087
47.78274176
47.70098697
47.63219973
47.57449338
47.52611469
47.48543879
47.45099591
47.42149081
47.39578123
47.37285473
47.35184977
47.33207114
47.31299187
47.29414167
47.27516082
47.25576831
47.23579792
47.21510606
47.19343383
47.1704725
47.1459644
47.11969139
47.09140593
47.060825
47.02773874
46.9919837
46.95331087
46.91151547
46.86658078
46.81798523
46.76638752
46.71045198
46.65129063
46.58721321
46.51973567
46.44712998
46.37071387
46.28940222
46.20347917
46.11260105
46.01638651
45.9148163
45.8073195
45.69378515
45.57377989
45.44710413
45.31356291
45.17311933
45.02578606
44.87159196
44.7105873
44.54286949
44.3685771
44.18787819
44.00097613
43.80813133
43.60960897
43.40580324
43.19717209
42.98433855
42.76644422
42.54823157
42.31811695
42.08156177
41.85002013
41.63901508
41.44615872
41.27068229
41.11153989
40.96746753
40.83769169
40.72126559
40.61730295
40.52492525
40.44326811
40.37147138
40.30871415
40.25420086
40.20716668
40.16687989
40.13261455
40.10362907
40.07917863
40.0585473
40.04106925
40.0260691
40.01280453
40.00082494
39.98947384
39.97846625
39.96845687
39.95971578
39.95314546
39.94851944
39.94491579
39.94329307
39.94562584
39.95208076
39.96686509
39.98044016
39.99269861
40.0085784
40.03192313
40.05645148
40.09525287
40.13303643
40.16794891
40.2080885
40.2585076
40.30890224
40.37790645
40.44495996
40.51045314
40.58623804
40.66798294
40.75218459
40.85543045
40.95515357
41.06184814
41.17989204
41.29773157
41.43450319
41.56724165
41.71903564
41.86785356
42.0383623
42.20369966
42.39018795
42.57548771
42.77409089
42.96509587
43.14485122
43.31445566
43.47377821
43.62277713
43.76126326
43.88953952
44.00758259
44.11593589
44.21447902
44.30393096
44.38408833
44.45583783
44.51888072
44.57450654
44.62218251
44.66357506
44.69806014
44.72762707
44.75131582
44.77135789
44.7861498
44.79814833
44.80570215
44.81095557
44.81314051
44.81180547
44.81040259
44.80358092
44.79763142
44.78686987
44.7772027
44.76297066
44.75037361
44.73330653
44.71811502
44.69887934
44.68122586
44.66049749
44.64058967
44.6189624
44.59744339
44.57546724
44.55353688
44.53164936
44.50973493
44.48792024
44.46577857
44.44401618
44.42162632
44.39978129
44.37704705
44.35501107
44.33200055
44.30888657
44.28610162
44.26258539
44.23872225
44.21443689
44.18976854
44.16440499
44.13838069
44.1122494
44.08614745
44.06018679
44.03428272
44.00818787
43.98205193
43.95597371
43.93007914
43.90450054
43.87932605
43.85456916
43.83023558
43.80633866
43.78289387
43.75991331
43.73740698
43.7153847
43.69385403
43.67283022
43.65228709
43.63234313
43.6127077
43.59409454
43.57547378
43.55940029
43.54216574
43.5282961
43.50870305
43.49244374
43.47037127
43.45113284
43.42696055
43.40499621
43.3791559
43.35496461
43.32788914
43.30202962
43.27413049
43.24712944
43.2187657
43.19138177
43.16269922
43.13520593
43.10605073
43.07823473
43.04843456
43.02012259
42.98949524
42.96056198
42.92893006
42.89925304
42.86650624
42.83604077
42.80220155
42.77073928
42.73582325
42.70330065
42.66724907
42.63360276
42.59636707
42.56153635
42.52307817
42.48701071
42.44730327
42.40996368
42.36899361
42.33036999
42.28810438
42.24810535
42.20461572
42.16332733
42.11865984
42.07599374
42.03027912
41.98575337
41.93961953
41.89367446
41.8487544
41.80522821
41.76295838
41.72177879
41.68170983
41.64261234
41.60448283
41.56718735
41.53072207
41.49496875
41.45990899
41.42542119
41.39147344
41.35802261
41.32486581
41.29204003
41.25944051
41.22701988
41.19468698
41.16239324
41.12998339
41.09750549
41.06497161
41.03234392
40.99966161
40.96700669
40.93443808
40.90200207
40.86974591
40.83769088
40.80588124
40.77433142
40.7430852
40.7121534
40.68157243
40.65134897
40.62151152
40.59206048
40.56301803
40.53437553
40.50615259
40.47832698
40.45092334
40.42389568
40.39728569
40.37097404
40.3452544
40.31983812
40.29573579
40.27177796
40.24949933
40.2239224
40.19981554
40.17195217
40.14556212
40.11555756
40.08690641
40.05494913
40.02421031
39.9905282
39.95792441
39.92277074
39.88853697
39.85219295
39.81652368
39.77937331
39.74256107
39.70496318
39.66765269
39.62991597
39.59252431
39.55470008
39.51723644
39.47924149
39.44163127
39.40338028
39.36555606
39.3269756
39.28886969
39.249892
39.21143723
39.17199136
39.13312272
39.09313523
39.05382043
39.01319003
38.97330396
38.93200199
38.89159508
38.84952969
38.80844665
38.76563652
38.72383338
38.68024658
38.63768281
38.59330145
38.5499478
38.50476458
38.46060181
38.4146216
38.36964142
38.32288286
38.27708819
38.22958684
38.18298786
38.13480289
38.08739108
38.03866846
37.99045083
37.94121599
37.89207976
37.84314048
37.79454628
37.74664356
37.69920441
37.65231754
37.60580081
37.55977217
37.51405353
37.46877597
37.42375406
37.3791293
37.33470731
37.29064158
37.24671879
37.203111
37.15959078
37.11632631
37.07319702
37.03021368
36.98736374
36.94444263
36.90186312
36.85912244
36.81670875
36.77407839
36.7317586
36.68918346
36.64690395
36.6043461
36.56206496
36.5194924
36.47717836
36.43456624
36.39219781
36.34952922
36.30709404
36.26436113
36.22185559
36.17905834
36.13648749
36.09363611
36.05101335
36.00811658
35.96544866
35.92250348
35.87978666
35.83678428
35.79401085
35.75093945
35.70809858
35.66494317
35.62202152
35.57876366
35.53574795
35.4923639
35.44923538
35.40570425
35.36244211
35.31874129
35.27532322
35.23142925
35.18783259
35.1437209
35.09992448
35.05556792
35.01156635
34.96691225
34.92263852
34.87769251
34.83319569
34.78790293
34.74310596
34.69747332
34.65235576
34.60636166
34.56090035
34.51452605
34.46870037
34.42192749
34.37571805
34.32852772
34.2819143
34.2342881
34.18725062
34.1391722
34.09169281
34.04314828
33.99521169
33.94618878
33.89778087
33.84826826
33.79937495
33.74936295
33.69997076
33.64945311
33.59955119
33.54852733
33.49810917
33.44658643
33.39564828
33.34364621
33.29216541
33.23974394
33.18772365
33.13498565
33.08229888
33.02945485
32.97696062
32.92480952
32.87317251
32.82196611
32.77126593
32.72096844
32.67115654
32.62174556
32.57280987
32.52427568
32.47620407
32.42852597
32.38128772
32.33441817
32.28795415
32.24183384
32.19609415
32.15065246
32.10543343
32.06055121
32.01591396
31.9715395
31.92736082
31.88338228
31.83954677
31.7958757
31.75227397
31.70883847
31.66537909
31.62200084
31.57845158
31.5349404
31.49142316
31.44792868
31.40451253
31.36128425
31.31810973
31.27499109
31.2319994
31.18919287
31.14664118
31.10436155
31.0623421
31.02057071
30.97904926
30.93779162
30.89681465
30.8561317
30.81575152
30.77568054
30.73592529
30.69649329
30.65739261
30.61863089
30.58021498
30.54215171
30.50444729
30.46710748
30.43013784
30.39354381
30.35733066
30.32150335
30.28606646
30.25102404
30.21637964
30.18213618
30.14829603
30.11486088
30.08183181
30.04920914
30.01699249
29.98518067
29.95377163
29.92276244
29.89214919
29.86192702
29.83209004
29.80263136
29.77354311
29.74481644
29.71644155
29.6884077
29.66070331
29.63331567
29.60623286
29.57943777
29.55291689
29.52663859
29.50063407
29.47478083
29.44965253
29.42325375
29.39733841
29.36932004
29.34184462
29.31223271
29.28314017
29.25194984
29.2212519
29.18852024
29.15625564
29.12203482
29.08826006
29.05260825
29.01739008
28.9803654
28.94377138
28.90542944
28.86752171
28.82791626
28.7887432
28.74792788
28.70746969
28.66558243
28.62400866
28.58129417
28.5385964
28.49509198
28.45156633
28.4076585
28.36333438
28.31865662
28.27370271
28.22850367
28.18306983
28.13741907
28.09157106
28.04554367
27.99935289
27.95301996
27.90656221
27.85999046
27.81331881
27.76657435
27.71978924
27.67298824
27.62617915
27.57935517
27.53250744
27.48562621
27.43870136
27.39172914
27.34470467
27.29762169
27.25048711
27.20330949
27.15608587
27.10881478
27.06148564
27.01409044
26.96663675
26.91913892
26.87159033
26.82393796
26.77615532
26.72836208
26.6805141
26.6325292
26.58443928
26.53625842
26.48797666
26.43958568
26.39108376
26.34246129
26.29370985
26.24482592
26.19582239
26.14671215
26.09751203
26.04821331
25.99881095
25.94930777
25.89968682
25.84996225
25.80012786
25.750204
25.70017385
25.65002071
25.59976908
25.54939562
25.49889511
25.4482435
25.39744791
25.34651796
25.29542712
25.24414266
25.19268687
25.14107685
25.08929008
25.03730912
24.98516165
24.9328879
24.88048313
24.82793052
24.77522074
24.72234841
24.66931468
24.61612185
24.56277048
24.50925843
24.45558074
24.4017288
24.34769213
24.29346133
24.23904056
24.18443153
24.12962337
24.07461268
24.0193952
23.96396673
23.90832418
23.85246442
23.79638336
23.74007637
23.68353957
23.62677132
23.56976964
23.51254867
23.45512481
23.39750119
23.33968443
23.281686
23.22351514
23.16517943
23.10668889
23.0480447
22.98925373
22.93031722
22.87123656
22.81201644
22.75265535
22.69315686
22.63352399
22.57375581
22.5138557
22.45382834
22.39367338
22.33339334
22.27299469
22.21247887
22.15184828
22.09111134
22.03027368
21.96933917
21.90830925
21.8471829
21.7859638
21.72465853
21.66327358
21.60181603
21.54029363
21.47871397
21.41709059
21.35546935
21.29394763
21.23260488
21.17144501
21.11044148
21.04956636
20.98881831
20.92821303
20.8677462
20.80749256
20.74752539
20.687789
20.62822093
20.56875424
20.50971708
20.45130841
20.39345165
20.33605931
20.27921652
20.22309524
20.16771542
20.11290536
20.05849533
20.00441603
19.95062611
19.89709891
19.84383033
19.7907934
19.73792851
19.6852076
19.63234372
19.58168817
19.53235677
19.4876435
19.44527496
19.40695044
19.36984218
19.33668289
19.30488096
19.27615981
19.24821981
19.22256862
19.19799755
19.17583119
19.1546016
19.13438202
19.11528116
19.09815743
19.08247501
19.06872073
19.0570465
19.04647298
19.03682624
19.02915869
19.02600646
19.02585971
19.03054271
19.03921461
19.05172954
19.06792976
19.08756863
19.11046159
19.13625962
19.16467193
19.19532974
19.22780993
19.26172141
19.29662081
19.33223463
19.3682943
19.40462936
19.44106282
19.47750097
19.51377465
19.54971677
19.58536562
19.62025162
19.65437636
19.68754943
19.71978285
19.75107293
19.78107731
19.80960937
19.83675765
19.8628164
19.8879164
19.91203633
19.9352648
19.95791831
19.98035779
20.00286605
20.02572747
20.04909065
20.07292557
20.09717346
20.12179995
20.14677961
20.17211294
20.19779326
20.22381774
20.25018569
20.27689532
20.30393892
20.33130875
20.35900295
20.3870296
20.41539266
20.44408328
20.47308459
20.50236771
20.53189428
20.56161757
20.59148785
20.62139071
20.65124373
20.68099434
20.71061354
20.74010906
20.7695256
20.79895964
20.82847621
20.85820998
20.88835175
20.91892378
20.94979978
20.98085884
21.01198022
21.04308688
21.07413342
21.10495632
21.13540578
21.1654021
21.19486436
21.22370244
21.25185694
21.27934737
21.3064728
21.33479537
21.36489668
21.39634433
21.42798093
21.45925632
21.48960513
21.51874804
21.54704848
21.57468178
21.60182249
21.62856796
21.65504997
21.68139739
21.70766972
21.73411726
21.76065728
21.78764406
21.81500641
21.84303808
21.87172544
21.90120946
21.93157059
21.96283067
21.99481715
22.02776809
22.06148653
22.09603459
22.13131221
22.16736456
22.20409057
22.24149527
22.27954252
22.31822093
22.35741898
22.39723255
22.43753776
22.47833972
22.51964157
22.5613894
22.60356908
22.64620943
22.68928034
22.73278913
22.77674178
22.82113028
22.86596726
22.91125597
22.95699446
23.00318844
23.04986188
23.09707378
23.14473308
23.19282216
23.24140462
23.29050142
23.34012138
23.39027643
23.44098658
23.49227654
23.54417108
23.5966932
23.64986505
23.70371026
23.75825573
23.81353122
23.86956687
23.92639039
23.98402572
24.04249371
24.10181403
24.1620071
24.22309565
24.28510583
24.34806705
24.41200973
24.47696375
24.54295852
24.61002359
24.67818933
24.74748733
24.81795072
24.88961464
24.96251688
25.03669894
25.11220735
25.18909401
25.26742259
25.34725299
25.42862887
25.51159426
25.59618356
25.68244115
25.770408
25.86012762
25.95164544
26.04499678
26.14021989
26.23734232
26.33638751
26.4373702
26.5402854
26.64511481
26.75184133
26.86051708
26.97134635
27.08430636
27.19521108
27.30181978
27.40779619
27.51400046
27.62062991
27.72802197
27.83595822
27.94431606
28.0522342
28.15908958
28.26439097
28.36775271
28.46831414
28.56531224
28.65788085
28.74567412
28.82848396
28.90612359
28.97886281
29.04486549
29.10292846
29.15578032
29.20602497
29.24989242
29.28803097
29.32225689
29.3536672
29.38237539
29.40908189
29.4355142
29.46293285
29.49253595
29.52568712
29.56386295
29.60440051
29.64415628
29.68248854
29.71826664
29.74968472
29.7751244
29.79933013
29.8221402
29.84215958
29.85831114
29.86820965
29.86811844
29.86213641
29.85040038
29.83091569
29.80369155
29.7686103
29.72513976
29.67266281
29.61093256
29.5399244
29.45932389
29.36830972
29.26597848
29.15185194
29.02573417
28.88729636
28.73604809
28.56855476
28.38051693
28.17226912
27.93774652
27.67091623
27.36839976
27.03268817
26.66567163
26.26885047
25.84357558
25.39169886
24.91614518
24.42009296
23.90445852
23.36874777
22.81262371
22.23586825
21.63845448
21.02083697
20.38354299
19.72725061
19.05303485
18.36235416
17.65696719
16.93885846
16.2101599
15.47325202
14.73090555
13.98441301
13.23572574
12.49002801
11.75063685
11.0204475
10.30171265
9.596735544
8.909313277
8.24767361
7.634241796
7.091552872
6.61552629
6.201390805
5.843588835
5.536362808
5.274205784
5.051984815
4.864770259
4.708008558
4.577428094
4.469273004
4.380278327
4.307426951
4.248074108
4.199930695
4.161034964
4.12974007
4.104624508
4.084526716
4.068508622
4.055775683
4.045681201
4.037617301
4.031169029
4.02606138
4.022025793
4.018859109
4.0163672
4.014392488
4.01280895
4.011541468
4.010542227
4.009749835
4.009156066
4.008503834
4.007927886
4.007308573
4.006738527
4.006218781
4.005748168
4.005309216
4.004884969
4.004473255
4.004089833
4.003635129
4.003330367
4.003164838
4.003231622
4.002390544
4.001781415
4.001339972
4.000955631
4.000801119
4.000728785
4.000854785
4.00056342
4.000299429
4.000152228
4.000045023
3.99996453
3.999916353
3.999935261
3.999796671
3.999699346
3.99974483
3.999385502
3.999094649
3.999139488
3.999275098
3.999395807
3.999480315
3.999523733
3.999542035
3.999585578
3.999366526
3.999483117
3.999701106
3.999943209
4.000159417
4.000262723
4.000311311
4.000340092
4.00055358
4.000722409
4.000871966
4.001002848
4.000901959
4.001186027
4.001446437
4.001691355
4.00192816
4.002156926
4.002373591
4.002553661
4.002444636
4.00292063
4.003304364
4.003630247
4.003934914
4.004316308
4.004683141
4.005025212
4.005303409
4.005156636
4.005762145
4.006273232
4.006730285
4.007173151
4.007593168
4.007935899
4.0077367
4.008498519
4.009126287
4.009672593
4.0101807
4.01063907
4.01098847
4.010757122
4.011745737
4.012483522
4.013125178
4.013721897
4.014258633
4.014660542
4.014462692
4.015561515
4.016363807
4.017048984
4.017676956
4.018249687
4.018675281
4.018486853
4.019708435
4.020592871
4.021343538
4.022015231
4.022511018
4.022393658
4.023731841
4.024683569
4.02551884
4.026287092
4.026816856
4.026733907
4.028167787
4.029179009
4.030031611
4.030683661
4.030800842
4.032149554
4.033186426
4.034116519
4.03501354
4.035889624
4.036446059
4.036419082
4.038025214
4.039154567
4.040142352
4.041052426
4.04171106
4.041810489
4.043319574
4.044450207
4.045463864
4.0464333
4.047382476
4.048321596
4.04925315
4.050162163
4.051039165
4.051629886
4.051587555
4.053127903
4.054236932
4.055189062
4.056075693
4.05693183
4.057745063
4.058518271
4.059104767
4.05900522
4.060480505
4.06155392
4.062420411
4.063037112
4.062946388
4.064389094
4.065444969
4.066292178
4.066895915
4.066788378
4.068238553
4.069296746
4.070151491
4.07076957
4.07070154
4.07216694
4.073233196
4.07409548
4.074726565
4.074665371
4.076097623
4.077156868
4.078017771
4.078648861
4.07855707
4.080003708
4.081080418
4.081953341
4.082589919
4.082475257
4.083972394
4.085081139
4.085978474
4.086628351
4.086497791
4.08806635
4.089231813
4.090236839
4.091173925
4.092073501
4.092941437
4.093749516
4.094350774
4.0941035
4.095673262
4.096857037
4.09786034
4.098792796
4.099694398
4.10057397
4.101401716
4.102031729
4.10181273
4.103520213
4.104787842
4.105881947
4.106903501
4.107866627
4.108768227
4.109453486
4.109372279
4.111209224
4.112537658
4.113672236
4.114728941
4.115750172
4.116717744
4.117633332
4.118354804
4.118388116
4.120237324
4.12160927
4.122810173
4.123931035
4.124971052
4.125919694
4.126693798
4.126844812
4.128556017
4.129859123
4.130932793
4.131796389
4.132769413
4.133744567
4.134682929
4.135429921
4.136724483
4.13786734
4.138896663
4.139781664
4.140986937
4.142116618
4.143201533
4.144265432
4.145360338
4.146445318
4.147462762
4.148699225
4.149874882
4.151008987
4.152098232
4.153283931
4.154447183
4.155594544
4.156719252
4.157904857
4.159075015
4.160233669
4.161373173
4.162562451
4.163737499
4.164901811
4.166073896
4.167244488
4.168409316
4.169590888
4.170767334
4.171935272
4.173113062
4.17428732
4.175451634
4.176636319
4.177815146
4.178990079
4.18017424
4.181354154
4.182537736
4.183716636
4.18489335
4.186072166
4.187251075
4.188426604
4.18959719
4.190773206
4.191947615
4.193120068
4.194287314
4.195466509
4.196644104
4.19782162
4.199003685
4.200189049
4.201371809
4.202563341
4.203756653
4.204951806
4.20614849
4.207345833
4.208543187
4.209740538
4.210938126
4.212134398
4.213337527
4.2145392
4.215742
4.216945068
4.218151576
4.219356351
4.220565827
4.221773563
4.222984388
4.224194805
4.225406712
4.22661954
4.227833188
4.229047282
4.230262415
4.231479168
4.232698327
4.233920758
4.235147043
4.236377253
4.237611027
4.238847809
4.240087148
4.241328877
4.242573126
4.243820225
4.245070514
4.246324157
4.247581047
4.24884088
4.250103366
4.251368415
4.252636248
4.253906844
4.255180022
4.256455945
4.257734556
4.259016071
4.260300707
4.261588846
4.262880689
4.264176025
4.265475691
4.266778993
4.268086595
4.269398485
4.270713355
4.272033954
4.273357181
4.274688407
4.27603803
4.27746186
4.27912074
4.280617046
4.281063931
4.281075594
4.279169673
4.270630074
4.241646772
4.15103397
3.87977599
3.132633855
1.831053092
1.280654865
1.180310019
1.170172676
1.169312654
1.169241458
1.169235609
1.169235129
1.16923509
1.169235087
1.169235086
1.169235086
1.169235086
1.169235086
1.169235086
1.169235086
1.169235086
1.169235086
1.169235086
1.169235086
1.169235086
1.169235086
1.169235086
1.169235086
1.169235086
1.169235086
1.169235086
1.169235086
1.169235086
1.169235086
1.169235086
1.169235086
1.169235086
1.169235086
1.169235086
1.169235086
1.169235086
1.169235086
1.169235086
1.169235086
1.169235086
1.169235086
1.169235086
1.169235086
1.169235086
1.169235086
1.169235086
1.169235086
1.169235086
1.169235086
1.169235086
1.169235086
1.169235086
1.169235086
1.169235086
1.169235086
1.169235086
1.169235086
1.169235086
1.169235086
1.169235086
1.169235086
1.169235086
1.169235086
1.169235086
1.169235086
1.169235086
1.169235086
1.169235086
1.169235086
1.169235086
1.169235086
1.169235086
1.169235086
1.169235086
1.169235086
1.169235086
1.169235086
1.169235086
1.169235086
1.169235086
1.169235086
1.169235086
1.169235086
1.169235086
1.169235086
1.169235086
1.169235086
1.169235086
1.169235086
1.169235086
1.169235086
1.169235086
1.169235086
1.169235086
1.169235086
1.169235086
1.169235086
1.169235086
1.169235086
1.169235086
1.169235086
1.169235086
1.169235086
1.169235086
1.169235086
1.169235086
1.169235086
1.169235086
1.169235086
1.169235086
1.169235086
1.169235086
1.169235086
1.169235086
1.169235086
1.169235086
1.169235086
1.169235086
1.169235086
1.169235086
1.169235086
1.169235086
1.169235086
1.169235086
1.169235086
1.169235086
1.169235086
1.169235086
1.169235086
1.169235086
1.169235086
1.169235086
1.169235086
1.169235086
1.169235086
1.169235086
1.169235086
1.169235086
1.169235086
1.169235086
1.169235086
1.169235086
1.169235086
1.169235086
1.169235086
1.169235086
1.169235086
1.169235086
1.169235086
1.169235086
1.169235086
1.169235086
1.169235086
1.169235086
1.169235086
1.169235086
1.169235086
1.169235086
1.169235086
1.169235086
1.169235086
1.169235086
1.169235086
1.169235086
1.169235086
1.169235086
1.169235086
1.169235086
1.169235086
1.169235086
1.169235086
1.169235086
1.169235086
1.169235086
1.169235086
1.169235086
1.169235086
1.169235086
1.169235086
1.169235086
1.169235086
1.169235086
1.169235086
1.169235086
1.169235086
1.169235086
1.169235086
1.169235086
1.169235086
1.169235086
1.169235086
1.169235086
1.169235086
1.169235086
1.169235086
1.169235086
1.169235086
1.169235086
1.169235086
1.169235086
1.169235086
1.169235086
1.169235086
1.169235086
1.169235086
1.169235086
1.169235086
1.169235086
1.169235086
1.169235086
1.169235086
1.169235086
1.169235086
1.169235086
1.169235086
1.169235086
1.169235086
1.169235086
1.169235086
1.169235086
1.169235086
1.169235086
1.169235086
1.169235086
1.169235086
1.169235086
1.169235086
1.169235086
1.169235086
1.169235086
1.169235086
1.169235086
1.169235086
1.169235086
1.169235086
1.169235086
1.169235086
1.169235086
1.169235086
1.169235086
1.169235086
1.169235086
1.169235086
1.169235086
1.169235086
1.169235086
1.169235086
1.169235086
1.169235086
1.169235086
1.169235086
1.169235086
1.169235086
1.169235086
1.169235086
1.169235086
1.169235086
1.169235086
1.169235086
1.169235086
1.169235086
1.169235086
1.169235086
1.169235086
1.169235086
1.169235086
1.169235086
1.169235086
1.169235086
1.169235086
1.169235086
1.169235086
1.169235086
1.169235086
1.169235086
1.169235086
1.169235086
1.169235086
1.169235086
1.169235086
1.169235086
1.169235086
1.169235086
1.169235086
1.169235086
1.169235086
1.169235086
1.169235086
1.169235086
1.169235086
1.169235086
1.169235086
1.169235086
1.169235086
1.169235086
1.169235086
1.169235086
1.169235086
1.169235086
1.169235086
1.169235086
1.169235086
1.169235086
1.169235086
1.169235086
1.169235086
1.169235086
1.169235086
1.169235086
1.169235086
1.169235086
1.169235086
1.169235086
1.169235086
1.169235086
1.169235086
1.169235086
1.169235086
1.169235086
1.169235086
1.169235086
1.169235086
1.169235086
1.169235086
1.169235086
1.169235086
1.169235086
1.169235086
1.169235086
1.169235086
1.169235086
1.169235086
1.169235086
1.169235086
1.169235086
1.169235086
1.169235086
1.169235086
1.169235086
1.169235086
1.169235086
1.169235086
1.169235086
1.169235086
1.169235086
1.169235086
1.169235086
1.169235086
1.169235086
1.169235086
1.169235086
1.169235086
1.169235086
1.169235086
1.169235086
1.169235086
1.169235086
1.169235086
1.169235086
1.169235086
1.169235086
1.169235086
1.169235086
1.169235086
1.169235086
1.169235086
1.169235086
1.169235086
1.169235086
1.169235086
1.169235086
1.169235086
1.169235086
1.169235086
1.169235086
1.169235086
1.169235086
1.169235086
1.169235086
1.169235086
1.169235086
1.169235086
1.169235086
1.169235086
1.169235086
1.169235086
1.169235086
1.169235086
1.169235086
1.169235086
1.169235086
1.169235086
1.169235086
1.169235086
1.169235086
1.169235086
1.169235086
1.169235086
1.169235086
1.169235086
1.169235086
1.169235086
1.169235086
1.169235086
1.169235086
1.169235086
1.169235086
1.169235086
1.169235086
1.169235086
1.169235086
1.169235086
1.169235086
1.169235086
1.169235086
1.169235086
1.169235086
1.169235086
1.169235086
1.169235086
1.169235086
1.169235086
1.169235086
1.169235086
1.169235086
1.169235086
1.169235086
1.169235086
1.169235086
1.169235086
1.169235086
1.169235086
1.169235086
1.169235086
1.169235086
1.169235086
1.169235086
1.169235086
1.169235086
1.169235086
1.169235086
1.169235086
1.169235086
1.169235086
1.169235086
1.169235086
1.169235086
1.169235086
1.169235086
1.169235086
1.169235086
1.169235086
1.169235086
1.169235086
1.169235086
1.169235086
1.169235086
1.169235086
1.169235086
1.169235086
1.169235086
1.169235086
1.169235086
1.169235086
1.169235086
1.169235086
1.169235086
1.169235086
1.169235086
1.169235086
1.169235086
1.169235086
1.169235086
1.169235086
1.169235086
1.169235086
1.169235086
1.169235086
1.169235086
1.169235086
1.169235086
1.169235086
1.169235086
1.169235086
1.169235086
1.169235086
1.169235086
1.169235086
1.169235086
1.169235086
1.169235086
1.169235086
1.169235086
1.169235086
1.169235086
1.169235086
1.169235086
1.169235086
1.169235086
1.169235086
1.169235086
1.169235086
1.169235086
1.169235086
1.169235086
1.169235086
1.169235086
1.169235086
1.169235086
1.169235086
1.169235086
1.169235086
1.169235086
1.169235086
1.169235086
1.169235086
1.169235086
1.169235086
1.169235086
1.169235086
1.169235086
1.169235086
1.169235086
1.169235086
1.169235086
1.169235086
1.169235086
1.169235086
1.169235086
1.169235086
1.169235086
1.169235086
1.169235086
1.169235086
1.169235086
1.169235086
1.169235086
1.169235086
1.169235086
1.169235086
1.169235086
1.169235086
1.169235086
1.169235086
1.169235086
1.169235086
1.169235086
1.169235086
1.169235086
1.169235086
1.169235086
1.169235086
1.169235086
1.169235086
1.169235086
1.169235086
1.169235086
1.169235086
1.169235086
1.169235086
1.169235086
1.169235086
1.169235086
1.169235086
1.169235086
1.169235086
1.169235086
1.169235086
1.169235086
1.169235086
1.169235086
1.169235086
1.169235086
1.169235086
1.169235086
1.169235086
1.169235086
1.169235086
1.169235086
1.169235086
1.169235086
1.169235086
1.169235086
1.169235086
1.169235086
1.169235086
1.169235086
1.169235086
1.169235086
1.169235086
1.169235086
1.169235086
1.169235086
1.169235086
1.169235086
1.169235086
1.169235086
1.169235086
1.169235086
1.169235086
1.169235086
1.169235086
1.169235086
1.169235086
1.169235086
1.169235086
1.169235086
1.169235086
1.169235086
1.169235086
1.169235086
1.169235086
1.169235086
1.169235086
1.169235086
1.169235086
1.169235086
1.169235086
1.169235086
1.169235086
1.169235086
1.169235086
1.169235086
1.169235086
1.169235086
1.169235086
1.169235086
1.169235086
1.169235086
1.169235086
1.169235086
1.169235086
1.169235086
1.169235086
1.169235086
1.169235086
1.169235086
1.169235086
1.169235086
1.169235086
1.169235086
1.169235086
1.169235086
1.169235086
1.169235086
1.169235086
1.169235086
1.169235086
1.169235086
1.169235086
1.169235086
1.169235086
1.169235086
1.169235086
1.169235086
1.169235086
1.169235086
1.169235086
1.169235086
1.169235086
1.169235086
1.169235086
1.169235086
1.169235086
1.169235086
1.169235086
1.169235086
1.169235086
1.169235086
1.169235086
1.169235086
1.169235086
1.169235086
1.169235086
1.169235086
1.169235086
1.169235086
1.169235086
1.169235086
1.169235086
1.169235086
1.169235086
1.169235086
1.169235086
1.169235086
1.169235086
1.169235086
1.169235086
1.169235086
1.169235086
1.169235086
1.169235086
1.169235086
1.169235086
1.169235086
1.169235086
1.169235086
1.169235086
1.169235086
1.169235086
1.169235086
1.169235086
1.169235086
1.169235086
1.169235086
1.169235086
1.169235086
1.169235086
1.169235086
1.169235086
1.169235086
1.169235086
1.169235086
1.169235086
1.169235086
1.169235086
1.169235086
1.169235086
1.169235086
1.169235086
1.169235086
1.169235086
1.169235086
1.169235086
1.169235086
1.169235086
1.169235086
1.169235086
1.169235086
1.169235086
1.169235086
1.169235086
1.169235086
1.169235086
1.169235086
1.169235086
1.169235086
1.169235086
1.169235086
1.169235086
1.169235086
1.169235086
1.169235086
1.169235086
1.169235086
1.169235086
1.169235086
1.169235086
1.169235086
1.169235086
1.169235086
1.169235086
1.169235086
1.169235086
1.169235086
1.169235086
1.169235086
1.169235086
1.169235086
1.169235086
1.169235086
1.169235086
1.169235086
1.169235086
1.169235086
1.169235086
1.169235086
1.169235086
1.169235086
1.169235086
1.169235086
1.169235086
1.169235086
1.169235086
1.169235086
1.169235086
1.169235086
1.169235086
1.169235086
1.169235086
1.169235086
1.169235086
1.169235086
1.169235086
1.169235086
1.169235086
1.169235086
1.169235086
1.169235086
1.169235086
1.169235086
1.169235086
1.169235086
1.169235086
1.169235086
1.169235086
1.169235086
1.169235086
1.169235086
1.169235086
1.169235086
1.169235086
1.169235086
1.169235086
1.169235086
1.169235086
1.169235086
1.169235086
1.169235086
1.169235086
1.169235086
1.169235086
1.169235086
1.169235086
1.169235086
1.169235086
1.169235086
1.169235086
1.169235086
1.169235086
1.169235086
1.169235086
1.169235086
1.169235086
1.169235086
1.169235086
1.169235086
1.169235086
1.169235086
1.169235086
1.169235086
1.169235086
1.169235086
1.169235086
1.169235086
1.169235086
1.169235086
1.169235086
1.169235086
1.169235086
1.169235086
1.169235086
1.169235086
1.169235086
1.169235086
1.169235086
1.169235086
1.169235086
1.169235086
1.169235086
1.169235086
1.169235086
1.169235086
1.169235086
1.169235086
1.169235086
1.169235086
1.169235086
1.169235086
1.169235086
1.169235086
1.169235086
1.169235086
1.169235086
1.169235086
1.169235086
1.169235086
1.169235086
1.169235086
1.169235086
1.169235086
1.169235086
1.169235086
1.169235086
1.169235086
1.169235086
1.169235086
1.169235086
1.169235086
1.169235086
1.169235086
1.169235086
1.169235086
1.169235086
1.169235086
1.169235086
1.169235086
1.169235086
1.169235086
1.169235086
1.169235086
1.169235086
1.169235086
1.169235086
1.169235086
1.169235086
1.169235086
1.169235086
1.169235086
1.169235086
1.169235086
1.169235086
1.169235086
1.169235086
1.169235086
1.169235086
1.169235086
1.169235086
1.169235086
1.169235086
1.169235086
1.169235086
1.169235086
1.169235086
1.169235086
1.169235086
1.169235086
1.169235086
1.169235086
1.169235086
1.169235086
1.169235086
1.169235086
1.169235086
1.169235086
1.169235086
1.169235086
1.169235086
1.169235086
1.169235086
1.169235086
1.169235086
1.169235086
1.169235086
1.169235086
1.169235086
1.169235086
1.169235086
1.169235086
1.169235086
1.169235086
1.169235086
1.169235086
1.169235086
1.169235086
1.169235086
1.169235086
1.169235086
1.169235086
1.169235086
1.169235086
1.169235086
1.169235086
1.169235086
1.169235086
1.169235086
1.169235086
1.169235086
1.169235086
1.169235086
1.169235086
1.169235086
1.169235086
1.169235086
1.169235086
1.169235086
1.169235086
1.169235086
1.169235086
1.169235086
1.169235086
1.169235086
1.169235086
1.169235086
1.169235086
1.169235086
1.169235086
1.169235086
1.169235086
1.169235086
1.169235086
1.169235086
1.169235086
1.169235086
1.169235086
1.169235086
1.169235086
1.169235086
1.169235086
1.169235086
1.169235086
1.169235086
1.169235086
1.169235086
1.169235086
1.169235086
1.169235086
1.169235086
1.169235086
1.169235086
1.169235086
1.169235086
1.169235086
1.169235086
1.169235086
1.169235086
1.169235086
1.169235086
1.169235086
1.169235086
1.169235086
)
;

boundaryField
{
    side1
    {
        type            calculated;
        value           uniform 1000.048394;
    }
    side2
    {
        type            calculated;
        value           uniform 1.169235086;
    }
    empty1
    {
        type            empty;
    }
    empty2
    {
        type            empty;
    }
}


// ************************************************************************* //
