/*--------------------------------*- C++ -*----------------------------------*\
| =========                 |                                                 |
| \\      /  F ield         | OpenFOAM: The Open Source CFD Toolbox           |
|  \\    /   O peration     | Version:  2312                                  |
|   \\  /    A nd           | Website:  www.openfoam.com                      |
|    \\/     M anipulation  |                                                 |
\*---------------------------------------------------------------------------*/
FoamFile
{
    version     2.0;
    format      ascii;
    arch        "LSB;label=32;scalar=64";
    class       volScalarField;
    location    "0.003";
    object      T;
}
// * * * * * * * * * * * * * * * * * * * * * * * * * * * * * * * * * * * * * //

dimensions      [0 0 0 1 0 0 0];

internalField   nonuniform List<scalar> 
5000
(
297.9999998
297.9999998
297.9999998
297.9999998
297.9999998
297.9999998
297.9999998
297.9999997
297.9999997
297.9999997
297.9999997
297.9999997
297.9999997
297.9999997
297.9999997
297.9999997
297.9999997
297.9999997
297.9999997
297.9999997
297.9999997
297.9999997
297.9999997
297.9999997
297.9999997
297.9999996
297.9999996
297.9999996
297.9999996
297.9999996
297.9999996
297.9999996
297.9999996
297.9999996
297.9999996
297.9999996
297.9999996
297.9999996
297.9999996
297.9999996
297.9999996
297.9999996
297.9999996
297.9999996
297.9999996
297.9999996
297.9999995
297.9999995
297.9999995
297.9999995
297.9999995
297.9999995
297.9999995
297.9999995
297.9999995
297.9999995
297.9999995
297.9999995
297.9999995
297.9999995
297.9999995
297.9999995
297.9999995
297.9999995
297.9999995
297.9999995
297.9999995
297.9999995
297.9999995
297.9999995
297.9999995
297.9999995
297.9999995
297.9999995
297.9999995
297.9999995
297.9999995
297.9999995
297.9999995
297.9999995
297.9999995
297.9999995
297.9999995
297.9999995
297.9999995
297.9999995
297.9999995
297.9999995
297.9999995
297.9999995
297.9999995
297.9999995
297.9999995
297.9999995
297.9999995
297.9999994
297.9999994
297.9999994
297.9999994
297.9999994
297.9999994
297.9999994
297.9999994
297.9999994
297.9999994
297.9999994
297.9999994
297.9999994
297.9999994
297.9999994
297.9999994
297.9999994
297.9999994
297.9999994
297.9999994
297.9999994
297.9999994
297.9999994
297.9999994
297.9999994
297.9999994
297.9999994
297.9999994
297.9999994
297.9999994
297.9999994
297.9999994
297.9999994
297.9999994
297.9999994
297.9999994
297.9999994
297.9999994
297.9999994
297.9999994
297.9999994
297.9999994
297.9999994
297.9999994
297.9999994
297.9999994
297.9999994
297.9999994
297.9999994
297.9999994
297.9999994
297.9999994
297.9999994
297.9999994
297.9999994
297.9999994
297.9999994
297.9999994
297.9999994
297.9999994
297.9999994
297.9999994
297.9999994
297.9999994
297.9999994
297.9999994
297.9999994
297.9999994
297.9999994
297.9999994
297.9999994
297.9999994
297.9999994
297.9999994
297.9999994
297.9999994
297.9999994
297.9999994
297.9999994
297.9999994
297.9999994
297.9999994
297.9999994
297.9999994
297.9999994
297.9999994
297.9999994
297.9999994
297.9999994
297.9999994
297.9999994
297.9999994
297.9999994
297.9999994
297.9999994
297.9999994
297.9999994
297.9999995
297.9999995
297.9999995
297.9999995
297.9999996
297.9999997
297.9999997
297.9999999
298.0000001
298.0000005
298.0000008
298.0000016
298.0000023
298.0000041
298.0000058
298.0000085
298.0000139
298.0000183
298.0000241
298.000039
298.0000599
298.0000802
298.0001162
298.0001511
298.0002372
298.0003611
298.0005782
298.0007476
298.0009723
298.0015768
298.0020637
298.0033154
298.0045419
298.0061463
298.0090528
298.0139666
298.0193057
298.0274766
298.0418556
298.0558817
298.0861991
298.1169827
298.179844
298.2454005
298.3667648
298.495307
298.7353528
299.0504942
299.4644129
300.068595
300.7490959
302.1556902
303.1755773
304.940474
306.0035572
307.1811897
308.3641651
308.7912234
309.5179438
310.0311971
310.2204556
310.3996158
310.7925233
311.0665239
311.1296369
311.2208854
311.2459954
311.2756753
311.2822316
311.2909556
311.3063402
311.3106356
311.3183203
311.3341704
311.3387249
311.3382698
311.3331484
311.3246776
311.3027231
311.2877089
311.2702996
311.2373946
311.2172172
311.1969155
311.1680229
311.1531848
311.1398733
311.1267827
311.1017846
311.0895724
311.0766328
311.0607947
311.0309174
311.002467
310.9661722
310.949338
310.9130324
310.8934678
310.8531598
310.8324266
310.8110909
310.7693274
310.7494895
310.7271898
310.689996
310.670863
310.6299883
310.5815677
310.5511923
310.5234174
310.484539
310.4597888
310.4369764
310.3978564
310.3759585
310.3489047
310.3237699
310.284519
310.2677352
310.2267861
310.1795485
310.1391644
310.098641
310.077003
310.0544802
310.0137881
309.967011
309.9482473
309.8905882
309.8521224
309.8079927
309.779983
309.7335571
309.7144508
309.6945388
309.6574287
309.6119725
309.5860439
309.5483512
309.4973207
309.4713279
309.4282784
309.4005015
309.375502
309.3311223
309.2939563
309.254481
309.2064611
309.1837866
309.1334255
309.1070658
309.0797537
309.0261095
309.0009978
308.9800912
308.9287716
308.8666888
308.8171215
308.7969666
308.7722455
308.7447746
308.6908855
308.6671848
308.631042
308.5987715
308.5445502
308.5194968
308.4935029
308.4423619
308.4174797
308.3930125
308.3452151
308.3218497
308.2762969
308.2541959
308.2326396
308.1693615
308.0914719
308.0372423
308.0049052
307.967649
307.9489615
307.9298672
307.9123095
307.8637695
307.8021152
307.7549965
307.7373338
307.7168038
307.6941263
307.6461022
307.620851
307.5685334
307.5429179
307.4995695
307.4608499
307.4042316
307.3840996
307.3653873
307.3114227
307.2438322
307.1955874
307.1784425
307.1336923
307.1061854
307.057358
307.0361083
306.9923966
306.9695047
306.9235216
306.9008741
306.8569226
306.8356306
306.8148752
306.7744374
306.7518929
306.7124881
306.6585465
306.6386484
306.5953809
306.5721966
306.5490115
306.5279881
306.4726107
306.4124375
306.3862683
306.341686
306.3196959
306.2966023
306.2509285
306.2287212
306.1863108
306.1678568
306.1377819
306.0902829
306.0336452
306.0156735
305.9662094
305.9197964
305.9059301
305.8721345
305.846024
305.8143049
305.7538524
305.705958
305.679228
305.6509179
305.6222062
305.5985622
305.5551766
305.5344214
305.5143095
305.4738018
305.4514826
305.3895208
305.3509548
305.3228623
305.2802079
305.2610086
305.2423101
305.20819
305.1812991
305.1508848
305.0959274
305.0689912
305.0405209
304.9914189
304.9427019
304.925975
304.8902224
304.8722117
304.8557414
304.8108202
304.7634126
304.7436087
304.7224825
304.7009596
304.6591082
304.6406915
304.5993309
304.5631127
304.5241358
304.5053759
304.4629045
304.4418524
304.4140493
304.3682274
304.3457403
304.3019369
304.280839
304.2407547
304.2218155
304.1830574
304.1619665
304.137496
304.0864613
304.0616172
304.0392344
304.0179954
303.9734111
303.9485401
303.9188808
303.8781978
303.8618496
303.8276777
303.8110084
303.7957699
303.7532011
303.6982799
303.6551879
303.6390259
303.604364
303.586822
303.5691921
303.5333159
303.5157004
303.4961519
303.4604024
303.4418102
303.4038998
303.384021
303.3456245
303.3278745
303.3117383
303.2823656
303.2690187
303.2305365
303.1906681
303.1757664
303.1425415
303.1242158
303.1050633
303.0703889
303.0522095
303.0352629
303.0035504
302.9877091
302.9711069
302.9386139
302.9231095
302.9088263
302.8957987
302.8588104
302.8223712
302.8100488
302.7724796
302.7349356
302.7223717
302.6966405
302.6835877
302.670551
302.6577298
302.6320255
302.6188346
302.5906836
302.5761618
302.5623739
302.5367145
302.5246218
302.5125101
302.4872308
302.4741619
302.4616728
302.4316436
302.407456
302.3754626
302.3502058
302.3211327
302.3107969
302.2894149
302.2780267
302.2521245
302.2381139
302.2183682
302.2074511
302.1975507
302.1742678
302.1419172
302.120908
302.1041957
302.095498
302.0872831
302.0637169
302.0394563
302.0304335
302.0203926
301.9993066
301.988673
301.9783549
301.9487459
301.9197825
301.9101756
301.8912508
301.8821369
301.8711726
301.8530432
301.8448869
301.8365572
301.8173328
301.791129
301.7693481
301.7613654
301.7523135
301.7360998
301.7176097
301.7088522
301.6904475
301.6814116
301.6642382
301.6561457
301.6484921
301.6262274
301.6003729
301.5821372
301.5723345
301.5636806
301.5467829
301.5382149
301.530146
301.5090629
301.492367
301.4783784
301.4698561
301.4606202
301.4341894
301.4090632
301.401938
301.3881196
301.3749602
301.3665444
301.3495668
301.3404616
301.330657
301.3209392
301.3021975
301.2931075
301.2838707
301.264247
301.253975
301.2443502
301.2257312
301.2110366
301.1995951
301.1909603
301.1749401
301.1669509
301.1495233
301.1400998
301.1314069
301.1164018
301.1097124
301.0986309
301.0842043
301.0776748
301.0707402
301.0571668
301.0509187
301.0380335
301.0305368
301.0192678
301.0145133
300.9997817
300.9846255
300.9791583
300.97304
300.9591562
300.9515366
300.9445432
300.9306918
300.9235496
300.9157953
300.905756
300.889168
300.881476
300.8660399
300.8584363
300.8510407
300.8368419
300.8300617
300.8162814
300.8092355
300.8030503
300.7914954
300.7780214
300.7723797
300.7608178
300.7550274
300.7494332
300.7381659
300.732701
300.7202051
300.7085011
300.6924308
300.687041
300.6762333
300.6706312
300.6650644
300.6540464
300.6487024
300.6380711
300.6320481
300.6211366
300.6155623
300.6041018
300.5983398
300.5811007
300.56398
300.5584055
300.5530359
300.5422731
300.5357326
300.5308409
300.5205824
300.5154307
300.5103238
300.5002693
300.4951368
300.4819435
300.4726484
300.4667471
300.4620024
300.4523121
300.4473825
300.44244
300.4374706
300.4224113
300.4072407
300.4021856
300.3971984
300.3874012
300.3826354
300.3780267
300.3645008
300.3510461
300.346547
300.3419628
300.3331643
300.3293145
300.3237005
300.3135956
300.3034
300.2991454
300.2948959
300.2869331
300.2831693
300.2719995
300.2606395
300.2566975
300.2525683
300.2439325
300.2394964
300.2306152
300.2261962
300.2217496
300.2127256
300.2081747
300.2035579
300.1985945
300.1890986
300.1845049
300.1798939
300.1706155
300.1659646
300.156679
300.1521512
300.1481217
300.1381523
300.1276287
300.1226693
300.1176772
300.1084248
300.1040742
300.0998294
300.0912925
300.087005
300.0831451
300.0754075
300.0684295
300.0630993
300.0596883
300.0494098
300.0389127
300.0352795
300.0315517
300.0278075
300.0203072
300.0163148
300.0090631
300.0045974
300.0013108
299.994872
299.9918036
299.9864086
299.9841044
299.9780882
299.9692653
299.9604997
299.9544203
299.9518234
299.9480826
299.9431827
299.9330681
299.9282569
299.9229215
299.9150268
299.9115157
299.9080677
299.9038254
299.8976198
299.8933168
299.8884555
299.885517
299.8820888
299.874901
299.871299
299.8645548
299.8613588
299.8550178
299.8518936
299.8458012
299.8427855
299.8361086
299.8321997
299.8279914
299.8249468
299.8186988
299.8156593
299.8096963
299.8067555
299.800743
299.7976953
299.7891587
299.7809485
299.7780956
299.7751682
299.7693882
299.7664492
299.7604148
299.757311
299.7510605
299.7482264
299.7433943
299.7387768
299.7336249
299.7307862
299.7276345
299.7212656
299.7181105
299.711906
299.7088779
299.7029677
299.7001068
299.6973334
299.6919254
299.689307
299.6867785
299.6793303
299.6696381
299.6625336
299.6601965
299.6579133
299.6556931
299.6493928
299.6432983
299.6413413
299.6395142
299.6344561
299.6279888
299.6226145
299.6205756
299.6182858
299.6150866
299.6095895
299.6069904
299.6020303
299.5994359
299.5971494
299.5923554
299.5898618
299.5848145
299.5822845
299.5797649
299.5747267
299.5722167
299.5697242
299.5672442
299.5622853
299.5598121
299.5548717
299.5524076
299.5475086
299.5450979
299.5404189
299.5381526
299.5335895
299.5312695
299.52643
299.5236896
299.5203964
299.5146035
299.512289
299.508164
299.5062165
299.5026088
299.5010318
299.4969077
299.4907969
299.4845127
299.4800565
299.4783
299.4741409
299.4718326
299.4694366
299.4670135
299.4622498
299.4599757
299.4559729
299.4543298
299.4501326
299.4457662
299.4440289
299.4421081
299.4378523
299.4348552
299.4328352
299.428372
299.4260625
299.4214728
299.4192518
299.4162718
299.4115469
299.4093388
299.4071425
299.4027369
299.4004916
299.3980586
299.3954375
299.3914881
299.389668
299.3855192
299.3833186
299.3811336
299.3768212
299.3747158
299.3704302
299.3681739
299.3660371
299.3616265
299.3593628
299.3571545
299.3527803
299.3506038
299.3484546
299.344194
299.34208
299.3379252
299.3359091
299.3319436
299.3298579
299.32478
299.3219224
299.3196451
299.315676
299.3135923
299.3108475
299.3062567
299.3040898
299.3020091
299.2980731
299.2962154
299.292444
299.2903622
299.2886544
299.2852558
299.2835457
299.2801313
299.2784469
299.2751377
299.2735135
299.2718955
299.2686155
299.2669558
299.2636064
299.2619284
299.2585899
299.2569369
299.2536714
299.2520621
299.2488882
299.247324
299.2442327
299.2427035
299.2396638
299.2381498
299.2351187
299.2336022
299.2305695
299.2290626
299.2260861
299.2246193
299.2216999
299.220236
299.2172681
299.2157668
299.2142815
299.2111764
299.2089915
299.207315
299.2040647
299.2025225
299.1980723
299.1936962
299.1922553
299.1908187
299.1864768
299.1820616
299.1805603
299.1790529
299.1760031
299.1744594
299.1729017
299.1697634
299.1681887
299.1666209
299.165065
299.1618644
299.1600861
299.1576235
299.1545591
299.1526164
299.1495736
299.1480499
299.1446725
299.1429953
299.1414985
299.1375676
299.1338439
299.1326286
299.1315306
299.1293215
299.1271121
299.1235723
299.1220993
299.1206307
299.1171446
299.1151585
299.1134727
299.11053
299.1085052
299.1071665
299.1042516
299.1024767
299.1009906
299.0978212
299.0961832
299.094714
299.0920222
299.0907349
299.0894487
299.0868697
299.0855777
299.0830164
299.0817613
299.0793027
299.0779227
299.0767691
299.0742313
299.0729046
299.070556
299.0694193
299.0669219
299.0655298
299.0641619
299.0628795
299.0603827
299.0591418
299.0578656
299.0547085
299.0527437
299.051206
299.0499311
299.0472667
299.0458478
299.0428306
299.0401319
299.0388747
299.0377038
299.035284
299.0340515
299.0315293
299.0302747
299.0291782
299.026694
299.0241706
299.0226436
299.0214201
299.0189039
299.0175788
299.0162793
299.015007
299.0124726
299.0112053
299.0099263
299.0072725
299.0058891
299.0044644
299.0015583
299.0000908
298.9986699
298.9973288
298.9947701
298.9935397
298.9911189
298.9899241
298.9887402
298.9863718
298.985194
298.982921
298.9816408
298.9805331
298.9794082
298.9771479
298.9760188
298.9737546
298.9726214
298.9703481
298.9692103
298.9680757
298.9658045
298.9646725
298.9624902
298.961483
298.9588728
298.9563427
298.9554135
298.9543913
298.9522699
298.9511676
298.9487568
298.9474615
298.9462309
298.9439075
298.9427457
298.9401519
298.9387558
298.9361642
298.9350013
298.9339184
298.9317883
298.9307215
298.9295727
298.9280106
298.9262777
298.9254406
298.9235401
298.9223474
298.9205889
298.9188011
298.9178958
298.9162897
298.9151455
298.9130522
298.9110153
298.9098914
298.9088448
298.9080105
298.9057346
298.9029212
298.9008213
298.9000509
298.8991932
298.8974078
298.8965126
298.8947695
298.8939204
298.8930872
298.891439
298.8906251
298.8890185
298.8882379
298.8861597
298.8843175
298.8834821
298.8826449
298.881037
298.8803123
298.8787023
298.8772295
298.8765638
298.8757387
298.8740007
298.8731248
298.8722683
298.8703712
298.8690643
298.867857
298.8669432
298.8651172
298.8638035
298.8629333
298.8610425
298.8598979
298.8590423
298.8574455
298.8557053
298.8542847
298.8533659
298.8513955
298.8503819
298.8483363
298.8473194
298.8463275
298.8443063
298.8432954
298.842485
298.8405649
298.8380763
298.8355986
298.8338233
298.8328203
298.831976
298.8309901
298.8289515
298.8279387
298.8269525
298.8250539
298.8241322
298.8225837
298.8217053
298.8198722
298.8188996
298.8179105
298.8159005
298.8148063
298.8137773
298.8116461
298.8105766
298.8084768
298.8073522
298.8054952
298.8045636
298.8028061
298.8019516
298.8002577
298.7994241
298.7977988
298.7969853
298.7960709
298.7945534
298.7938247
298.793044
298.7910491
298.7898937
298.7883903
298.7877115
298.7861742
298.7853818
298.7845989
298.783043
298.7822783
298.7807697
298.7800201
298.7785414
298.7778609
298.7761979
298.7745223
298.7736814
298.7728979
298.7713899
298.7706692
298.7692299
298.7685099
298.7670846
298.7663862
298.7650126
298.764328
298.7629933
298.7623864
298.7610857
298.7602126
298.7594398
298.7580195
298.7573208
298.7565963
298.7551368
298.7544389
298.7530699
298.7523409
298.7510409
298.750449
298.7486638
298.7467735
298.7459681
298.7452382
298.7444249
298.7431192
298.7424249
298.7418845
298.7402858
298.7382257
298.7370021
298.7361797
298.7356236
298.7343834
298.733625
298.7326199
298.731948
298.7306022
298.7299291
298.7287755
298.7277168
298.7264925
298.7258246
298.7243913
298.7236229
298.7226886
298.7212005
298.7202945
298.7195585
298.7182372
298.7176166
298.7164341
298.7158598
298.714556
298.7137959
298.7121369
298.7112501
298.7105485
298.7093748
298.7088308
298.7077337
298.7071769
298.706585
298.7052438
298.7045175
298.703201
298.7026257
298.702097
298.7011276
298.7006988
298.6997944
298.6992543
298.6982171
298.6977367
298.6972673
298.6968089
298.6959079
298.6954596
298.6945232
298.6940452
298.6936079
298.6927824
298.6923824
298.6915805
298.6911832
298.6908042
298.6899836
298.6893193
298.6887301
298.6882952
298.6873953
298.6869612
298.6859939
298.685295
298.6848528
298.6839885
298.683558
298.6826882
298.6822426
298.6817905
298.680893
298.6803888
298.6799645
298.6790474
298.678526
298.6780717
298.6771666
298.6767026
298.6757548
298.6752687
298.6742734
298.6737642
298.6732461
298.6727172
298.6716249
298.6710616
298.6699008
298.6693108
298.6681581
298.6676265
298.6665364
298.6657003
298.6650855
298.6639174
298.6633437
298.6622139
298.661652
298.6610996
298.6605663
298.6595438
298.6589955
298.6580091
298.6574571
298.6569992
298.6561164
298.65569
298.6548837
298.6545102
298.6541679
298.6531656
298.652049
298.6516062
298.651247
298.6506362
298.6499348
298.6487191
298.6481365
298.6476854
298.6470368
298.6466774
298.6458694
298.6454243
298.6444104
298.6438632
298.643354
298.6424562
298.6420601
298.6412787
298.6408364
298.6403908
298.6396185
298.6391945
298.6383059
298.6378319
298.6370829
298.6366808
298.6358453
298.6354229
298.6350001
298.6337315
298.6324371
298.6319913
298.6310756
298.6306037
298.6301282
298.6291617
298.6286786
298.6281491
298.6271281
298.626606
298.6255302
298.6249393
298.623777
298.6231675
298.6218991
298.6212475
298.6205886
298.6192585
298.6185917
298.6179298
298.6166143
298.6159647
298.6147043
298.614095
298.6127634
298.6119597
298.6109984
298.6102137
298.6085692
298.6071245
298.6062026
298.6054537
298.6048102
298.6034908
298.6028369
298.6021892
298.6008433
298.6000033
298.5993814
298.5980328
298.5973112
298.5958296
298.5951522
298.594199
298.5931326
298.5922957
298.5910714
298.5902279
298.5895601
298.5881408
298.5873993
298.5866686
298.5859877
298.5846113
298.5839385
298.5833657
298.5821202
298.5809151
298.5802584
298.5797838
298.57882
298.5783427
298.5773991
298.5768936
298.5761655
298.5752506
298.5749073
298.5739094
298.5728437
298.572423
298.5719693
298.5710622
298.5706223
298.5696342
298.5689761
298.5684254
298.5676186
298.5672005
298.5663763
298.5659719
298.5651547
298.5647392
298.5638915
298.5634382
298.5627665
298.5620733
298.5611268
298.5605868
298.5599085
298.5595135
298.5586545
298.5581512
298.557621
298.5572221
298.5562019
298.5552164
298.5547528
298.5543217
298.5534398
298.5529862
298.5520593
298.5515826
298.5506245
298.5501458
298.5496582
298.5486824
298.5482082
298.547744
298.5466316
298.5459594
298.5453658
298.5444056
298.5438509
298.5434403
298.5426082
298.54221
298.5418254
298.5410642
298.5406934
298.540339
298.5396059
298.5392044
298.5388622
298.5381721
298.5378255
298.5371278
298.5367821
298.5360926
298.5357534
298.5350827
298.5347556
298.5341487
298.5338938
298.5332889
298.5326646
298.5323852
298.5321025
298.5315741
298.5313327
298.5311071
298.53067
298.5304589
298.5298201
298.5291549
298.5289174
298.5286653
298.5281343
298.5278624
298.5275981
298.5270999
298.5268691
298.5266611
298.5262915
298.5261302
298.5257882
298.5255263
298.5253633
298.52521
298.5249256
298.5247886
298.5245198
298.5243856
298.5241201
298.5239867
298.5238555
298.5235999
298.5234738
298.5231053
298.5227251
298.5225724
298.522424
298.5221017
298.5219294
298.5217503
298.5215701
298.5212154
298.5210262
298.5207178
298.5204739
298.5203077
298.5198258
298.5191528
298.5185892
298.5183792
298.5181438
298.5176463
298.5173861
298.5168062
298.5164564
298.5160884
298.5156065
298.5150486
298.5144699
298.5140845
298.5134458
298.5131386
298.5124874
298.5121491
298.5114571
298.5111059
298.5103837
298.5100104
298.5096225
298.508834
298.5084345
298.5080224
298.5072108
298.5068145
298.50644
298.5054907
298.504575
298.5040738
298.5034695
298.5027757
298.5024317
298.5016722
298.5012794
298.5004486
298.5000147
298.4996181
298.4987146
298.4981541
298.4977538
298.4970437
298.496691
298.4959466
298.4955432
298.4952011
298.4945462
298.4942283
298.4936064
298.493301
298.492718
298.4924366
298.4916761
298.4911617
298.4906887
298.490431
298.4898312
298.4894248
298.4889729
298.4886535
298.4880338
298.487721
298.4869523
298.4862607
298.485951
298.4856323
298.4850042
298.4845178
298.4842326
298.4834139
298.4829213
298.4824983
298.4818036
298.4814788
298.4808017
298.480456
298.479768
298.4794214
298.4787173
298.478352
298.4779701
298.4770461
298.4763125
298.4756498
298.4752803
298.474522
298.4741249
298.4732931
298.4728565
298.4724045
298.4719449
298.4710187
298.4705571
298.4701081
298.4692134
298.4687619
298.4678367
298.4673005
298.4668279
298.4663563
298.4655917
298.4652084
298.4644731
298.4641132
298.4632938
298.4628104
298.4623693
298.4618105
298.4613658
298.4607047
298.4603637
298.4596654
298.4592678
298.4586508
298.4583035
298.457553
298.4571681
298.4565439
298.4560965
298.455791
298.4554675
298.4547939
298.4543751
298.4539775
298.4536636
298.4530427
298.4527401
298.4520909
298.45173
298.4513842
298.4507791
298.4504268
298.4501347
298.4495529
298.4492712
298.448717
298.4484423
298.4478796
298.4475884
298.4469696
298.4466481
298.4463456
298.4460689
298.4455438
298.4452936
298.4447991
298.4445567
298.4440791
298.4438483
298.4436252
298.4431771
298.4429546
298.4427481
298.4423395
298.4421351
298.4417149
298.4414476
298.4411717
298.4408416
298.440663
298.4403352
298.4401692
298.4397999
298.4395013
298.4392359
298.4389704
298.4387834
298.4384427
298.4382306
298.4380597
298.4376746
298.4374733
298.4370564
298.436849
298.4366578
298.4361173
298.4355569
298.4353241
298.4351094
298.434785
298.434607
298.4342322
298.4340386
298.4336616
298.4334809
298.4330845
298.4326717
298.4324676
298.4322689
298.4318544
298.4316534
298.4312731
298.4310641
298.4305851
298.4303301
298.4300776
298.4295734
298.4293184
298.4290437
298.4283659
298.4279699
298.4276394
298.4270324
298.426701
298.4260701
298.4257838
298.4252059
298.4249034
298.4242852
298.4239706
298.4233482
298.4230071
298.422407
298.4221087
298.42182
298.4212546
298.4209751
298.4204285
298.4201609
298.4193884
298.4186304
298.4183866
298.418158
298.4174949
298.4168245
298.4165985
298.4164004
298.4158969
298.4153192
298.4150645
298.4145249
298.4142588
298.4140051
298.413449
298.4131339
298.4128632
298.4125512
298.4120771
298.4117831
298.4115577
298.4110478
298.4105758
298.4104029
298.4102177
298.4098407
298.4096506
298.4094641
298.4091001
298.4089239
298.4087559
298.4084285
298.4082686
298.407923
298.4076819
298.4074386
298.4072399
298.4068663
298.4066817
298.4063155
298.4061321
298.4057439
298.4054005
298.4051384
298.4047523
298.4045329
298.4041129
298.4038958
298.4036759
298.4032367
298.4030158
298.4025695
298.4023403
298.4018737
298.4016381
298.4011893
298.4009752
298.4005382
298.4003039
298.4000671
298.3996142
298.3993949
298.3989039
298.3985633
298.3982532
298.3978024
298.3972577
298.3967316
298.3964072
298.396015
298.395705
298.395178
298.3949507
298.3944545
298.3940917
298.3938305
298.3933991
298.3929606
298.3922958
298.391998
298.3916922
298.3911148
298.3908525
298.3906149
298.3901533
298.3899243
298.389709
298.3892379
298.388852
298.3885513
298.3882917
298.3879813
298.3876462
298.3872421
298.3866616
298.3864556
298.3862847
298.3858476
298.385406
298.3852046
298.3849769
298.3847902
298.3844421
298.3842708
298.3840961
298.3837393
298.3835617
298.383208
298.3830299
298.382834
298.3823621
298.3820973
298.3818685
298.3814856
298.3813091
298.3809311
298.3807414
298.3803721
298.3800987
298.3797095
298.3795068
298.3790752
298.3788542
298.3786343
298.3781979
298.3779806
298.3775462
298.3773298
298.3771144
298.3766818
298.3764668
298.3762527
298.3758192
298.3756037
298.3751793
298.3749722
298.3747078
298.3742959
298.3740899
298.3736259
298.3733754
298.3730536
298.3728429
298.3723817
298.3721556
298.3717025
298.3714657
298.371212
298.370711
298.3704676
298.3698716
298.3694577
298.3691349
298.3687649
298.3684936
298.3679769
298.3677378
298.3675197
298.3668858
298.3662317
298.3659968
298.3657652
298.3653047
298.3650765
298.3646617
298.3644257
298.3642078
298.3638429
298.3636947
298.3635611
298.3633065
298.3631885
298.3629631
298.3628569
298.362649
298.3625486
298.3623523
298.3622567
298.3620185
298.3618604
298.3617312
298.3615981
298.3614506
298.3612632
298.3611108
298.3610452
298.3608885
298.3608003
298.3607076
298.3606117
298.3603963
298.3602664
298.3601551
298.3599527
298.3596691
298.359462
298.3591944
298.3590555
298.358792
298.3586626
298.3584053
298.3581752
298.3580103
298.3576982
298.3575412
298.3573825
298.3572236
298.3569048
298.3567462
298.3565885
298.3562699
298.3561099
298.3559487
298.355618
298.3554485
298.3550964
298.3549135
298.3547248
298.3545277
298.3541432
298.3539246
298.3537362
298.3533696
298.3531892
298.3528406
298.3526725
298.3521853
298.3516665
298.3514701
298.3512693
298.3510759
298.3507003
298.3505222
298.3502098
298.3500513
298.3497152
298.3495402
298.3493818
298.3489287
298.3484683
298.3483064
298.3481359
298.347763
298.3475553
298.3471008
298.3468638
298.3463954
298.3461496
298.3459404
298.3455202
298.3453052
298.3448663
298.3446405
298.3444132
298.3439636
298.3437393
298.3432473
298.3429492
298.3426155
298.342366
298.3418862
298.3416369
298.3413798
298.3408907
298.3406594
298.340205
298.3399753
298.3395101
298.3392731
298.3390345
298.3385604
298.3383274
298.3378905
298.3376913
298.3375208
298.3370655
298.3365994
298.3364219
298.3362254
298.336026
298.3356467
298.3354773
298.3350228
298.334562
298.3343824
298.3342017
298.3338479
298.3336765
298.333335
298.3331675
298.333002
298.332671
298.3325084
298.3321888
298.3320334
298.3317289
298.3315777
298.3313123
298.3311122
298.3309841
298.3307119
298.3305779
298.3303151
298.3301867
298.3299342
298.3298101
298.329565
298.3294439
298.3293242
298.329085
298.3289651
298.3287245
298.3286034
298.3283601
298.3282374
298.3279901
298.327865
298.3276112
298.3274801
298.3272036
298.3270585
298.3269139
298.3266094
298.3264475
298.3262982
298.3260062
298.3258627
298.3255726
298.32543
298.325293
298.3251614
298.3249089
298.3247915
298.3244754
298.3242384
298.3241114
298.3239073
298.3236783
298.3233043
298.3231741
298.3230592
298.3228317
298.3226307
298.3224979
298.3223585
298.322084
298.3219604
298.3217173
298.3214095
298.3209533
298.3207795
298.3205991
298.3202338
298.3200616
298.3197048
298.3194159
298.3192264
298.3190821
298.318788
298.3186449
298.3183717
298.3182457
298.3181301
298.3178494
298.3176245
298.3175406
298.3174553
298.3172948
298.3171607
298.3171257
298.3170641
298.3170375
298.3170111
298.316951
298.3169171
298.3168308
298.3167806
298.3167341
298.3166345
298.3165565
298.3164213
298.3162638
298.3162017
298.3161412
298.3160104
298.3158773
298.3157904
298.3156792
298.3156006
298.3154249
298.3153309
298.3151375
298.3150364
298.3148147
298.3146588
298.3144816
298.3143701
298.3140946
298.3138455
298.3136878
298.3134806
298.3133223
298.3130044
298.3128411
298.3126763
298.3123412
298.3121724
298.312003
298.3118336
298.3115138
298.3113743
298.311008
298.3106375
298.3105033
298.3103687
298.3099785
298.3095833
298.3094423
298.3092909
298.3091362
298.308834
298.3086874
298.3084062
298.3082696
298.3079974
298.30785
298.3076366
298.3074604
298.3073349
298.3070844
298.3069605
298.3067091
298.3065787
298.3064443
298.3061492
298.3059836
298.3058317
298.3055316
298.3053773
298.3050613
298.3048981
298.304566
298.3043954
298.3040496
298.3038723
298.3035118
298.3033256
298.3031348
298.302935
298.3024855
298.3022315
298.3019678
298.3017028
298.3011872
298.3008703
298.3006304
298.3004279
298.3000358
298.2998292
298.2994698
298.2992107
298.2988181
298.2986114
298.2984272
298.29807
298.2979005
298.2975412
298.2972961
298.2970353
298.2968692
298.2964785
298.2961294
298.2960157
298.2958956
298.2956242
298.2954716
298.2952802
298.2951093
298.2947902
298.2945879
298.2944578
298.2943263
298.2940715
298.293944
298.2937983
298.2936959
298.2935137
298.2934284
298.2931688
298.2929033
298.2928131
298.2927196
298.2925345
298.2924008
298.2922989
298.2921906
298.2919628
298.2918439
298.291719
298.2914516
298.2913095
298.2911626
298.2909973
298.2906742
298.2905071
298.2903372
298.2899926
298.2898157
298.2894508
298.28926
298.2890632
298.2886577
298.2884456
298.2880096
298.2877869
298.2875618
298.2871055
298.2868772
298.2866497
298.2861906
298.2859619
298.2857294
298.2852238
298.28495
298.2846904
298.284167
298.2839035
298.2836375
298.2833689
298.2828304
298.2825711
298.282076
298.2811555
298.2801838
298.2797945
298.279335
298.278586
298.2777
298.2765049
298.2758259
298.2752442
298.2739573
298.2732193
298.2725114
298.2709858
298.2701415
298.269212
298.2674555
298.2665914
298.2645371
298.2632508
298.2621247
298.2594937
298.2578838
298.2563398
298.2548463
298.2518304
298.2502965
298.2471744
298.2456297
298.242524
298.240344
298.2371701
298.2305039
298.2240628
298.2217075
298.2163954
298.2134845
298.2104058
298.2039572
298.2006332
298.1940149
298.1906633
298.1823184
298.1769792
298.171201
298.1602217
298.1549156
298.1499168
298.1413557
298.1322629
298.1261819
298.1120551
298.1029834
298.0945944
298.0810104
298.0737926
298.0575212
298.0489167
298.0385119
298.0223858
298.0130203
297.9933923
297.9832653
297.9668859
297.9574458
297.9365683
297.9248453
297.9144347
297.8930469
297.8818337
297.8573961
297.8442394
297.8179353
297.8049711
297.7727237
297.7530742
297.7218066
297.6967141
297.6850212
297.6727028
297.6478155
297.6355745
297.6241188
297.6018352
297.5907637
297.5680693
297.5278444
297.4683271
297.3876925
297.2825174
297.1515888
296.9959312
296.8168276
296.6146866
296.3886543
296.1345954
295.839213
295.4804215
295.0268996
294.4427964
293.699222
292.7886393
291.7235282
290.5308236
289.2397398
287.868742
286.4164864
284.8738333
283.2263027
281.4615949
279.5705547
277.5468415
275.4259746
273.3609887
271.4958669
269.7714672
268.094635
266.4633653
264.8788382
263.3429778
261.857603
260.4238473
259.0430766
257.7155936
256.4420333
255.222581
254.0571327
252.9455396
251.8872665
250.8815466
249.9275927
249.0243786
248.1704058
247.3644709
246.6047268
245.8893876
245.216718
244.5844252
243.9907987
243.4333215
242.9100961
242.4187196
241.9570229
241.5227494
241.1136783
240.7276174
240.3624216
240.0160172
239.6864205
239.3717438
239.0701968
238.7800911
238.4998472
238.2279909
237.9631645
237.7041617
237.449895
237.1993864
236.9517201
236.706039
236.4615654
236.217642
235.9738301
235.7300384
235.4863529
235.2427952
234.9993617
234.7560331
234.5127663
234.2694856
234.0260513
233.7822156
233.5376965
233.2920942
233.0450448
232.7961243
232.5449432
232.2910019
232.0338267
231.7728874
231.5076365
231.2375065
230.9618836
230.6801642
230.3916946
230.0958139
229.7918387
229.4790532
229.1567287
228.8241302
228.4805291
228.1251905
227.7573899
227.3764147
226.9815537
226.5720862
226.1472842
225.7064139
225.2487304
224.7734714
224.2798644
223.7670907
223.2343621
222.6807711
222.105594
221.5077138
220.8863194
220.2599524
219.688521
219.1595959
218.6570688
218.1810894
217.7329105
217.3132575
216.922364
216.5605164
216.227574
215.9231902
215.6467551
215.3974401
215.1742094
214.975865
214.8010706
214.6484125
214.5164902
214.4039787
214.30964
214.2322531
214.1705098
214.1229437
214.0879766
214.0641968
214.0498129
214.0461352
214.0399853
214.0359284
214.0319525
214.026533
214.0205953
214.0147929
214.0101957
214.0073468
214.0078598
214.0117849
214.0184685
214.0284771
214.04407
214.0653699
214.0933178
214.1297533
214.1727068
214.2213948
214.2786648
214.3444705
214.4194023
214.5055167
214.6000168
214.7028265
214.8162667
214.9395083
215.0736628
215.2198154
215.3748995
215.5415494
215.7192698
215.9072501
216.106749
216.3156586
216.5359581
216.7656211
217.0063405
217.25513
217.5144786
217.7816805
218.0610186
218.362409
218.6503942
218.9185044
219.1677658
219.3981535
219.6111948
219.8067672
219.9866944
220.1502721
220.3002638
220.4353482
220.5589415
220.6691341
220.7702673
220.8589071
220.9408334
221.0110014
221.0762687
221.1303872
221.1815682
221.2213494
221.2603835
221.2878924
221.316743
221.3339954
221.3548007
221.3632552
221.3773818
221.3802028
221.3888833
221.3883672
221.392667
221.3897628
221.3906207
221.3865541
221.3853921
221.3815661
221.3798751
221.377382
221.3762985
221.3752912
221.3748075
221.3740812
221.3724147
221.369221
221.3642252
221.3573852
221.3483774
221.3374004
221.3241415
221.3089947
221.2916678
221.2727119
221.2520224
221.2295047
221.2099494
221.1928737
221.1788879
221.168204
221.1604508
221.1558229
221.1540647
221.1525144
221.1494807
221.1452554
221.1404918
221.1367416
221.1337545
221.131123
221.1284223
221.1252359
221.1214791
221.1172689
221.112732
221.1079936
221.1031695
221.0983603
221.0936492
221.089103
221.0847733
221.0807032
221.0769105
221.0734755
221.0702162
221.0677945
221.0623519
221.0561748
221.0432265
221.0318836
221.0186471
221.0090094
220.9989793
220.992425
220.9856622
220.9818893
220.9777104
220.9759028
220.9735605
220.9729074
220.971819
220.9717597
220.971498
220.9715494
220.9711232
220.9705758
220.9692837
220.9676572
220.9650327
220.9618958
220.9575602
220.9525769
220.9461945
220.9390094
220.9301835
220.920388
220.9087189
220.8959151
220.8810861
220.865006
220.8468084
220.8272996
220.8056297
220.7826213
220.757432
220.73089
220.7021614
220.672079
220.6398247
220.6062391
220.5705148
220.5335101
220.4944653
220.4542323
220.4120727
220.3688603
220.3238019
220.2783185
220.2320193
220.1917259
220.1513083
220.1158204
220.0803369
220.0492574
220.018692
219.9921819
219.9663979
219.944264
219.9230005
219.9049646
219.8879076
219.8736804
219.8605163
219.8498391
219.8402426
219.8326762
219.8261855
219.8212623
219.8175381
219.8151246
219.8137735
219.8133487
219.8126773
219.8119398
219.81141
219.8107647
219.8098602
219.8087046
219.8073321
219.80575
219.8040068
219.8021154
219.8001261
219.7980526
219.7959437
219.7938168
219.791721
219.7896766
219.7877349
219.7859146
219.7842713
219.7828136
219.7816093
219.7806422
219.7800271
219.7795822
219.7799575
219.7774556
219.7743745
219.7644578
219.7554501
219.7432918
219.7341126
219.7230525
219.7149722
219.7055213
219.6988216
219.6910391
219.6856953
219.6795576
219.6754955
219.6709906
219.6681641
219.6653418
219.6638593
219.6625852
219.6621295
219.661691
219.6614586
219.6608535
219.6597584
219.6579131
219.6554648
219.6521193
219.6480472
219.642928
219.6369689
219.6298171
219.6217225
219.6123037
219.6018595
219.589983
219.5770132
219.5625197
219.5468745
219.5296238
219.5111778
219.4910714
219.4697498
219.446694
219.4224001
219.3963351
219.3690097
219.3398837
219.3094848
219.2772718
219.2437869
219.2084929
219.1719428
219.1336073
219.094046
219.0527415
219.0102552
218.9660865
218.9207954
218.8739067
218.8259692
218.7765543
218.7262338
218.6744171
218.6229155
218.5693497
218.5201716
218.4684226
218.4224216
218.3739567
218.3312396
218.2862647
218.2468608
218.2053931
218.1691661
218.1310753
218.0978456
218.0629583
218.0325264
218.0006383
217.9727659
217.943614
217.918104
217.8915024
217.868197
217.8438987
217.8222916
217.7997613
217.77952
217.758528
217.739506
217.7198724
217.7018525
217.6833421
217.6661099
217.6484952
217.6318558
217.6149257
217.5987006
217.5822588
217.5662869
217.5501521
217.5342915
217.5183001
217.5024322
217.4864429
217.4704829
217.4543961
217.4383118
217.4220963
217.4058718
217.3894985
217.3730953
217.356516
217.3398795
217.3230325
217.3060958
217.2889065
217.2715916
217.2539744
217.2361924
217.2180517
217.1996998
217.180926
217.1618884
217.1423598
217.1225097
217.1020938
217.0812958
217.0598511
217.0379761
217.0153713
216.992296
216.9684079
216.9439477
216.9185712
216.8925848
216.8655982
216.8379329
216.8091775
216.7796697
216.7489809
216.7174593
216.6846645
216.6509548
216.6158859
216.5798265
216.5423284
216.5037691
216.4636963
216.4224958
216.3797122
216.3357408
216.2901248
216.2432701
216.1947207
216.1448935
216.0933336
216.0404682
215.9858449
215.9299001
215.8721856
215.8131456
215.7523399
215.6902207
215.6263611
215.5612195
215.4944099
215.4263345
215.3567231
215.2857426
215.2138168
215.1415898
215.0732654
215.0062551
214.9431009
214.8815521
214.8238379
214.7679716
214.715832
214.6656033
214.6189184
214.5741207
214.5326434
214.4930351
214.4565685
214.42196
214.3903763
214.3606202
214.3337862
214.3087066
214.2862544
214.265483
214.2470369
214.2303025
214.2156926
214.2026544
214.1915355
214.181854
214.1739551
214.1674387
214.1626376
214.1593005
214.1575858
214.1569498
214.1556706
214.1537719
214.1519149
214.1505333
214.1493202
214.1479613
214.1462389
214.144201
214.141915
214.1394461
214.1368525
214.1341842
214.1314844
214.1287908
214.1261372
214.1235531
214.1210653
214.118698
214.1164741
214.1144158
214.1125448
214.1108828
214.1094515
214.1082725
214.1073683
214.1067613
214.1064735
214.1065265
214.1069409
214.1077356
214.108928
214.1105332
214.1125644
214.1150324
214.1179459
214.1213113
214.1251336
214.1294164
214.1341623
214.1393735
214.1450523
214.1512012
214.1578234
214.1649227
214.1725041
214.180573
214.189136
214.1981999
214.2077723
214.2178611
214.2284732
214.2396232
214.2513133
214.2635851
214.2763907
214.2899365
214.3031309
214.3167227
214.3268934
214.3400722
214.3500874
214.3633099
214.3734487
214.3868145
214.3969758
214.4103267
214.4203722
214.433536
214.4433364
214.4561548
214.4656148
214.4779707
214.4870636
214.4989212
214.50771
214.5191334
214.5277538
214.5388791
214.5475082
214.5585029
214.5673691
214.5780635
214.5864892
214.5954662
214.6030212
214.6100627
214.6163196
214.6219691
214.6270384
214.6315023
214.6352868
214.6384491
214.6410296
214.6430624
214.6445885
214.645667
214.6463765
214.6467919
214.6469787
214.6470001
214.6469429
214.6469021
214.6468375
214.6466619
214.6463159
214.6457613
214.644965
214.6438979
214.6425327
214.6408439
214.638807
214.6363948
214.6335867
214.6303473
214.6266465
214.6224578
214.617735
214.6124156
214.6064476
214.5997921
214.5924755
214.5844285
214.5755344
214.5657554
214.5550332
214.5433205
214.5305746
214.5167556
214.5018241
214.4857408
214.4684649
214.4499557
214.4301727
214.4090766
214.3866287
214.3627905
214.337524
214.3107919
214.2825583
214.252789
214.2214514
214.1885142
214.1539465
214.1177175
214.0797979
214.0401589
213.9987721
213.9556099
213.9106465
213.8638577
213.8152195
213.7647083
213.712303
213.6579848
213.6017351
213.5435357
213.4833693
213.4212168
213.3570646
213.2909101
213.2227279
213.1524939
213.0801882
213.0057953
212.9293009
212.8506887
212.7699405
212.6870359
212.6019525
212.514666
212.4251568
212.3334134
212.2394222
212.143163
212.0446185
211.9437727
211.8406093
211.7351122
211.6272655
211.5170534
211.4044602
211.2894703
211.1720679
211.0522354
210.9299534
210.8052163
210.6780128
210.5483284
210.4161515
210.2814676
210.1442622
210.0045189
209.8622177
209.7173398
209.5698617
209.4197613
209.2670166
209.1116016
208.9534933
208.7926679
208.6290985
208.4627588
208.293624
208.1216684
207.9468618
207.769175
207.588583
207.405055
207.2185571
207.0290608
206.8365357
206.6409504
206.4422727
206.2404706
206.0355125
205.8273668
205.6160021
205.4013871
205.1834902
204.9622757
204.7376673
204.5097341
204.2785327
204.0440369
203.8061918
203.564882
203.320056
203.0717369
202.8199242
202.5645268
202.305533
202.0430516
201.7771027
201.5075808
201.2342717
200.9573156
200.6768225
200.3928584
200.1054022
199.8143815
199.5197343
199.2214318
198.9194716
198.6138289
198.3043289
197.9909399
197.6736562
197.3524726
197.0273976
196.698446
196.3656587
196.0284258
195.6830259
195.3298031
194.9672324
194.6026979
194.2329498
193.872703
193.5069942
193.150884
192.7920852
192.4449806
192.0939625
191.7500143
191.4050518
191.0701387
190.7376393
190.4108082
190.0833955
189.757714
189.4436085
189.1380158
188.8341866
188.5263463
188.2273009
187.937185
187.6559497
187.3799961
187.109968
186.8462928
186.5884732
186.3380994
186.0940627
185.8569229
185.6251424
185.3987197
185.1768038
184.9595229
184.7460593
184.536657
184.3315636
184.131802
183.937667
183.7489738
183.5645969
183.3843796
183.2076364
183.0346104
182.8645793
182.6969249
182.532462
182.3723101
182.2173592
182.0675828
181.9225706
181.7819916
181.6463414
181.5145327
181.3857585
181.2591707
181.1361109
181.0174842
180.9039185
180.795923
180.6937122
180.5973362
180.506463
180.4207182
180.3395952
180.2626643
180.1896152
180.1202671
180.054494
179.9922051
179.9332894
179.8776347
179.8251695
179.7759056
179.7299517
179.6875322
179.649026
179.6149705
179.5860115
179.5628073
179.5459775
179.5358797
179.5325789
179.5357636
179.5446997
179.5582676
179.5750531
179.5935443
179.6120832
179.6298627
179.647588
179.6659912
179.6857374
179.7074444
179.7316823
179.7589562
179.7897403
179.824489
179.863633
179.9075652
179.9566182
180.0110416
180.0692938
180.1177257
180.1505186
180.1659136
180.1741191
180.1913055
180.2169961
180.2504144
180.2910425
180.3383849
180.3918948
180.4509143
180.5147495
180.5827222
180.6540656
180.7281224
180.8040385
180.8812552
180.958984
181.0367177
181.1138268
181.1895182
181.2637262
181.3365963
181.40807
181.4784546
181.547887
181.6166866
181.6851296
181.7535977
181.8223987
181.8918875
181.9623842
182.0341933
182.1075318
182.1826987
182.2598323
182.3390956
182.4206145
182.5044419
182.5906181
182.6791857
182.7701418
182.8634997
182.9592808
183.0575152
183.1582675
183.2616243
183.3676951
183.4766135
183.5885355
183.7036463
183.8220701
183.9439866
184.0695979
184.1990625
184.332511
184.4700549
184.6117924
184.7578094
184.9081803
185.0629712
185.2222436
185.38606
185.554488
185.7276031
185.9054896
186.0882402
186.2759554
186.4687433
186.6667205
186.8700123
187.0787527
187.2930828
187.5131485
187.7391036
187.971105
188.2093107
188.4538786
188.7049646
188.9627201
189.2272897
189.498809
189.7774019
190.0631793
190.3562367
190.6566521
190.9644898
191.2797959
191.6025833
191.9328467
192.2705518
192.6156566
192.9680976
193.327798
193.6946698
194.0686117
194.449519
194.8372815
195.2317921
195.6329499
196.040661
196.4548431
196.8754318
197.3024138
197.7358848
198.1761469
198.6280773
199.1016202
199.5728953
200.0241573
200.4534726
200.8619939
201.2495081
201.6183936
201.9712946
202.3110964
202.6423527
202.9680794
203.2931361
203.6200334
203.9527717
204.2934153
204.644121
205.0065467
205.3800111
205.7642299
206.1557692
206.5533287
206.9516977
207.3460511
207.7326438
208.1062967
208.4617824
208.7927726
209.0940646
209.3596411
209.5850009
209.7651006
209.8960719
209.9742322
210.000133
210.0183757
210.0532039
210.1107161
210.188352
210.26636
210.3299453
210.3852542
210.4398484
210.5022513
210.5764437
210.6602823
210.7520926
210.8503291
210.9531439
211.0591597
211.1672281
211.2764628
211.3861516
211.4957598
211.6050303
211.7140874
211.8234451
211.9339355
212.046711
212.1634059
212.2863092
212.4186307
212.5651575
212.7303779
212.9541381
213.3268438
213.8621707
214.5694368
215.4526476
216.5120463
217.7447502
219.1454147
220.706415
222.4175106
224.2739537
226.2951975
228.5058332
230.9319659
233.6016882
236.5453054
239.795731
243.3889657
247.3645713
251.7662613
256.6425252
262.0472934
268.0407087
274.6899919
282.0707689
290.2689386
299.3821491
309.5180113
320.8025461
333.3791684
347.4089689
363.0752706
380.5866015
400.1754016
421.8316635
445.1562781
468.8881227
492.6747191
516.1957864
539.0911199
561.0266453
581.693492
600.8408267
618.3016308
633.9669451
647.8105076
659.8768592
670.2543987
679.0846982
686.5253298
692.7366216
697.8802655
702.1074727
705.5617813
708.374931
710.6582829
712.5042709
713.9973087
715.2075906
716.1831262
716.9756336
717.6306442
718.1772632
718.6371729
719.0280985
719.3658534
719.663922
719.934064
720.1840796
720.4189056
720.6374269
720.8465655
721.0482695
721.2475399
721.4471775
721.6484341
721.8505302
722.0527564
722.2539936
722.4557551
722.6430772
722.8380191
723.0395972
723.2589405
723.4029527
723.5598797
723.7268342
723.8963127
724.0808662
724.2687135
724.4698634
724.63173
724.7935215
724.9619961
725.1290873
725.2968525
725.4608762
725.6293804
725.7807362
725.9331858
726.0958302
726.2206041
726.3481965
726.4971986
726.651798
726.7983966
726.9403623
727.0787582
727.2108739
727.3444887
727.4552352
727.5890881
727.7297737
727.8678154
728.0035948
728.1290496
728.2476275
728.3621261
728.4899847
728.6113442
728.7282819
728.8416564
728.9336621
729.0537564
729.1670005
729.2792356
729.3879715
729.4943435
729.597977
729.6966391
729.7705887
729.8868966
729.9923503
730.0941179
730.1914428
730.2932913
730.3942032
730.4909326
730.580741
730.6346064
730.7418718
730.8403459
730.9284532
731.0171578
731.0929766
731.1699086
731.1977222
731.2905788
731.3747536
731.448824
731.5238298
731.5850588
731.6505322
731.6578234
731.746189
731.8202465
731.8842185
731.9496698
732.0013207
732.0556217
732.0531817
732.1402476
732.2062973
732.2691876
732.3198926
732.3732356
732.3979538
732.3764276
732.459507
732.5147759
732.5546241
732.5997616
732.5999027
732.5693972
732.6550549
732.7014811
732.7340415
732.768177
732.7628594
732.7196864
732.8080494
732.8413726
732.8727772
732.8646993
732.8252752
732.9012611
732.9326634
732.9562375
732.9834317
732.9909103
732.9770029
732.9167918
733.0091298
733.0391894
733.0664775
733.0821786
733.0700104
733.0208695
733.105807
733.1393609
733.168401
733.1952472
733.2220601
733.2490654
733.2764472
733.3022416
733.328679
733.3199739
733.2729373
733.3645477
733.4077733
733.4426564
733.4759155
733.5092071
733.5427287
733.5817647
733.5863627
733.5609894
733.6592994
733.7157103
733.7717723
733.8003319
733.7857415
733.8825751
733.9551254
734.01076
734.0524842
734.0437638
734.1457104
734.2255358
734.2870805
734.3415097
734.3420924
734.4502393
734.5355254
734.6093614
734.6703579
734.6809545
734.7969596
734.8925619
734.9712126
735.0401574
735.0523024
735.1698947
735.2723299
735.3495889
735.4220432
735.4311871
735.5485087
735.6529652
735.726099
735.7994189
735.8037015
735.9258148
736.020238
736.1044127
736.1862923
736.2619365
736.3383344
736.4025919
736.4613809
736.4482083
736.563347
736.6494305
736.7277268
736.7984731
736.8695617
736.9344282
736.9997367
737.0439566
737.0243975
737.1437822
737.2297357
737.3030525
737.374137
737.4355648
737.5028863
737.5249229
737.50119
737.6230752
737.6972424
737.7591918
737.8118866
737.8634668
737.9066808
737.9569156
737.9544705
737.9214034
738.0361851
738.0987082
738.1527032
738.2063879
738.2497002
738.2979348
738.307846
738.2919722
738.397702
738.4611982
738.5113836
738.5451176
738.5868576
738.6253965
738.6608031
738.6776012
738.7337754
738.7726742
738.8033251
738.81853
738.8566097
738.8836736
738.9071199
738.9243128
738.9429196
738.9583292
738.9654908
738.9882329
739.0033608
739.0154534
739.0219809
739.0353506
739.0447206
739.0526264
739.0567586
739.0651271
739.0704402
739.0746613
739.0761781
739.0810538
739.0841654
739.0856246
739.0875578
739.0888285
739.0891142
739.0907278
739.091219
739.0911664
739.0917977
739.0915014
739.0905245
739.0899486
739.0881092
739.0852491
739.0819683
739.0780213
739.0737121
739.0690394
739.0639353
739.0594795
739.054896
739.0500617
739.0447893
739.040054
739.0349495
739.0293346
739.0227064
739.0175825
739.0118831
739.0058084
738.9997272
738.9934122
738.9862447
738.9805789
738.9745254
738.9683513
738.9621395
738.9558606
738.9494992
738.9430384
738.936398
738.9294924
738.922802
738.9157463
738.908347
738.9006364
738.8927055
738.8844183
738.8760179
738.8673076
738.8584822
738.8494194
738.8402065
738.8308196
738.8212565
738.8114926
738.8015112
738.7913316
738.781002
738.77057
738.7600666
738.7494835
738.7387962
738.7279719
738.7169931
738.7058674
738.6946259
738.6833132
738.6719717
738.6606278
738.6492844
738.6379269
738.6265406
738.6151267
738.6036845
738.592265
738.5809056
738.5695495
738.5581816
738.5467863
738.5353894
738.523991
738.5126137
738.5013221
738.4899962
738.4787945
738.4675947
738.4564455
738.4455971
738.4346082
738.4245567
738.4154429
738.4092165
738.4079504
738.418137
738.4389967
738.4150534
738.3150914
738.0511726
737.335151
735.2203057
728.7260827
708.2310869
643.7036559
477.672391
326.5364291
300.4716042
298.1966645
298.0158586
298.0012911
298.0001055
298.0000086
298.0000007
298.0000001
298
298
298
298
298
298
298
298
298
298
298
298
298
298
298
298
298
298
298
298
298
298
298
298
298
298
298
298
298
298
298
298
298
298
298
298
298
298
298
298
298
298
298
298
298
298
298
298
298
298
298
298
298
298
298
298
298
298
298
298
298
298
298
298
298
298
298
298
298
298
298
298
298
298
298
298
298
298
298
298
298
298
298
298
298
298
298
298
298
298
298
298
298
298
298
298
298
298
298
298
298
298
298
298
298
298
298
298
298
298
298
298
298
298
298
298
298
298
298
298
298
298
298
298
298
298
298
298
298
298
298
298
298
298
298
298
298
298
298
298
298
298
298
298
298
298
298
298
298
298
298
298
298
298
298
298
298
298
298
298
298
298
298
298
298
298
298
298
298
298
298
298
298
298
298
298
298
298
298
298
298
298
298
298
298
298
298
298
298
298
298
298
298
298
298
298
298
298
298
298
298
298
298
298
298
298
298
298
298
298
298
298
298
298
298
298
298
298
298
298
298
298
298
298
298
298
298
298
298
298
298
298
298
298
298
298
298
298
298
298
298
298
298
298
298
298
298
298
298
298
298
298
298
298
298
298
298
298
298
298
298
298
298
298
298
298
298
298
298
298
298
298
298
298
298
298
298
298
298
298
298
298
298
298
298
298
298
298
298
298
298
298
298
298
298
298
298
298
298
298
298
298
298
298
298
298
298
298
298
298
298
298
298
298
298
298
298
298
298
298
298
298
298
298
298
298
298
298
298
298
298
298
298
298
298
298
298
298
298
298
298
298
298
298
298
298
298
298
298
298
298
298
298
298
298
298
298
298
298
298
298
298
298
298
298
298
298
298
298
298
298
298
298
298
298
298
298
298
298
298
298
298
298
298
298
298
298
298
298
298
298
298
298
298
298
298
298
298
298
298
298
298
298
298
298
298
298
298
298
298
298
298
298
298
298
298
298
298
298
298
298
298
298
298
298
298
298
298
298
298
298
298
298
298
298
298
298
298
298
298
298
298
298
298
298
298
298
298
298
298
298
298
298
298
298
298
298
298
298
298
298
298
298
298
298
298
298
298
298
298
298
298
298
298
298
298
298
298
298
298
298
298
298
298
298
298
298
298
298
298
298
298
298
298
298
298
298
298
298
298
298
298
298
298
298
298
298
298
298
298
298
298
298
298
298
298
298
298
298
298
298
298
298
298
298
298
298
298
298
298
298
298
298
298
298
298
298
298
298
298
298
298
298
298
298
298
298
298
298
298
298
298
298
298
298
298
298
298
298
298
298
298
298
298
298
298
298
298
298
298
298
298
298
298
298
298
298
298
298
298
298
298
298
298
298
298
298
298
298
298
298
298
298
298
298
298
298
298
298
298
298
298
298
298
298
298
298
298
298
298
298
298
298
298
298
298
298
298
298
298
298
298
298
298
298
298
298
298
298
298
298
298
298
298
298
298
298
298
298
298
298
298
298
298
298
298
298
298
298
298
298
298
298
298
298
298
298
298
298
298
298
298
298
298
298
298
298
298
298
298
298
298
298
298
298
298
298
298
298
298
298
298
298
298
298
298
298
298
298
298
298
298
298
298
298
298
298
298
298
298
298
298
298
298
298
298
298
298
298
298
298
298
298
298
298
298
298
298
298
298
298
298
298
298
298
298
298
298
298
298
298
298
298
298
298
298
298
298
298
298
298
298
298
298
298
298
298
298
298
298
298
298
298
298
298
298
298
298
298
298
298
298
298
298
298
298
298
298
298
298
298
298
298
298
298
298
298
298
298
298
298
298
298
298
298
298
298
298
298
298
298
298
298
298
298
298
298
298
298
298
298
298
298
298
298
298
298
298
298
298
298
298
298
298
298
298
298
298
298
298
298
298
298
298
298
298
298
298
298
298
298
298
298
298
298
298
298
298
298
298
298
298
298
298
298
298
298
298
298
298
298
298
298
298
298
298
298
298
298
298
298
298
298
298
298
298
298
298
298
298
298
298
298
298
298
298
298
298
298
298
298
298
298
298
298
298
298
298
298
298
298
298
298
298
298
298
298
298
298
298
298
298
298
298
298
298
298
298
298
298
298
298
298
298
298
298
298
298
298
298
298
298
298
298
298
298
298
298
298
298
298
298
298
298
298
298
298
298
298
298
298
298
298
298
298
298
298
298
298
298
298
298
298
298
298
298
298
298
298
298
298
298
298
298
298
298
298
298
298
298
298
298
298
298
298
298
298
298
298
298
298
298
298
298
298
298
298
298
298
298
298
298
298
298
298
298
298
298
298
298
298
298
)
;

boundaryField
{
    side1
    {
        type            fixedValue;
        value           uniform 298;
    }
    side2
    {
        type            zeroGradient;
    }
    empty1
    {
        type            empty;
    }
    empty2
    {
        type            empty;
    }
}


// ************************************************************************* //
