/*--------------------------------*- C++ -*----------------------------------*\
| =========                 |                                                 |
| \\      /  F ield         | OpenFOAM: The Open Source CFD Toolbox           |
|  \\    /   O peration     | Version:  2312                                  |
|   \\  /    A nd           | Website:  www.openfoam.com                      |
|    \\/     M anipulation  |                                                 |
\*---------------------------------------------------------------------------*/
FoamFile
{
    version     2.0;
    format      ascii;
    arch        "LSB;label=32;scalar=64";
    class       volVectorField;
    location    "0.003";
    object      U;
}
// * * * * * * * * * * * * * * * * * * * * * * * * * * * * * * * * * * * * * //

dimensions      [0 1 -1 0 0 0 0];

internalField   nonuniform List<vector> 
5000
(
(9.999985363 0 0)
(9.999998054 0 0)
(9.999998341 0 0)
(9.999998307 0 0)
(9.999998304 0 0)
(9.999998299 0 0)
(9.9999983 0 0)
(9.9999983 0 0)
(9.9999983 0 0)
(9.9999983 0 0)
(9.999998301 0 0)
(9.999998305 0 0)
(9.999998304 0 0)
(9.999998302 0 0)
(9.999998297 0 0)
(9.999998298 0 0)
(9.999998304 0 0)
(9.999998303 0 0)
(9.9999983 0 0)
(9.999998299 0 0)
(9.999998302 0 0)
(9.999998299 0 0)
(9.999998299 0 0)
(9.999998302 0 0)
(9.999998304 0 0)
(9.999998303 0 0)
(9.9999983 0 0)
(9.999998303 0 0)
(9.999998301 0 0)
(9.999998301 0 0)
(9.999998305 0 0)
(9.999998301 0 0)
(9.9999983 0 0)
(9.999998301 0 0)
(9.999998302 0 0)
(9.999998305 0 0)
(9.999998305 0 0)
(9.999998305 0 0)
(9.999998305 0 0)
(9.999998303 0 0)
(9.999998301 0 0)
(9.999998301 0 0)
(9.999998307 0 0)
(9.999998304 0 0)
(9.999998304 0 0)
(9.999998305 0 0)
(9.999998303 0 0)
(9.999998302 0 0)
(9.999998304 0 0)
(9.999998305 0 0)
(9.999998301 0 0)
(9.9999983 0 0)
(9.999998302 0 0)
(9.999998307 0 0)
(9.999998306 0 0)
(9.999998304 0 0)
(9.999998304 0 0)
(9.999998301 0 0)
(9.999998307 0 0)
(9.999998306 0 0)
(9.999998303 0 0)
(9.99999831 0 0)
(9.999998307 0 0)
(9.999998305 0 0)
(9.999998305 0 0)
(9.999998309 0 0)
(9.999998309 0 0)
(9.999998307 0 0)
(9.999998309 0 0)
(9.999998307 0 0)
(9.999998302 0 0)
(9.999998303 0 0)
(9.999998306 0 0)
(9.999998306 0 0)
(9.999998306 0 0)
(9.999998305 0 0)
(9.99999831 0 0)
(9.999998307 0 0)
(9.999998304 0 0)
(9.999998308 0 0)
(9.999998306 0 0)
(9.999998306 0 0)
(9.999998305 0 0)
(9.999998302 0 0)
(9.999998309 0 0)
(9.999998309 0 0)
(9.999998303 0 0)
(9.999998303 0 0)
(9.999998303 0 0)
(9.999998308 0 0)
(9.999998312 0 0)
(9.999998303 0 0)
(9.999998305 0 0)
(9.999998307 0 0)
(9.999998306 0 0)
(9.999998305 0 0)
(9.999998308 0 0)
(9.999998306 0 0)
(9.999998302 0 0)
(9.999998308 0 0)
(9.999998308 0 0)
(9.999998306 0 0)
(9.999998303 0 0)
(9.999998305 0 0)
(9.999998307 0 0)
(9.999998304 0 0)
(9.999998307 0 0)
(9.999998306 0 0)
(9.999998302 0 0)
(9.999998305 0 0)
(9.999998305 0 0)
(9.999998303 0 0)
(9.999998305 0 0)
(9.999998305 0 0)
(9.999998306 0 0)
(9.999998306 0 0)
(9.999998303 0 0)
(9.999998305 0 0)
(9.999998306 0 0)
(9.9999983 0 0)
(9.9999983 0 0)
(9.999998305 0 0)
(9.999998303 0 0)
(9.999998306 0 0)
(9.999998304 0 0)
(9.999998301 0 0)
(9.999998303 0 0)
(9.999998306 0 0)
(9.999998305 0 0)
(9.999998305 0 0)
(9.999998305 0 0)
(9.999998304 0 0)
(9.999998305 0 0)
(9.999998301 0 0)
(9.999998299 0 0)
(9.999998302 0 0)
(9.999998301 0 0)
(9.999998303 0 0)
(9.999998299 0 0)
(9.999998295 0 0)
(9.999998307 0 0)
(9.999998306 0 0)
(9.999998301 0 0)
(9.999998301 0 0)
(9.9999983 0 0)
(9.999998296 0 0)
(9.999998294 0 0)
(9.999998298 0 0)
(9.999998302 0 0)
(9.999998301 0 0)
(9.999998297 0 0)
(9.999998301 0 0)
(9.999998302 0 0)
(9.999998298 0 0)
(9.999998297 0 0)
(9.999998297 0 0)
(9.999998298 0 0)
(9.999998297 0 0)
(9.999998296 0 0)
(9.999998299 0 0)
(9.999998301 0 0)
(9.9999983 0 0)
(9.999998294 0 0)
(9.9999983 0 0)
(9.999998295 0 0)
(9.999998294 0 0)
(9.999998298 0 0)
(9.999998297 0 0)
(9.999998294 0 0)
(9.999998294 0 0)
(9.999998294 0 0)
(9.999998293 0 0)
(9.999998294 0 0)
(9.999998294 0 0)
(9.999998296 0 0)
(9.999998293 0 0)
(9.999998285 0 0)
(9.999998288 0 0)
(9.999998288 0 0)
(9.999998285 0 0)
(9.999998286 0 0)
(9.999998285 0 0)
(9.99999828 0 0)
(9.999998278 0 0)
(9.999998278 0 0)
(9.999998275 0 0)
(9.999998271 0 0)
(9.999998261 0 0)
(9.99999826 0 0)
(9.999998256 0 0)
(9.999998238 0 0)
(9.999998222 0 0)
(9.999998198 0 0)
(9.999998146 0 0)
(9.99999808 0 0)
(9.999998 0 0)
(9.999997852 0 0)
(9.99999767 0 0)
(9.999997372 0 0)
(9.999996976 0 0)
(9.999996378 0 0)
(9.999995538 0 0)
(9.999994323 0 0)
(9.999992575 0 0)
(9.999990009 0 0)
(9.999986382 0 0)
(9.999981093 0 0)
(9.999973517 0 0)
(9.999962571 0 0)
(9.99994681 0 0)
(9.999924101 0 0)
(9.999891381 0 0)
(9.999844237 0 0)
(9.999776298 0 0)
(9.999678432 0 0)
(9.999537441 0 0)
(9.99933436 0 0)
(9.999041787 0 0)
(9.998620374 0 0)
(9.998013375 0 0)
(9.997139082 0 0)
(9.995879896 0 0)
(9.994066528 0 0)
(9.991455069 0 0)
(9.987694724 0 0)
(9.982280276 0 0)
(9.974484791 0 0)
(9.963262609 0 0)
(9.94711026 0 0)
(9.923865311 0 0)
(9.890425146 0 0)
(9.842333285 0 0)
(9.773202703 0 0)
(9.67390238 0 0)
(9.531398992 0 0)
(9.327194149 0 0)
(9.03509406 0 0)
(8.618485284 0 0)
(8.02622624 0 0)
(7.189352852 0 0)
(6.016764091 0 0)
(4.389515967 0 0)
(2.167271838 0 0)
(-0.8042467904 0 0)
(-4.662295677 0 0)
(-9.173536685 0 0)
(-13.28130422 0 0)
(-16.84447736 0 0)
(-19.71455965 0 0)
(-22.12368277 0 0)
(-24.0362715 0 0)
(-25.50247682 0 0)
(-26.63730402 0 0)
(-27.52013915 0 0)
(-28.21617178 0 0)
(-28.68508813 0 0)
(-29.05170878 0 0)
(-29.33737805 0 0)
(-29.55652996 0 0)
(-29.68568822 0 0)
(-29.77078589 0 0)
(-29.83568027 0 0)
(-29.89258585 0 0)
(-29.92237148 0 0)
(-29.92540545 0 0)
(-29.92400195 0 0)
(-29.92607524 0 0)
(-29.9248715 0 0)
(-29.91251505 0 0)
(-29.88618692 0 0)
(-29.84698966 0 0)
(-29.79860619 0 0)
(-29.74104961 0 0)
(-29.67932762 0 0)
(-29.61909749 0 0)
(-29.55792213 0 0)
(-29.49850813 0 0)
(-29.43836814 0 0)
(-29.37715158 0 0)
(-29.31430945 0 0)
(-29.25000812 0 0)
(-29.1855213 0 0)
(-29.11819806 0 0)
(-29.05043529 0 0)
(-28.98260483 0 0)
(-28.91474483 0 0)
(-28.84382386 0 0)
(-28.77235605 0 0)
(-28.69801973 0 0)
(-28.62143135 0 0)
(-28.54150024 0 0)
(-28.46127684 0 0)
(-28.37720976 0 0)
(-28.29365359 0 0)
(-28.21126851 0 0)
(-28.12557895 0 0)
(-28.04009978 0 0)
(-27.95375908 0 0)
(-27.86491881 0 0)
(-27.77549444 0 0)
(-27.68358746 0 0)
(-27.5912162 0 0)
(-27.49779864 0 0)
(-27.40511301 0 0)
(-27.31159641 0 0)
(-27.21711091 0 0)
(-27.12254451 0 0)
(-27.02618097 0 0)
(-26.92857042 0 0)
(-26.83067592 0 0)
(-26.73205671 0 0)
(-26.63111806 0 0)
(-26.53109293 0 0)
(-26.43081152 0 0)
(-26.33004452 0 0)
(-26.23031145 0 0)
(-26.1291609 0 0)
(-26.02804825 0 0)
(-25.92773376 0 0)
(-25.82675388 0 0)
(-25.72561704 0 0)
(-25.62464116 0 0)
(-25.52194215 0 0)
(-25.41864193 0 0)
(-25.31556121 0 0)
(-25.21182205 0 0)
(-25.10605541 0 0)
(-25.00114564 0 0)
(-24.89767629 0 0)
(-24.79429185 0 0)
(-24.68889007 0 0)
(-24.58403067 0 0)
(-24.47805375 0 0)
(-24.3716195 0 0)
(-24.26715722 0 0)
(-24.16115091 0 0)
(-24.05417509 0 0)
(-23.94768335 0 0)
(-23.8402995 0 0)
(-23.73417605 0 0)
(-23.62629623 0 0)
(-23.51786241 0 0)
(-23.41062055 0 0)
(-23.30192702 0 0)
(-23.193694 0 0)
(-23.08617019 0 0)
(-22.97659619 0 0)
(-22.86780512 0 0)
(-22.75914098 0 0)
(-22.65076416 0 0)
(-22.5423358 0 0)
(-22.43347582 0 0)
(-22.32348725 0 0)
(-22.21419624 0 0)
(-22.10499454 0 0)
(-21.99474095 0 0)
(-21.8847625 0 0)
(-21.77564964 0 0)
(-21.66669124 0 0)
(-21.55606192 0 0)
(-21.44624584 0 0)
(-21.33681787 0 0)
(-21.22625806 0 0)
(-21.11681414 0 0)
(-21.00713163 0 0)
(-20.8973256 0 0)
(-20.78825597 0 0)
(-20.67799363 0 0)
(-20.56806957 0 0)
(-20.45825489 0 0)
(-20.3484903 0 0)
(-20.23856726 0 0)
(-20.1287731 0 0)
(-20.01953762 0 0)
(-19.90977325 0 0)
(-19.79979536 0 0)
(-19.68984656 0 0)
(-19.58011688 0 0)
(-19.47104423 0 0)
(-19.36162084 0 0)
(-19.25216564 0 0)
(-19.14224694 0 0)
(-19.03383168 0 0)
(-18.92495415 0 0)
(-18.8162613 0 0)
(-18.70815038 0 0)
(-18.59996896 0 0)
(-18.4913997 0 0)
(-18.3837336 0 0)
(-18.27673694 0 0)
(-18.1685315 0 0)
(-18.06001488 0 0)
(-17.95224907 0 0)
(-17.84522216 0 0)
(-17.73854366 0 0)
(-17.63332062 0 0)
(-17.52759569 0 0)
(-17.42200273 0 0)
(-17.31693365 0 0)
(-17.21228635 0 0)
(-17.10700375 0 0)
(-17.0021064 0 0)
(-16.89670825 0 0)
(-16.79137428 0 0)
(-16.68660163 0 0)
(-16.5811093 0 0)
(-16.47618466 0 0)
(-16.3720706 0 0)
(-16.26776019 0 0)
(-16.16476127 0 0)
(-16.06164923 0 0)
(-15.95886413 0 0)
(-15.85605617 0 0)
(-15.75248295 0 0)
(-15.64808136 0 0)
(-15.54377171 0 0)
(-15.44133185 0 0)
(-15.33758429 0 0)
(-15.23335047 0 0)
(-15.12973216 0 0)
(-15.02554671 0 0)
(-14.92211525 0 0)
(-14.81902062 0 0)
(-14.71606382 0 0)
(-14.61385458 0 0)
(-14.51075724 0 0)
(-14.40773538 0 0)
(-14.30574219 0 0)
(-14.20347238 0 0)
(-14.10078629 0 0)
(-13.99896644 0 0)
(-13.89682431 0 0)
(-13.79508207 0 0)
(-13.69341918 0 0)
(-13.5908558 0 0)
(-13.48854578 0 0)
(-13.38690954 0 0)
(-13.2852327 0 0)
(-13.18339182 0 0)
(-13.0821754 0 0)
(-12.98056019 0 0)
(-12.879234 0 0)
(-12.77879129 0 0)
(-12.67775316 0 0)
(-12.57775916 0 0)
(-12.4776116 0 0)
(-12.37796012 0 0)
(-12.27877881 0 0)
(-12.17916555 0 0)
(-12.08060212 0 0)
(-11.98226077 0 0)
(-11.88348382 0 0)
(-11.78496041 0 0)
(-11.6873113 0 0)
(-11.58993216 0 0)
(-11.49413239 0 0)
(-11.39812037 0 0)
(-11.30114302 0 0)
(-11.20417573 0 0)
(-11.10851367 0 0)
(-11.01247431 0 0)
(-10.91672888 0 0)
(-10.82126951 0 0)
(-10.72537225 0 0)
(-10.62979637 0 0)
(-10.53534096 0 0)
(-10.44105614 0 0)
(-10.34674092 0 0)
(-10.25194484 0 0)
(-10.15783783 0 0)
(-10.06375138 0 0)
(-9.969405851 0 0)
(-9.875336469 0 0)
(-9.781270632 0 0)
(-9.686536827 0 0)
(-9.592242225 0 0)
(-9.498349431 0 0)
(-9.403690364 0 0)
(-9.309621229 0 0)
(-9.215358359 0 0)
(-9.121138626 0 0)
(-9.027304393 0 0)
(-8.933954402 0 0)
(-8.840883317 0 0)
(-8.748609512 0 0)
(-8.657145276 0 0)
(-8.564919225 0 0)
(-8.473271532 0 0)
(-8.38198605 0 0)
(-8.291109201 0 0)
(-8.199934032 0 0)
(-8.109782844 0 0)
(-8.020083781 0 0)
(-7.930280131 0 0)
(-7.841662327 0 0)
(-7.752690357 0 0)
(-7.664501888 0 0)
(-7.576981196 0 0)
(-7.489313744 0 0)
(-7.402581711 0 0)
(-7.316133518 0 0)
(-7.231168931 0 0)
(-7.145848666 0 0)
(-7.061445816 0 0)
(-6.977527196 0 0)
(-6.89309225 0 0)
(-6.80985216 0 0)
(-6.728114238 0 0)
(-6.646159887 0 0)
(-6.565731003 0 0)
(-6.485348269 0 0)
(-6.406009514 0 0)
(-6.326632055 0 0)
(-6.248171528 0 0)
(-6.170625048 0 0)
(-6.092613426 0 0)
(-6.015790305 0 0)
(-5.939302191 0 0)
(-5.862940085 0 0)
(-5.788180398 0 0)
(-5.713157882 0 0)
(-5.639213623 0 0)
(-5.565623479 0 0)
(-5.49228981 0 0)
(-5.419743747 0 0)
(-5.347999734 0 0)
(-5.27599748 0 0)
(-5.205108352 0 0)
(-5.135013703 0 0)
(-5.064644026 0 0)
(-4.995355759 0 0)
(-4.926278835 0 0)
(-4.85743343 0 0)
(-4.788800892 0 0)
(-4.720581113 0 0)
(-4.653705565 0 0)
(-4.586873845 0 0)
(-4.520199746 0 0)
(-4.45476828 0 0)
(-4.389269911 0 0)
(-4.324697253 0 0)
(-4.260264661 0 0)
(-4.196516136 0 0)
(-4.132588148 0 0)
(-4.069798304 0 0)
(-4.006828686 0 0)
(-3.944597294 0 0)
(-3.883104485 0 0)
(-3.821323789 0 0)
(-3.760461581 0 0)
(-3.700359022 0 0)
(-3.640140855 0 0)
(-3.580596207 0 0)
(-3.521607706 0 0)
(-3.462433525 0 0)
(-3.40394822 0 0)
(-3.34612374 0 0)
(-3.289304114 0 0)
(-3.232352345 0 0)
(-3.176197197 0 0)
(-3.119830611 0 0)
(-3.064339649 0 0)
(-3.008842041 0 0)
(-2.954210455 0 0)
(-2.899581256 0 0)
(-2.845324457 0 0)
(-2.791439896 0 0)
(-2.737716248 0 0)
(-2.684310289 0 0)
(-2.631506808 0 0)
(-2.579191257 0 0)
(-2.527340675 0 0)
(-2.475875404 0 0)
(-2.424458223 0 0)
(-2.373441123 0 0)
(-2.323163657 0 0)
(-2.273320537 0 0)
(-2.223329038 0 0)
(-2.17395771 0 0)
(-2.124895015 0 0)
(-2.075761162 0 0)
(-2.026762809 0 0)
(-1.978572832 0 0)
(-1.930341196 0 0)
(-1.882608372 0 0)
(-1.83526882 0 0)
(-1.787741219 0 0)
(-1.740706277 0 0)
(-1.693708171 0 0)
(-1.646788603 0 0)
(-1.600319517 0 0)
(-1.553921285 0 0)
(-1.508105303 0 0)
(-1.462242739 0 0)
(-1.416618456 0 0)
(-1.371019552 0 0)
(-1.325932503 0 0)
(-1.280714438 0 0)
(-1.235783144 0 0)
(-1.190948212 0 0)
(-1.146391743 0 0)
(-1.102198277 0 0)
(-1.057919672 0 0)
(-1.013946491 0 0)
(-0.9703253773 0 0)
(-0.9267774445 0 0)
(-0.8834833322 0 0)
(-0.8400128539 0 0)
(-0.7968461311 0 0)
(-0.7538418447 0 0)
(-0.7107330507 0 0)
(-0.6679233766 0 0)
(-0.6254302327 0 0)
(-0.5829051335 0 0)
(-0.5406107544 0 0)
(-0.4983911777 0 0)
(-0.4563289881 0 0)
(-0.414679575 0 0)
(-0.3732628461 0 0)
(-0.3318687997 0 0)
(-0.2910467392 0 0)
(-0.2501915099 0 0)
(-0.2098447665 0 0)
(-0.1697251592 0 0)
(-0.1301685318 0 0)
(-0.09065633523 0 0)
(-0.05173048475 0 0)
(-0.01345441869 0 0)
(0.02479954979 0 0)
(0.0625751676 0 0)
(0.09982517991 0 0)
(0.1371602462 0 0)
(0.1738481708 0 0)
(0.2103915485 0 0)
(0.2463752944 0 0)
(0.2825005822 0 0)
(0.3179643767 0 0)
(0.3533544834 0 0)
(0.3882888817 0 0)
(0.4227470877 0 0)
(0.4572611822 0 0)
(0.4912798851 0 0)
(0.5249501414 0 0)
(0.5584384568 0 0)
(0.5916732808 0 0)
(0.6245673217 0 0)
(0.6575528993 0 0)
(0.6901366365 0 0)
(0.7224881281 0 0)
(0.7545462105 0 0)
(0.7866482188 0 0)
(0.8184083903 0 0)
(0.8500929058 0 0)
(0.8816662416 0 0)
(0.9129828558 0 0)
(0.9439776391 0 0)
(0.9749309312 0 0)
(1.005615709 0 0)
(1.036059581 0 0)
(1.066545355 0 0)
(1.096808719 0 0)
(1.126802487 0 0)
(1.156706399 0 0)
(1.186556371 0 0)
(1.216096513 0 0)
(1.245667858 0 0)
(1.275083362 0 0)
(1.304533634 0 0)
(1.334159706 0 0)
(1.363610055 0 0)
(1.393047616 0 0)
(1.422259197 0 0)
(1.451395393 0 0)
(1.480419712 0 0)
(1.50932358 0 0)
(1.537930228 0 0)
(1.566480307 0 0)
(1.594824101 0 0)
(1.623033108 0 0)
(1.651334927 0 0)
(1.679386499 0 0)
(1.707419706 0 0)
(1.735350777 0 0)
(1.763374495 0 0)
(1.791139722 0 0)
(1.818876011 0 0)
(1.846435166 0 0)
(1.873764786 0 0)
(1.901059644 0 0)
(1.928050709 0 0)
(1.954945158 0 0)
(1.981600982 0 0)
(2.008230827 0 0)
(2.034597149 0 0)
(2.060999024 0 0)
(2.087143981 0 0)
(2.113296616 0 0)
(2.139338083 0 0)
(2.165153161 0 0)
(2.190847712 0 0)
(2.216575398 0 0)
(2.242145169 0 0)
(2.267488916 0 0)
(2.292882522 0 0)
(2.318038865 0 0)
(2.342960525 0 0)
(2.367918531 0 0)
(2.392593645 0 0)
(2.417229093 0 0)
(2.441709262 0 0)
(2.466109373 0 0)
(2.490282549 0 0)
(2.514464806 0 0)
(2.538368424 0 0)
(2.562211224 0 0)
(2.585865871 0 0)
(2.609439315 0 0)
(2.632879583 0 0)
(2.656073003 0 0)
(2.679072681 0 0)
(2.702092539 0 0)
(2.724887574 0 0)
(2.747547519 0 0)
(2.770210781 0 0)
(2.792775106 0 0)
(2.815196076 0 0)
(2.837495398 0 0)
(2.859833889 0 0)
(2.88202356 0 0)
(2.904092169 0 0)
(2.92614131 0 0)
(2.948025159 0 0)
(2.969782547 0 0)
(2.991375095 0 0)
(3.01299386 0 0)
(3.03438879 0 0)
(3.055744423 0 0)
(3.077017553 0 0)
(3.098144438 0 0)
(3.119107243 0 0)
(3.140074408 0 0)
(3.160813928 0 0)
(3.18153072 0 0)
(3.202083164 0 0)
(3.222463951 0 0)
(3.242871318 0 0)
(3.263070252 0 0)
(3.283203312 0 0)
(3.303207986 0 0)
(3.323231301 0 0)
(3.343122499 0 0)
(3.362926187 0 0)
(3.382784514 0 0)
(3.40242757 0 0)
(3.422072094 0 0)
(3.441551311 0 0)
(3.460829211 0 0)
(3.480095321 0 0)
(3.499175634 0 0)
(3.518079368 0 0)
(3.536815799 0 0)
(3.55555787 0 0)
(3.574096928 0 0)
(3.592513072 0 0)
(3.610960939 0 0)
(3.629257991 0 0)
(3.647542118 0 0)
(3.665772845 0 0)
(3.684007236 0 0)
(3.702144446 0 0)
(3.720174297 0 0)
(3.738125889 0 0)
(3.755946927 0 0)
(3.773516243 0 0)
(3.791029672 0 0)
(3.808360082 0 0)
(3.825681022 0 0)
(3.842801281 0 0)
(3.859879583 0 0)
(3.876836434 0 0)
(3.893670763 0 0)
(3.910552998 0 0)
(3.927253552 0 0)
(3.943989193 0 0)
(3.960591926 0 0)
(3.977161692 0 0)
(3.993648056 0 0)
(4.010022029 0 0)
(4.026324225 0 0)
(4.042512268 0 0)
(4.058616422 0 0)
(4.074553362 0 0)
(4.090490202 0 0)
(4.106267263 0 0)
(4.121958195 0 0)
(4.137673267 0 0)
(4.153339208 0 0)
(4.168975387 0 0)
(4.184644007 0 0)
(4.200229946 0 0)
(4.215792206 0 0)
(4.231267908 0 0)
(4.246665784 0 0)
(4.261959108 0 0)
(4.277180239 0 0)
(4.292247036 0 0)
(4.307214221 0 0)
(4.322052866 0 0)
(4.336818568 0 0)
(4.351464654 0 0)
(4.366101083 0 0)
(4.380633878 0 0)
(4.395191616 0 0)
(4.409676138 0 0)
(4.424181032 0 0)
(4.438646937 0 0)
(4.453156451 0 0)
(4.467544485 0 0)
(4.481947748 0 0)
(4.496252038 0 0)
(4.510507615 0 0)
(4.524657501 0 0)
(4.538763909 0 0)
(4.552806609 0 0)
(4.566741244 0 0)
(4.58058027 0 0)
(4.594427608 0 0)
(4.608156967 0 0)
(4.621880001 0 0)
(4.635498318 0 0)
(4.649147921 0 0)
(4.662752102 0 0)
(4.676381961 0 0)
(4.690035254 0 0)
(4.703690147 0 0)
(4.717353806 0 0)
(4.730999264 0 0)
(4.744641363 0 0)
(4.758178708 0 0)
(4.771633594 0 0)
(4.784991099 0 0)
(4.798205859 0 0)
(4.811315083 0 0)
(4.824257123 0 0)
(4.837085453 0 0)
(4.849790685 0 0)
(4.862342214 0 0)
(4.874852876 0 0)
(4.887281375 0 0)
(4.899680195 0 0)
(4.912044858 0 0)
(4.924423247 0 0)
(4.936815115 0 0)
(4.949236032 0 0)
(4.961665201 0 0)
(4.97409373 0 0)
(4.986545442 0 0)
(4.999046489 0 0)
(5.011530402 0 0)
(5.024016233 0 0)
(5.036441076 0 0)
(5.048798999 0 0)
(5.061072762 0 0)
(5.073290482 0 0)
(5.085400502 0 0)
(5.09742 0 0)
(5.10935351 0 0)
(5.121151579 0 0)
(5.132905414 0 0)
(5.144548969 0 0)
(5.156143286 0 0)
(5.167651838 0 0)
(5.179065793 0 0)
(5.190491501 0 0)
(5.201813632 0 0)
(5.213118776 0 0)
(5.224354266 0 0)
(5.235608144 0 0)
(5.246752047 0 0)
(5.257913067 0 0)
(5.268984327 0 0)
(5.280067048 0 0)
(5.291058547 0 0)
(5.302056617 0 0)
(5.312960587 0 0)
(5.323891994 0 0)
(5.334741633 0 0)
(5.345598866 0 0)
(5.356396135 0 0)
(5.367147979 0 0)
(5.377919126 0 0)
(5.388604966 0 0)
(5.39928505 0 0)
(5.409883005 0 0)
(5.420492371 0 0)
(5.431047796 0 0)
(5.441589496 0 0)
(5.452098175 0 0)
(5.462543748 0 0)
(5.472971011 0 0)
(5.48331796 0 0)
(5.49366393 0 0)
(5.503943843 0 0)
(5.514199257 0 0)
(5.524392606 0 0)
(5.534591727 0 0)
(5.544720997 0 0)
(5.554839677 0 0)
(5.564905606 0 0)
(5.57493878 0 0)
(5.584930996 0 0)
(5.594879985 0 0)
(5.60477655 0 0)
(5.614668326 0 0)
(5.624508118 0 0)
(5.634266794 0 0)
(5.644012259 0 0)
(5.653675777 0 0)
(5.663320748 0 0)
(5.672908378 0 0)
(5.682433757 0 0)
(5.691964502 0 0)
(5.701427203 0 0)
(5.710880287 0 0)
(5.720349993 0 0)
(5.72978723 0 0)
(5.739233234 0 0)
(5.748693042 0 0)
(5.758179897 0 0)
(5.767630365 0 0)
(5.777105748 0 0)
(5.786541424 0 0)
(5.795932744 0 0)
(5.80528959 0 0)
(5.814582588 0 0)
(5.823805676 0 0)
(5.832975563 0 0)
(5.842061994 0 0)
(5.851096926 0 0)
(5.860077405 0 0)
(5.868984859 0 0)
(5.877892098 0 0)
(5.886741755 0 0)
(5.895585837 0 0)
(5.904445788 0 0)
(5.913290291 0 0)
(5.922164702 0 0)
(5.931031223 0 0)
(5.939931007 0 0)
(5.94880197 0 0)
(5.957681871 0 0)
(5.966509707 0 0)
(5.975283423 0 0)
(5.984020365 0 0)
(5.992671622 0 0)
(6.001260958 0 0)
(6.009789671 0 0)
(6.018244698 0 0)
(6.026627999 0 0)
(6.035011177 0 0)
(6.043309674 0 0)
(6.051606345 0 0)
(6.059875349 0 0)
(6.068116809 0 0)
(6.076381611 0 0)
(6.084589297 0 0)
(6.092806653 0 0)
(6.10094983 0 0)
(6.109068163 0 0)
(6.117126545 0 0)
(6.125114855 0 0)
(6.133064575 0 0)
(6.140945609 0 0)
(6.148780363 0 0)
(6.156561716 0 0)
(6.164315517 0 0)
(6.172026753 0 0)
(6.179728435 0 0)
(6.187393665 0 0)
(6.195061706 0 0)
(6.202700034 0 0)
(6.210346521 0 0)
(6.217966191 0 0)
(6.225599479 0 0)
(6.233210054 0 0)
(6.24083067 0 0)
(6.24842135 0 0)
(6.256015949 0 0)
(6.263573305 0 0)
(6.271128669 0 0)
(6.278656517 0 0)
(6.286196268 0 0)
(6.293717154 0 0)
(6.301250026 0 0)
(6.308769312 0 0)
(6.316266168 0 0)
(6.323760879 0 0)
(6.331193004 0 0)
(6.338562769 0 0)
(6.345885618 0 0)
(6.353125121 0 0)
(6.360289699 0 0)
(6.367373041 0 0)
(6.374352739 0 0)
(6.381229759 0 0)
(6.388056173 0 0)
(6.394841619 0 0)
(6.401572846 0 0)
(6.408290173 0 0)
(6.415008899 0 0)
(6.421711323 0 0)
(6.428424298 0 0)
(6.435168874 0 0)
(6.441904092 0 0)
(6.448632813 0 0)
(6.455326444 0 0)
(6.461994472 0 0)
(6.468602828 0 0)
(6.475155623 0 0)
(6.481655649 0 0)
(6.48808818 0 0)
(6.494465458 0 0)
(6.500790326 0 0)
(6.50707192 0 0)
(6.513316029 0 0)
(6.519539409 0 0)
(6.525768156 0 0)
(6.531997629 0 0)
(6.538234464 0 0)
(6.544499575 0 0)
(6.55080066 0 0)
(6.557132179 0 0)
(6.56350494 0 0)
(6.56989995 0 0)
(6.576310018 0 0)
(6.582720419 0 0)
(6.58911515 0 0)
(6.595482078 0 0)
(6.601840454 0 0)
(6.608171168 0 0)
(6.614456378 0 0)
(6.620711887 0 0)
(6.62693865 0 0)
(6.633133004 0 0)
(6.639316958 0 0)
(6.645488123 0 0)
(6.651670575 0 0)
(6.657879247 0 0)
(6.664101484 0 0)
(6.670350678 0 0)
(6.676633317 0 0)
(6.682928636 0 0)
(6.689243426 0 0)
(6.695559387 0 0)
(6.701862018 0 0)
(6.708153964 0 0)
(6.714414773 0 0)
(6.720652801 0 0)
(6.726860088 0 0)
(6.73302759 0 0)
(6.739168683 0 0)
(6.74528792 0 0)
(6.751379401 0 0)
(6.757471305 0 0)
(6.763562334 0 0)
(6.769657456 0 0)
(6.775744321 0 0)
(6.781837779 0 0)
(6.787944784 0 0)
(6.794046093 0 0)
(6.800153263 0 0)
(6.806241449 0 0)
(6.812325341 0 0)
(6.818351963 0 0)
(6.824362889 0 0)
(6.830327654 0 0)
(6.836247943 0 0)
(6.842109577 0 0)
(6.847949453 0 0)
(6.853724903 0 0)
(6.859474052 0 0)
(6.865178956 0 0)
(6.870831383 0 0)
(6.876457381 0 0)
(6.882018866 0 0)
(6.887554297 0 0)
(6.893034019 0 0)
(6.898485619 0 0)
(6.903877621 0 0)
(6.909242723 0 0)
(6.914559982 0 0)
(6.919870689 0 0)
(6.92514161 0 0)
(6.930392568 0 0)
(6.93564935 0 0)
(6.940883333 0 0)
(6.946117078 0 0)
(6.951364332 0 0)
(6.956596532 0 0)
(6.961841775 0 0)
(6.967073172 0 0)
(6.972311904 0 0)
(6.977507582 0 0)
(6.982697596 0 0)
(6.987857222 0 0)
(6.992982177 0 0)
(6.998089633 0 0)
(7.003160109 0 0)
(7.008206584 0 0)
(7.013228059 0 0)
(7.018218238 0 0)
(7.02318599 0 0)
(7.02812919 0 0)
(7.033045971 0 0)
(7.037929399 0 0)
(7.042792265 0 0)
(7.047624291 0 0)
(7.052439916 0 0)
(7.057227946 0 0)
(7.062007956 0 0)
(7.066771358 0 0)
(7.071537188 0 0)
(7.076300742 0 0)
(7.081077686 0 0)
(7.085865566 0 0)
(7.090662907 0 0)
(7.095477713 0 0)
(7.100313446 0 0)
(7.10515555 0 0)
(7.110012623 0 0)
(7.114863659 0 0)
(7.119714934 0 0)
(7.124573585 0 0)
(7.12941134 0 0)
(7.134245452 0 0)
(7.139057346 0 0)
(7.143864054 0 0)
(7.14865463 0 0)
(7.153423194 0 0)
(7.158190761 0 0)
(7.162935091 0 0)
(7.167659374 0 0)
(7.172369904 0 0)
(7.177057253 0 0)
(7.181713883 0 0)
(7.186350989 0 0)
(7.190958807 0 0)
(7.195544144 0 0)
(7.200100532 0 0)
(7.204637121 0 0)
(7.209155134 0 0)
(7.213649589 0 0)
(7.218115031 0 0)
(7.222577578 0 0)
(7.227024935 0 0)
(7.231459442 0 0)
(7.235876528 0 0)
(7.240296496 0 0)
(7.244703675 0 0)
(7.249102376 0 0)
(7.25348989 0 0)
(7.257860903 0 0)
(7.26223543 0 0)
(7.266582249 0 0)
(7.270930415 0 0)
(7.275270972 0 0)
(7.279594713 0 0)
(7.283923165 0 0)
(7.288225083 0 0)
(7.292528195 0 0)
(7.29680613 0 0)
(7.301077911 0 0)
(7.305325078 0 0)
(7.30955202 0 0)
(7.313748433 0 0)
(7.317934638 0 0)
(7.32208817 0 0)
(7.326236105 0 0)
(7.33036608 0 0)
(7.334485509 0 0)
(7.338596253 0 0)
(7.342708724 0 0)
(7.346813002 0 0)
(7.350907507 0 0)
(7.355008039 0 0)
(7.359089169 0 0)
(7.363167342 0 0)
(7.367227083 0 0)
(7.371282287 0 0)
(7.375322725 0 0)
(7.379343284 0 0)
(7.383358679 0 0)
(7.387360081 0 0)
(7.391344606 0 0)
(7.39532699 0 0)
(7.399303919 0 0)
(7.403271894 0 0)
(7.407233799 0 0)
(7.411198102 0 0)
(7.415162112 0 0)
(7.419121446 0 0)
(7.423086184 0 0)
(7.427046661 0 0)
(7.431021084 0 0)
(7.434997831 0 0)
(7.438976704 0 0)
(7.442973757 0 0)
(7.44698736 0 0)
(7.451015817 0 0)
(7.45506334 0 0)
(7.459124314 0 0)
(7.463213494 0 0)
(7.467323206 0 0)
(7.471450207 0 0)
(7.475604389 0 0)
(7.479762653 0 0)
(7.48395063 0 0)
(7.488154368 0 0)
(7.49236592 0 0)
(7.49661431 0 0)
(7.500859052 0 0)
(7.505140291 0 0)
(7.509425196 0 0)
(7.513747887 0 0)
(7.518083021 0 0)
(7.522417054 0 0)
(7.526753822 0 0)
(7.531065189 0 0)
(7.535382223 0 0)
(7.539665956 0 0)
(7.543946063 0 0)
(7.54818203 0 0)
(7.552410651 0 0)
(7.556589888 0 0)
(7.560757101 0 0)
(7.564880812 0 0)
(7.568986487 0 0)
(7.573059029 0 0)
(7.577105659 0 0)
(7.581132676 0 0)
(7.585132293 0 0)
(7.589109086 0 0)
(7.593069064 0 0)
(7.596981685 0 0)
(7.600871849 0 0)
(7.604721402 0 0)
(7.608542497 0 0)
(7.612315459 0 0)
(7.616042368 0 0)
(7.619755522 0 0)
(7.623414045 0 0)
(7.627052999 0 0)
(7.630650672 0 0)
(7.634245144 0 0)
(7.637803013 0 0)
(7.641363836 0 0)
(7.644898609 0 0)
(7.648426829 0 0)
(7.651936909 0 0)
(7.655452558 0 0)
(7.658940892 0 0)
(7.662432365 0 0)
(7.66590016 0 0)
(7.66936882 0 0)
(7.672815182 0 0)
(7.676260417 0 0)
(7.679688598 0 0)
(7.683116672 0 0)
(7.686536766 0 0)
(7.689952771 0 0)
(7.69336561 0 0)
(7.696777379 0 0)
(7.700190489 0 0)
(7.703603527 0 0)
(7.707011934 0 0)
(7.710422218 0 0)
(7.713832379 0 0)
(7.717240822 0 0)
(7.720659613 0 0)
(7.72407671 0 0)
(7.727505846 0 0)
(7.73093076 0 0)
(7.734349369 0 0)
(7.737757529 0 0)
(7.741160568 0 0)
(7.744546194 0 0)
(7.747927113 0 0)
(7.751282897 0 0)
(7.754612503 0 0)
(7.757917491 0 0)
(7.761186316 0 0)
(7.764416143 0 0)
(7.767611216 0 0)
(7.770759208 0 0)
(7.773879567 0 0)
(7.776945668 0 0)
(7.779980068 0 0)
(7.782972822 0 0)
(7.785938003 0 0)
(7.788869664 0 0)
(7.79178094 0 0)
(7.794655336 0 0)
(7.797526529 0 0)
(7.800365123 0 0)
(7.803200952 0 0)
(7.806004559 0 0)
(7.808809702 0 0)
(7.811594881 0 0)
(7.814369991 0 0)
(7.817121887 0 0)
(7.819872327 0 0)
(7.822599917 0 0)
(7.825324215 0 0)
(7.828024588 0 0)
(7.830717736 0 0)
(7.833387995 0 0)
(7.836043842 0 0)
(7.838671867 0 0)
(7.841269834 0 0)
(7.843849051 0 0)
(7.846382878 0 0)
(7.848883881 0 0)
(7.851344156 0 0)
(7.853755674 0 0)
(7.856131834 0 0)
(7.858452433 0 0)
(7.860735203 0 0)
(7.862971588 0 0)
(7.865167389 0 0)
(7.86733431 0 0)
(7.869469936 0 0)
(7.871577003 0 0)
(7.87365977 0 0)
(7.87573176 0 0)
(7.87778395 0 0)
(7.879827239 0 0)
(7.881858511 0 0)
(7.883884167 0 0)
(7.885892648 0 0)
(7.887890783 0 0)
(7.889874682 0 0)
(7.891838847 0 0)
(7.893788611 0 0)
(7.895716396 0 0)
(7.897624775 0 0)
(7.899517033 0 0)
(7.901391658 0 0)
(7.903253382 0 0)
(7.905103643 0 0)
(7.906943846 0 0)
(7.908779619 0 0)
(7.910613965 0 0)
(7.912450932 0 0)
(7.914288884 0 0)
(7.916139984 0 0)
(7.918000089 0 0)
(7.919878823 0 0)
(7.921779611 0 0)
(7.923702478 0 0)
(7.925656486 0 0)
(7.927640089 0 0)
(7.929661883 0 0)
(7.93172305 0 0)
(7.933825213 0 0)
(7.935973365 0 0)
(7.938167813 0 0)
(7.940404545 0 0)
(7.942685545 0 0)
(7.945002907 0 0)
(7.94735157 0 0)
(7.9497295 0 0)
(7.952117316 0 0)
(7.954525922 0 0)
(7.956933891 0 0)
(7.959343287 0 0)
(7.961745917 0 0)
(7.964136519 0 0)
(7.96651007 0 0)
(7.968867759 0 0)
(7.971203582 0 0)
(7.973524241 0 0)
(7.975832892 0 0)
(7.978138279 0 0)
(7.98043603 0 0)
(7.982745743 0 0)
(7.985062521 0 0)
(7.987401169 0 0)
(7.989765503 0 0)
(7.992161929 0 0)
(7.99459201 0 0)
(7.997056448 0 0)
(7.999549537 0 0)
(8.002070994 0 0)
(8.0046128 0 0)
(8.007169521 0 0)
(8.009738679 0 0)
(8.0123092 0 0)
(8.014870977 0 0)
(8.017419108 0 0)
(8.019946502 0 0)
(8.022450924 0 0)
(8.024928001 0 0)
(8.027375701 0 0)
(8.029797094 0 0)
(8.032197226 0 0)
(8.034577056 0 0)
(8.036942511 0 0)
(8.039299334 0 0)
(8.04165222 0 0)
(8.044005443 0 0)
(8.046355311 0 0)
(8.048707532 0 0)
(8.051052547 0 0)
(8.05339355 0 0)
(8.055724699 0 0)
(8.058043321 0 0)
(8.06035123 0 0)
(8.062645045 0 0)
(8.064921234 0 0)
(8.067181872 0 0)
(8.06942324 0 0)
(8.07164751 0 0)
(8.073855188 0 0)
(8.07605355 0 0)
(8.078243512 0 0)
(8.080432396 0 0)
(8.082618951 0 0)
(8.08480725 0 0)
(8.086995882 0 0)
(8.089188795 0 0)
(8.091389303 0 0)
(8.093596896 0 0)
(8.095811139 0 0)
(8.0980353 0 0)
(8.100265808 0 0)
(8.102503559 0 0)
(8.10474892 0 0)
(8.106998336 0 0)
(8.109249172 0 0)
(8.111503115 0 0)
(8.113748659 0 0)
(8.1159905 0 0)
(8.118224838 0 0)
(8.120449667 0 0)
(8.122667265 0 0)
(8.124873958 0 0)
(8.127073128 0 0)
(8.129260289 0 0)
(8.13144002 0 0)
(8.133611155 0 0)
(8.135772022 0 0)
(8.137928729 0 0)
(8.140081218 0 0)
(8.142229086 0 0)
(8.144381659 0 0)
(8.146532679 0 0)
(8.148694139 0 0)
(8.150859271 0 0)
(8.153039407 0 0)
(8.155231294 0 0)
(8.157440645 0 0)
(8.159659604 0 0)
(8.161899913 0 0)
(8.164155715 0 0)
(8.166433428 0 0)
(8.168727398 0 0)
(8.171033888 0 0)
(8.173367209 0 0)
(8.175712347 0 0)
(8.178073022 0 0)
(8.180455107 0 0)
(8.182852068 0 0)
(8.185264747 0 0)
(8.18770462 0 0)
(8.190152499 0 0)
(8.192629265 0 0)
(8.195125459 0 0)
(8.197641338 0 0)
(8.20018181 0 0)
(8.202734854 0 0)
(8.205314935 0 0)
(8.207902964 0 0)
(8.210488992 0 0)
(8.213068535 0 0)
(8.215651631 0 0)
(8.218220517 0 0)
(8.220785492 0 0)
(8.223349549 0 0)
(8.225899091 0 0)
(8.228443255 0 0)
(8.230973871 0 0)
(8.233504145 0 0)
(8.236018767 0 0)
(8.238529394 0 0)
(8.241031808 0 0)
(8.24352524 0 0)
(8.246016842 0 0)
(8.248493999 0 0)
(8.250967472 0 0)
(8.253430103 0 0)
(8.255876914 0 0)
(8.258307663 0 0)
(8.260725053 0 0)
(8.263116074 0 0)
(8.265486332 0 0)
(8.267829986 0 0)
(8.270144637 0 0)
(8.272433007 0 0)
(8.274689467 0 0)
(8.276918411 0 0)
(8.279115149 0 0)
(8.281286101 0 0)
(8.283427081 0 0)
(8.285554261 0 0)
(8.287664651 0 0)
(8.289766734 0 0)
(8.291861999 0 0)
(8.293958587 0 0)
(8.296056135 0 0)
(8.298159296 0 0)
(8.300268767 0 0)
(8.302389276 0 0)
(8.304520965 0 0)
(8.306667227 0 0)
(8.308827927 0 0)
(8.311003137 0 0)
(8.313187732 0 0)
(8.315374555 0 0)
(8.317564147 0 0)
(8.319755501 0 0)
(8.321948238 0 0)
(8.324140451 0 0)
(8.326331917 0 0)
(8.328514285 0 0)
(8.330681241 0 0)
(8.332819342 0 0)
(8.334927232 0 0)
(8.336997275 0 0)
(8.339032955 0 0)
(8.34103872 0 0)
(8.343011862 0 0)
(8.34496011 0 0)
(8.346878873 0 0)
(8.348771683 0 0)
(8.35063885 0 0)
(8.352484596 0 0)
(8.354305583 0 0)
(8.356103815 0 0)
(8.357883149 0 0)
(8.359637205 0 0)
(8.361363188 0 0)
(8.363059765 0 0)
(8.364722919 0 0)
(8.366344895 0 0)
(8.367934745 0 0)
(8.369479312 0 0)
(8.370990343 0 0)
(8.372455221 0 0)
(8.373887987 0 0)
(8.375278055 0 0)
(8.376639912 0 0)
(8.377965022 0 0)
(8.379267066 0 0)
(8.380537207 0 0)
(8.381786668 0 0)
(8.383008581 0 0)
(8.384206555 0 0)
(8.385379027 0 0)
(8.386528169 0 0)
(8.387652425 0 0)
(8.388749961 0 0)
(8.389823151 0 0)
(8.390867105 0 0)
(8.391887195 0 0)
(8.392882557 0 0)
(8.39385456 0 0)
(8.394807063 0 0)
(8.395748661 0 0)
(8.396677372 0 0)
(8.397598478 0 0)
(8.3985187 0 0)
(8.399439565 0 0)
(8.400365211 0 0)
(8.401299325 0 0)
(8.402243415 0 0)
(8.403200585 0 0)
(8.404171911 0 0)
(8.405159121 0 0)
(8.406163466 0 0)
(8.407185563 0 0)
(8.408224364 0 0)
(8.409279253 0 0)
(8.410351479 0 0)
(8.411438761 0 0)
(8.412544931 0 0)
(8.413666423 0 0)
(8.414806903 0 0)
(8.415963995 0 0)
(8.417138721 0 0)
(8.418333757 0 0)
(8.419546594 0 0)
(8.420780165 0 0)
(8.422035372 0 0)
(8.423312747 0 0)
(8.424611654 0 0)
(8.425935834 0 0)
(8.427284464 0 0)
(8.428659252 0 0)
(8.430057917 0 0)
(8.431483603 0 0)
(8.432931779 0 0)
(8.43440559 0 0)
(8.435901793 0 0)
(8.437417682 0 0)
(8.438951988 0 0)
(8.440501522 0 0)
(8.442066851 0 0)
(8.443641944 0 0)
(8.445219068 0 0)
(8.446794508 0 0)
(8.448370595 0 0)
(8.449947478 0 0)
(8.451524341 0 0)
(8.453101548 0 0)
(8.454678286 0 0)
(8.456256776 0 0)
(8.457832512 0 0)
(8.459408367 0 0)
(8.460976988 0 0)
(8.462540115 0 0)
(8.464092293 0 0)
(8.465633575 0 0)
(8.467162219 0 0)
(8.468675534 0 0)
(8.47017457 0 0)
(8.471657509 0 0)
(8.473122512 0 0)
(8.474572392 0 0)
(8.47600712 0 0)
(8.477425698 0 0)
(8.478836311 0 0)
(8.480238889 0 0)
(8.481637792 0 0)
(8.483036753 0 0)
(8.484435795 0 0)
(8.485835229 0 0)
(8.487237858 0 0)
(8.488642958 0 0)
(8.490053173 0 0)
(8.491465005 0 0)
(8.492878378 0 0)
(8.49429284 0 0)
(8.495705339 0 0)
(8.49711306 0 0)
(8.498519345 0 0)
(8.499920774 0 0)
(8.501321667 0 0)
(8.502720819 0 0)
(8.504121059 0 0)
(8.505524327 0 0)
(8.506930082 0 0)
(8.508341582 0 0)
(8.50975883 0 0)
(8.511184976 0 0)
(8.512619872 0 0)
(8.514065928 0 0)
(8.515522236 0 0)
(8.516989527 0 0)
(8.518465917 0 0)
(8.519948868 0 0)
(8.52143506 0 0)
(8.522921353 0 0)
(8.524406752 0 0)
(8.525889118 0 0)
(8.527367838 0 0)
(8.528840538 0 0)
(8.530308007 0 0)
(8.531768111 0 0)
(8.533221921 0 0)
(8.534670839 0 0)
(8.536116144 0 0)
(8.537559933 0 0)
(8.539010816 0 0)
(8.540468153 0 0)
(8.541935071 0 0)
(8.543418502 0 0)
(8.544919557 0 0)
(8.546442287 0 0)
(8.547988157 0 0)
(8.549554628 0 0)
(8.55115077 0 0)
(8.55276661 0 0)
(8.554409645 0 0)
(8.556071172 0 0)
(8.557760291 0 0)
(8.559469234 0 0)
(8.561199231 0 0)
(8.562951109 0 0)
(8.56472075 0 0)
(8.56651106 0 0)
(8.568316061 0 0)
(8.570140258 0 0)
(8.57197449 0 0)
(8.573826152 0 0)
(8.575678605 0 0)
(8.577525454 0 0)
(8.579365492 0 0)
(8.581205349 0 0)
(8.583032763 0 0)
(8.584855623 0 0)
(8.58667081 0 0)
(8.588480766 0 0)
(8.590280341 0 0)
(8.592077738 0 0)
(8.593862545 0 0)
(8.59564668 0 0)
(8.597418919 0 0)
(8.59918541 0 0)
(8.600945461 0 0)
(8.602697833 0 0)
(8.604439102 0 0)
(8.606170523 0 0)
(8.607891734 0 0)
(8.609598078 0 0)
(8.611292053 0 0)
(8.612969616 0 0)
(8.614631419 0 0)
(8.616273311 0 0)
(8.617903571 0 0)
(8.619512933 0 0)
(8.62110985 0 0)
(8.622689816 0 0)
(8.624257144 0 0)
(8.625809937 0 0)
(8.627355176 0 0)
(8.628887725 0 0)
(8.630415286 0 0)
(8.631933789 0 0)
(8.633451213 0 0)
(8.634961602 0 0)
(8.636472035 0 0)
(8.637981356 0 0)
(8.639491447 0 0)
(8.641003099 0 0)
(8.642515678 0 0)
(8.644029983 0 0)
(8.645545919 0 0)
(8.647058328 0 0)
(8.648566439 0 0)
(8.650064544 0 0)
(8.651554053 0 0)
(8.653026643 0 0)
(8.654486101 0 0)
(8.655923078 0 0)
(8.657339456 0 0)
(8.658729377 0 0)
(8.660096581 0 0)
(8.661432368 0 0)
(8.662742013 0 0)
(8.664019978 0 0)
(8.665271748 0 0)
(8.666496921 0 0)
(8.66769738 0 0)
(8.668876012 0 0)
(8.670034847 0 0)
(8.671176107 0 0)
(8.672303866 0 0)
(8.67341654 0 0)
(8.674520814 0 0)
(8.675616141 0 0)
(8.676705107 0 0)
(8.677790991 0 0)
(8.6788691 0 0)
(8.679942986 0 0)
(8.681007983 0 0)
(8.682063863 0 0)
(8.68310739 0 0)
(8.684136954 0 0)
(8.685152321 0 0)
(8.686149241 0 0)
(8.687127676 0 0)
(8.68808407 0 0)
(8.689017469 0 0)
(8.689929092 0 0)
(8.690815528 0 0)
(8.691679885 0 0)
(8.692522077 0 0)
(8.693344203 0 0)
(8.694148545 0 0)
(8.69493617 0 0)
(8.695710177 0 0)
(8.696470318 0 0)
(8.697220888 0 0)
(8.697959816 0 0)
(8.698693321 0 0)
(8.699419117 0 0)
(8.700142196 0 0)
(8.700860354 0 0)
(8.701578213 0 0)
(8.702293099 0 0)
(8.703007079 0 0)
(8.70371847 0 0)
(8.704430512 0 0)
(8.705138715 0 0)
(8.70584535 0 0)
(8.706548918 0 0)
(8.707249035 0 0)
(8.707947001 0 0)
(8.708641544 0 0)
(8.709333579 0 0)
(8.71002267 0 0)
(8.710708495 0 0)
(8.711393024 0 0)
(8.71207657 0 0)
(8.712759067 0 0)
(8.713444749 0 0)
(8.714134052 0 0)
(8.714828505 0 0)
(8.715533815 0 0)
(8.716249241 0 0)
(8.716980065 0 0)
(8.71772604 0 0)
(8.718492654 0 0)
(8.719275934 0 0)
(8.720083725 0 0)
(8.720910111 0 0)
(8.721762116 0 0)
(8.72263214 0 0)
(8.723526808 0 0)
(8.724439992 0 0)
(8.725369533 0 0)
(8.726315829 0 0)
(8.727269324 0 0)
(8.728233028 0 0)
(8.729196926 0 0)
(8.730163095 0 0)
(8.731128533 0 0)
(8.732091001 0 0)
(8.73304819 0 0)
(8.733999055 0 0)
(8.734943216 0 0)
(8.735879805 0 0)
(8.73680826 0 0)
(8.737729353 0 0)
(8.7386448 0 0)
(8.739555305 0 0)
(8.740464419 0 0)
(8.741373617 0 0)
(8.74228404 0 0)
(8.743198897 0 0)
(8.744121319 0 0)
(8.745054285 0 0)
(8.746000829 0 0)
(8.746962874 0 0)
(8.74794093 0 0)
(8.748935465 0 0)
(8.749946989 0 0)
(8.750974985 0 0)
(8.752016911 0 0)
(8.753070615 0 0)
(8.754132907 0 0)
(8.755199708 0 0)
(8.756268438 0 0)
(8.757334392 0 0)
(8.758394345 0 0)
(8.759444537 0 0)
(8.760482127 0 0)
(8.76150376 0 0)
(8.762508626 0 0)
(8.76349632 0 0)
(8.764467353 0 0)
(8.76542226 0 0)
(8.766363462 0 0)
(8.767292482 0 0)
(8.76821324 0 0)
(8.769128544 0 0)
(8.770042319 0 0)
(8.770958303 0 0)
(8.771878497 0 0)
(8.772807199 0 0)
(8.773745619 0 0)
(8.77469732 0 0)
(8.775663665 0 0)
(8.776646034 0 0)
(8.777647891 0 0)
(8.778666718 0 0)
(8.779707196 0 0)
(8.780767062 0 0)
(8.781852347 0 0)
(8.782959067 0 0)
(8.784092918 0 0)
(8.785250105 0 0)
(8.786437194 0 0)
(8.787652267 0 0)
(8.788894395 0 0)
(8.790167225 0 0)
(8.791464824 0 0)
(8.792792256 0 0)
(8.794145481 0 0)
(8.795525723 0 0)
(8.796927694 0 0)
(8.798352797 0 0)
(8.799796056 0 0)
(8.801256473 0 0)
(8.802733818 0 0)
(8.804221318 0 0)
(8.805722339 0 0)
(8.80722904 0 0)
(8.808738394 0 0)
(8.810243459 0 0)
(8.811747332 0 0)
(8.813249178 0 0)
(8.814750532 0 0)
(8.816252022 0 0)
(8.817752493 0 0)
(8.81925234 0 0)
(8.820751407 0 0)
(8.822247151 0 0)
(8.82373871 0 0)
(8.825225626 0 0)
(8.826702993 0 0)
(8.828168517 0 0)
(8.829618709 0 0)
(8.831051018 0 0)
(8.832461397 0 0)
(8.833847633 0 0)
(8.835207033 0 0)
(8.836536387 0 0)
(8.837833971 0 0)
(8.839099635 0 0)
(8.840331662 0 0)
(8.84152955 0 0)
(8.842696249 0 0)
(8.843830853 0 0)
(8.844937178 0 0)
(8.846017653 0 0)
(8.847073317 0 0)
(8.848109366 0 0)
(8.849125682 0 0)
(8.850127572 0 0)
(8.851115395 0 0)
(8.852092247 0 0)
(8.853060949 0 0)
(8.854022085 0 0)
(8.854977957 0 0)
(8.855931998 0 0)
(8.856883225 0 0)
(8.857835827 0 0)
(8.858791023 0 0)
(8.859751532 0 0)
(8.860719089 0 0)
(8.86169623 0 0)
(8.862684365 0 0)
(8.863686037 0 0)
(8.864702325 0 0)
(8.865734557 0 0)
(8.866780603 0 0)
(8.867833245 0 0)
(8.868887198 0 0)
(8.869938159 0 0)
(8.870981897 0 0)
(8.872017023 0 0)
(8.873039391 0 0)
(8.874045135 0 0)
(8.875035806 0 0)
(8.876005856 0 0)
(8.87695836 0 0)
(8.877891289 0 0)
(8.878803953 0 0)
(8.879700016 0 0)
(8.880578007 0 0)
(8.881443994 0 0)
(8.882295444 0 0)
(8.883137535 0 0)
(8.883971017 0 0)
(8.884800626 0 0)
(8.88562474 0 0)
(8.886446537 0 0)
(8.887267973 0 0)
(8.888089181 0 0)
(8.888912889 0 0)
(8.889740773 0 0)
(8.890574311 0 0)
(8.891418865 0 0)
(8.892273025 0 0)
(8.893143201 0 0)
(8.894031672 0 0)
(8.894936844 0 0)
(8.895832634 0 0)
(8.89671106 0 0)
(8.897569461 0 0)
(8.898404594 0 0)
(8.899212533 0 0)
(8.899990977 0 0)
(8.900740942 0 0)
(8.901458402 0 0)
(8.90214476 0 0)
(8.902798279 0 0)
(8.903419465 0 0)
(8.904010165 0 0)
(8.904569654 0 0)
(8.905097699 0 0)
(8.905598545 0 0)
(8.906070922 0 0)
(8.906519443 0 0)
(8.906942751 0 0)
(8.907345145 0 0)
(8.90772678 0 0)
(8.908092455 0 0)
(8.90844285 0 0)
(8.908781917 0 0)
(8.909112131 0 0)
(8.90943607 0 0)
(8.909756766 0 0)
(8.910076816 0 0)
(8.910398779 0 0)
(8.910725105 0 0)
(8.911058023 0 0)
(8.911399859 0 0)
(8.91175355 0 0)
(8.912121271 0 0)
(8.912506154 0 0)
(8.912909272 0 0)
(8.913332891 0 0)
(8.913778737 0 0)
(8.914250209 0 0)
(8.914747784 0 0)
(8.915271957 0 0)
(8.915822742 0 0)
(8.916400824 0 0)
(8.917003664 0 0)
(8.917630709 0 0)
(8.918277803 0 0)
(8.918945127 0 0)
(8.919627501 0 0)
(8.920322097 0 0)
(8.921023727 0 0)
(8.921722663 0 0)
(8.92241814 0 0)
(8.92310857 0 0)
(8.923792541 0 0)
(8.924468704 0 0)
(8.925137185 0 0)
(8.925797423 0 0)
(8.926448901 0 0)
(8.927092534 0 0)
(8.927728868 0 0)
(8.928358737 0 0)
(8.928984078 0 0)
(8.929605971 0 0)
(8.930227578 0 0)
(8.930851035 0 0)
(8.931478029 0 0)
(8.932111428 0 0)
(8.932753541 0 0)
(8.93340549 0 0)
(8.934069694 0 0)
(8.934746853 0 0)
(8.935438543 0 0)
(8.936144822 0 0)
(8.936865153 0 0)
(8.937599204 0 0)
(8.938345677 0 0)
(8.939103134 0 0)
(8.939868966 0 0)
(8.940640598 0 0)
(8.941419251 0 0)
(8.942200708 0 0)
(8.942985164 0 0)
(8.943770107 0 0)
(8.944554885 0 0)
(8.945338563 0 0)
(8.946120762 0 0)
(8.946902078 0 0)
(8.947683387 0 0)
(8.948465216 0 0)
(8.949248638 0 0)
(8.950036892 0 0)
(8.950828971 0 0)
(8.951629814 0 0)
(8.952436702 0 0)
(8.953256659 0 0)
(8.954088469 0 0)
(8.954933376 0 0)
(8.955795048 0 0)
(8.956672315 0 0)
(8.957569651 0 0)
(8.958485474 0 0)
(8.959421559 0 0)
(8.960379553 0 0)
(8.9613575 0 0)
(8.962359242 0 0)
(8.963381709 0 0)
(8.964427469 0 0)
(8.965492181 0 0)
(8.966579299 0 0)
(8.967686146 0 0)
(8.968811456 0 0)
(8.969954473 0 0)
(8.971112797 0 0)
(8.972284086 0 0)
(8.973467559 0 0)
(8.974661878 0 0)
(8.975865176 0 0)
(8.97707703 0 0)
(8.97829766 0 0)
(8.97952362 0 0)
(8.980757211 0 0)
(8.981991092 0 0)
(8.983221186 0 0)
(8.984443278 0 0)
(8.985652786 0 0)
(8.986845774 0 0)
(8.988018337 0 0)
(8.989169826 0 0)
(8.990296463 0 0)
(8.991398128 0 0)
(8.992473284 0 0)
(8.993523852 0 0)
(8.994547315 0 0)
(8.995546531 0 0)
(8.996521529 0 0)
(8.997472843 0 0)
(8.998405209 0 0)
(8.999316607 0 0)
(9.000211995 0 0)
(9.00109051 0 0)
(9.001956747 0 0)
(9.002810632 0 0)
(9.003655872 0 0)
(9.004493667 0 0)
(9.005323725 0 0)
(9.006149784 0 0)
(9.006970058 0 0)
(9.007787826 0 0)
(9.008600855 0 0)
(9.009411957 0 0)
(9.010219762 0 0)
(9.011025964 0 0)
(9.011830705 0 0)
(9.012633531 0 0)
(9.013437317 0 0)
(9.014240458 0 0)
(9.015044904 0 0)
(9.015850845 0 0)
(9.016659249 0 0)
(9.017470315 0 0)
(9.018284183 0 0)
(9.019102865 0 0)
(9.019925901 0 0)
(9.020755331 0 0)
(9.02159044 0 0)
(9.02243339 0 0)
(9.02328334 0 0)
(9.024143339 0 0)
(9.025013803 0 0)
(9.025885804 0 0)
(9.026742449 0 0)
(9.027577705 0 0)
(9.028390433 0 0)
(9.029177054 0 0)
(9.029938672 0 0)
(9.030673271 0 0)
(9.031383062 0 0)
(9.032068283 0 0)
(9.032732325 0 0)
(9.033376653 0 0)
(9.03400448 0 0)
(9.034618642 0 0)
(9.035222176 0 0)
(9.035818452 0 0)
(9.036409224 0 0)
(9.03699748 0 0)
(9.037585569 0 0)
(9.038174588 0 0)
(9.03876603 0 0)
(9.039363073 0 0)
(9.039968514 0 0)
(9.04058468 0 0)
(9.041213982 0 0)
(9.041861791 0 0)
(9.042531424 0 0)
(9.043227487 0 0)
(9.043953305 0 0)
(9.044712206 0 0)
(9.045505263 0 0)
(9.04630431 0 0)
(9.047087057 0 0)
(9.047848493 0 0)
(9.048583239 0 0)
(9.04929019 0 0)
(9.049963617 0 0)
(9.05060322 0 0)
(9.05120576 0 0)
(9.05177098 0 0)
(9.052298982 0 0)
(9.05278918 0 0)
(9.053242294 0 0)
(9.053660617 0 0)
(9.054046192 0 0)
(9.05440094 0 0)
(9.054727257 0 0)
(9.055028949 0 0)
(9.05530825 0 0)
(9.055567835 0 0)
(9.055811079 0 0)
(9.056040373 0 0)
(9.056258488 0 0)
(9.056467401 0 0)
(9.056669408 0 0)
(9.05686593 0 0)
(9.057057916 0 0)
(9.057247853 0 0)
(9.057437462 0 0)
(9.057627956 0 0)
(9.05782098 0 0)
(9.058020084 0 0)
(9.058228744 0 0)
(9.058449169 0 0)
(9.058683529 0 0)
(9.05893478 0 0)
(9.0592067 0 0)
(9.059501864 0 0)
(9.05982074 0 0)
(9.0601648 0 0)
(9.060533007 0 0)
(9.060926422 0 0)
(9.061342081 0 0)
(9.061779853 0 0)
(9.062236467 0 0)
(9.062711367 0 0)
(9.063201211 0 0)
(9.06370433 0 0)
(9.064217693 0 0)
(9.064740104 0 0)
(9.065269808 0 0)
(9.065802594 0 0)
(9.066333142 0 0)
(9.066856976 0 0)
(9.06737138 0 0)
(9.067875366 0 0)
(9.068368152 0 0)
(9.068849828 0 0)
(9.069320472 0 0)
(9.069780946 0 0)
(9.070232351 0 0)
(9.070677189 0 0)
(9.071118405 0 0)
(9.07155856 0 0)
(9.071999402 0 0)
(9.072443208 0 0)
(9.072892456 0 0)
(9.073349948 0 0)
(9.073817516 0 0)
(9.074297505 0 0)
(9.074790718 0 0)
(9.075298375 0 0)
(9.075820522 0 0)
(9.076357854 0 0)
(9.076909659 0 0)
(9.07747502 0 0)
(9.078055115 0 0)
(9.078650303 0 0)
(9.079258739 0 0)
(9.079881986 0 0)
(9.080518412 0 0)
(9.081170497 0 0)
(9.081836911 0 0)
(9.082517895 0 0)
(9.083215159 0 0)
(9.083928493 0 0)
(9.084658244 0 0)
(9.085406044 0 0)
(9.086170736 0 0)
(9.086955226 0 0)
(9.087757288 0 0)
(9.088579886 0 0)
(9.089420297 0 0)
(9.090281413 0 0)
(9.091159664 0 0)
(9.092057436 0 0)
(9.092971336 0 0)
(9.093901503 0 0)
(9.094844307 0 0)
(9.095800385 0 0)
(9.096766074 0 0)
(9.097740373 0 0)
(9.09871973 0 0)
(9.099706307 0 0)
(9.100696557 0 0)
(9.101690422 0 0)
(9.102682441 0 0)
(9.103666927 0 0)
(9.104640041 0 0)
(9.105600944 0 0)
(9.106546992 0 0)
(9.107479593 0 0)
(9.108394187 0 0)
(9.109291624 0 0)
(9.110170031 0 0)
(9.111030476 0 0)
(9.111871223 0 0)
(9.112693323 0 0)
(9.113497209 0 0)
(9.114283992 0 0)
(9.115053936 0 0)
(9.115809443 0 0)
(9.116551202 0 0)
(9.117281349 0 0)
(9.118001087 0 0)
(9.118712854 0 0)
(9.119417506 0 0)
(9.120115795 0 0)
(9.120809569 0 0)
(9.121500455 0 0)
(9.122187594 0 0)
(9.122872576 0 0)
(9.123554554 0 0)
(9.124234867 0 0)
(9.124912129 0 0)
(9.125586222 0 0)
(9.12625694 0 0)
(9.12692337 0 0)
(9.127585191 0 0)
(9.12824255 0 0)
(9.128893612 0 0)
(9.129538415 0 0)
(9.130177426 0 0)
(9.130810873 0 0)
(9.131439082 0 0)
(9.13206233 0 0)
(9.132681714 0 0)
(9.133298045 0 0)
(9.133912275 0 0)
(9.134526145 0 0)
(9.135141792 0 0)
(9.135761512 0 0)
(9.136387007 0 0)
(9.137022614 0 0)
(9.137669222 0 0)
(9.138328751 0 0)
(9.139004163 0 0)
(9.139695018 0 0)
(9.140405752 0 0)
(9.141135559 0 0)
(9.141886281 0 0)
(9.142653374 0 0)
(9.143417006 0 0)
(9.144172367 0 0)
(9.14491353 0 0)
(9.145636346 0 0)
(9.146339447 0 0)
(9.14701755 0 0)
(9.147669656 0 0)
(9.148296259 0 0)
(9.148896343 0 0)
(9.149470385 0 0)
(9.150023784 0 0)
(9.150556012 0 0)
(9.151071603 0 0)
(9.151573875 0 0)
(9.152068332 0 0)
(9.152554394 0 0)
(9.153037098 0 0)
(9.153519233 0 0)
(9.154002809 0 0)
(9.154491092 0 0)
(9.15498909 0 0)
(9.155503395 0 0)
(9.156037359 0 0)
(9.156596141 0 0)
(9.15718421 0 0)
(9.157800522 0 0)
(9.158450278 0 0)
(9.159131748 0 0)
(9.159820266 0 0)
(9.160501508 0 0)
(9.161166086 0 0)
(9.1618155 0 0)
(9.16245138 0 0)
(9.1630598 0 0)
(9.163648711 0 0)
(9.164207178 0 0)
(9.164737941 0 0)
(9.165243045 0 0)
(9.165713936 0 0)
(9.166157854 0 0)
(9.166563656 0 0)
(9.166955101 0 0)
(9.167305333 0 0)
(9.167639526 0 0)
(9.167935305 0 0)
(9.168213851 0 0)
(9.168457865 0 0)
(9.168680043 0 0)
(9.168865899 0 0)
(9.169032446 0 0)
(9.169157627 0 0)
(9.16926428 0 0)
(9.169347123 0 0)
(9.169397032 0 0)
(9.169446384 0 0)
(9.16947064 0 0)
(9.169495104 0 0)
(9.169510676 0 0)
(9.169530796 0 0)
(9.169549897 0 0)
(9.169581202 0 0)
(9.1696363 0 0)
(9.169706931 0 0)
(9.169792832 0 0)
(9.169917747 0 0)
(9.170079986 0 0)
(9.170286531 0 0)
(9.170512614 0 0)
(9.170790779 0 0)
(9.171078786 0 0)
(9.171417114 0 0)
(9.171776822 0 0)
(9.172149497 0 0)
(9.172546281 0 0)
(9.172937993 0 0)
(9.173358833 0 0)
(9.17377152 0 0)
(9.174185038 0 0)
(9.174615338 0 0)
(9.175025201 0 0)
(9.175445865 0 0)
(9.175855677 0 0)
(9.176271153 0 0)
(9.176669141 0 0)
(9.177091375 0 0)
(9.17750203 0 0)
(9.177914013 0 0)
(9.178331358 0 0)
(9.178748312 0 0)
(9.179166355 0 0)
(9.179582888 0 0)
(9.179985637 0 0)
(9.180390757 0 0)
(9.180802368 0 0)
(9.181179127 0 0)
(9.181567039 0 0)
(9.181980658 0 0)
(9.182392768 0 0)
(9.182803478 0 0)
(9.183246454 0 0)
(9.183683836 0 0)
(9.184132764 0 0)
(9.184618724 0 0)
(9.185112979 0 0)
(9.185622824 0 0)
(9.186123176 0 0)
(9.186631254 0 0)
(9.186988547 0 0)
(9.1866999 0 0)
(9.182318365 0 0)
(9.163220067 0 0)
(9.094912946 0 0)
(8.964419124 0 0)
(8.773096855 0 0)
(8.566681575 0 0)
(8.429219778 0 0)
(8.383927067 0 0)
(8.714753531 0 0)
(9.420873694 0 0)
(9.604904823 0 0)
(9.389397586 0 0)
(9.095207719 0 0)
(9.453411126 0 0)
(10.50503642 0 0)
(11.38966702 0 0)
(12.12895945 0 0)
(12.86954505 0 0)
(13.63552872 0 0)
(14.41873739 0 0)
(15.20250891 0 0)
(15.95386994 0 0)
(16.62837824 0 0)
(17.35687872 0 0)
(18.16311968 0 0)
(18.96901964 0 0)
(19.76144924 0 0)
(20.56169521 0 0)
(21.35186914 0 0)
(22.15196131 0 0)
(22.96221903 0 0)
(23.7653485 0 0)
(24.56786734 0 0)
(25.36665889 0 0)
(26.16802067 0 0)
(26.96846579 0 0)
(27.76685572 0 0)
(28.56231077 0 0)
(29.35613618 0 0)
(30.14485042 0 0)
(30.9310139 0 0)
(31.7125258 0 0)
(32.48361382 0 0)
(33.25541695 0 0)
(34.01229524 0 0)
(34.77194279 0 0)
(35.52001154 0 0)
(36.26997825 0 0)
(37.01485049 0 0)
(37.7600253 0 0)
(38.50577831 0 0)
(39.25390479 0 0)
(40.00561633 0 0)
(40.76165708 0 0)
(41.52236809 0 0)
(42.28773793 0 0)
(43.05750892 0 0)
(43.83130076 0 0)
(44.60867272 0 0)
(45.38910914 0 0)
(46.17205281 0 0)
(46.95699175 0 0)
(47.74342046 0 0)
(48.53072631 0 0)
(49.31835502 0 0)
(50.10599272 0 0)
(50.89323721 0 0)
(51.67963001 0 0)
(52.46474757 0 0)
(53.24833073 0 0)
(54.03016789 0 0)
(54.80986757 0 0)
(55.58695117 0 0)
(56.36090416 0 0)
(57.13097863 0 0)
(57.89663744 0 0)
(58.65788903 0 0)
(59.41480683 0 0)
(60.16741359 0 0)
(60.91655155 0 0)
(61.66311548 0 0)
(62.40677574 0 0)
(63.14947693 0 0)
(63.89171379 0 0)
(64.63474056 0 0)
(65.37910979 0 0)
(66.12556273 0 0)
(66.87522484 0 0)
(67.62734413 0 0)
(68.38273915 0 0)
(69.14186048 0 0)
(69.90462599 0 0)
(70.67140808 0 0)
(71.44164888 0 0)
(72.21529033 0 0)
(72.99158717 0 0)
(73.77009305 0 0)
(74.55038677 0 0)
(75.33188038 0 0)
(76.11406518 0 0)
(76.8967344 0 0)
(77.67965115 0 0)
(78.46246557 0 0)
(79.24482314 0 0)
(80.02639266 0 0)
(80.8068458 0 0)
(81.58597017 0 0)
(82.363617 0 0)
(83.13972734 0 0)
(83.91413467 0 0)
(84.68732875 0 0)
(85.4570708 0 0)
(86.2273468 0 0)
(86.98952902 0 0)
(87.75360471 0 0)
(88.50905116 0 0)
(89.25248908 0 0)
(90.02263244 0 0)
(90.77963472 0 0)
(91.53502375 0 0)
(92.28840722 0 0)
(93.03995197 0 0)
(93.79174147 0 0)
(94.54256707 0 0)
(95.29283823 0 0)
(96.04247963 0 0)
(96.79165574 0 0)
(97.54049567 0 0)
(98.28921933 0 0)
(99.0380212 0 0)
(99.78711821 0 0)
(100.5366778 0 0)
(101.2867303 0 0)
(102.037356 0 0)
(102.7886608 0 0)
(103.5408065 0 0)
(104.2939852 0 0)
(105.0485906 0 0)
(105.8052384 0 0)
(106.5632082 0 0)
(107.3210119 0 0)
(108.0812673 0 0)
(108.844931 0 0)
(109.6108262 0 0)
(110.3788533 0 0)
(111.1484927 0 0)
(111.9202494 0 0)
(112.7003329 0 0)
(113.4814363 0 0)
(114.261367 0 0)
(115.0291431 0 0)
(115.7865647 0 0)
(116.56268 0 0)
(117.3593832 0 0)
(118.144811 0 0)
(118.9229019 0 0)
(119.7037779 0 0)
(120.4574023 0 0)
(121.2243511 0 0)
(122.0199628 0 0)
(122.795291 0 0)
(123.5617027 0 0)
(124.3399781 0 0)
(125.0820828 0 0)
(125.8464145 0 0)
(126.6307657 0 0)
(127.387931 0 0)
(128.145958 0 0)
(128.9115476 0 0)
(129.6479087 0 0)
(130.4294616 0 0)
(131.1978602 0 0)
(131.9491332 0 0)
(132.7151392 0 0)
(133.4467374 0 0)
(134.218317 0 0)
(134.9613022 0 0)
(135.7391587 0 0)
(136.4771857 0 0)
(137.2587745 0 0)
(138.0038487 0 0)
(138.7825065 0 0)
(139.5390159 0 0)
(140.2974173 0 0)
(141.0582647 0 0)
(141.821215 0 0)
(142.5837712 0 0)
(143.3454453 0 0)
(144.1061185 0 0)
(144.8657321 0 0)
(145.6242776 0 0)
(146.3818443 0 0)
(147.1384213 0 0)
(147.8940046 0 0)
(148.6485534 0 0)
(149.402078 0 0)
(150.1547971 0 0)
(150.9068162 0 0)
(151.6585439 0 0)
(152.4101441 0 0)
(153.1623973 0 0)
(153.9161216 0 0)
(154.6717836 0 0)
(155.4297008 0 0)
(156.1902996 0 0)
(156.9535199 0 0)
(157.7197056 0 0)
(158.4872415 0 0)
(159.2545161 0 0)
(160.0321369 0 0)
(160.7985424 0 0)
(161.5800618 0 0)
(162.3480158 0 0)
(163.1306746 0 0)
(163.8998602 0 0)
(164.6833172 0 0)
(165.4528677 0 0)
(166.2361389 0 0)
(167.0061733 0 0)
(167.7878688 0 0)
(168.5589559 0 0)
(169.3380644 0 0)
(170.110517 0 0)
(170.886784 0 0)
(171.6601359 0 0)
(172.4343362 0 0)
(173.2085992 0 0)
(173.9819475 0 0)
(174.756272 0 0)
(175.528662 0 0)
(176.3029946 0 0)
(177.0744922 0 0)
(177.8488098 0 0)
(178.6195105 0 0)
(179.3936357 0 0)
(180.1633524 0 0)
(180.9350782 0 0)
(181.707801 0 0)
(182.4762641 0 0)
(183.2465891 0 0)
(184.0166657 0 0)
(184.784845 0 0)
(185.5531662 0 0)
(186.3211659 0 0)
(187.0867622 0 0)
(187.8525834 0 0)
(188.6188416 0 0)
(189.3845314 0 0)
(190.1499151 0 0)
(190.9149791 0 0)
(191.680045 0 0)
(192.4453493 0 0)
(193.2109131 0 0)
(193.9765568 0 0)
(194.7421222 0 0)
(195.5077699 0 0)
(196.2736111 0 0)
(197.0396832 0 0)
(197.8059897 0 0)
(198.5725361 0 0)
(199.3393286 0 0)
(200.1063648 0 0)
(200.8736586 0 0)
(201.6411345 0 0)
(202.4090234 0 0)
(203.1765323 0 0)
(203.9453851 0 0)
(204.712453 0 0)
(205.4846358 0 0)
(206.2499715 0 0)
(207.0246362 0 0)
(207.787914 0 0)
(208.5656347 0 0)
(209.3298595 0 0)
(210.107417 0 0)
(210.8735978 0 0)
(211.6508097 0 0)
(212.4192788 0 0)
(213.1963761 0 0)
(213.9670195 0 0)
(214.7441765 0 0)
(215.5166756 0 0)
(216.2939946 0 0)
(217.0678322 0 0)
(217.8455895 0 0)
(218.6200346 0 0)
(219.3986396 0 0)
(220.1726747 0 0)
(220.9515673 0 0)
(221.7249425 0 0)
(222.5038189 0 0)
(223.2763835 0 0)
(224.055146 0 0)
(224.8267435 0 0)
(225.6054352 0 0)
(226.3758198 0 0)
(227.1538155 0 0)
(227.9233994 0 0)
(228.7012535 0 0)
(229.4704219 0 0)
(230.2478862 0 0)
(231.0167898 0 0)
(231.7939983 0 0)
(232.5628199 0 0)
(233.339927 0 0)
(234.1088606 0 0)
(234.8860246 0 0)
(235.6552663 0 0)
(236.4326482 0 0)
(237.2023628 0 0)
(237.9800964 0 0)
(238.7503861 0 0)
(239.5286858 0 0)
(240.2998982 0 0)
(241.0785969 0 0)
(241.8504354 0 0)
(242.6293816 0 0)
(243.4022182 0 0)
(244.1808953 0 0)
(244.9546992 0 0)
(245.7311408 0 0)
(246.5086323 0 0)
(247.2883278 0 0)
(248.0656403 0 0)
(248.8438739 0 0)
(249.6212267 0 0)
(250.3995748 0 0)
(251.177121 0 0)
(251.9555413 0 0)
(252.7331558 0 0)
(253.5115304 0 0)
(254.2891747 0 0)
(255.0674649 0 0)
(255.8451134 0 0)
(256.6233409 0 0)
(257.4011142 0 0)
(258.1797842 0 0)
(258.957099 0 0)
(259.7345823 0 0)
(260.5115254 0 0)
(261.2885505 0 0)
(262.0654046 0 0)
(262.8420586 0 0)
(263.6183761 0 0)
(264.3948071 0 0)
(265.1707102 0 0)
(265.9464609 0 0)
(266.7223225 0 0)
(267.4979569 0 0)
(268.2735057 0 0)
(269.0488582 0 0)
(269.82426 0 0)
(270.5994953 0 0)
(271.3747632 0 0)
(272.1498564 0 0)
(272.9249808 0 0)
(273.69996 0 0)
(274.4749723 0 0)
(275.2498584 0 0)
(276.0247877 0 0)
(276.7995903 0 0)
(277.5744606 0 0)
(278.3491687 0 0)
(279.124001 0 0)
(279.8985677 0 0)
(280.6733851 0 0)
(281.4476761 0 0)
(282.2226281 0 0)
(282.9966483 0 0)
(283.7733248 0 0)
(284.546026 0 0)
(285.3224333 0 0)
(286.093138 0 0)
(286.871011 0 0)
(287.6415137 0 0)
(288.4190846 0 0)
(289.1892963 0 0)
(289.9661552 0 0)
(290.7364127 0 0)
(291.5126522 0 0)
(292.2830653 0 0)
(293.058714 0 0)
(293.8293513 0 0)
(294.6044199 0 0)
(295.3753383 0 0)
(296.1496725 0 0)
(296.9209197 0 0)
(297.6944926 0 0)
(298.4661805 0 0)
(299.2390721 0 0)
(300.0111585 0 0)
(300.7843643 0 0)
(301.5565559 0 0)
(302.3297969 0 0)
(303.1019048 0 0)
(303.8751949 0 0)
(304.6472505 0 0)
(305.4206642 0 0)
(306.1926681 0 0)
(306.9662013 0 0)
(307.7381497 0 0)
(308.5118144 0 0)
(309.2837143 0 0)
(310.0575297 0 0)
(310.8293687 0 0)
(311.6033865 0 0)
(312.3751202 0 0)
(313.1494322 0 0)
(313.9207263 0 0)
(314.6946079 0 0)
(315.4658825 0 0)
(316.2402806 0 0)
(317.011509 0 0)
(317.7859162 0 0)
(318.5570171 0 0)
(319.3313693 0 0)
(320.1023321 0 0)
(320.8765778 0 0)
(321.6473949 0 0)
(322.4214879 0 0)
(323.1921619 0 0)
(323.9660632 0 0)
(324.736607 0 0)
(325.5102819 0 0)
(326.2807185 0 0)
(327.0541278 0 0)
(327.8244929 0 0)
(328.5975094 0 0)
(329.3678557 0 0)
(330.1404876 0 0)
(330.9110439 0 0)
(331.682418 0 0)
(332.4525506 0 0)
(333.2245702 0 0)
(333.9953677 0 0)
(334.7671674 0 0)
(335.537298 0 0)
(336.3088585 0 0)
(337.0790146 0 0)
(337.8505305 0 0)
(338.6206461 0 0)
(339.392001 0 0)
(340.1620174 0 0)
(340.9331498 0 0)
(341.7030633 0 0)
(342.4739849 0 0)
(343.243783 0 0)
(344.0144417 0 0)
(344.7840269 0 0)
(345.5543488 0 0)
(346.3239121 0 0)
(347.0945905 0 0)
(347.8641686 0 0)
(348.6347808 0 0)
(349.4038143 0 0)
(350.1739982 0 0)
(350.942902 0 0)
(351.7129153 0 0)
(352.481748 0 0)
(353.2516224 0 0)
(354.0204152 0 0)
(354.7901719 0 0)
(355.5589577 0 0)
(356.3286238 0 0)
(357.0974213 0 0)
(357.8670215 0 0)
(358.6358501 0 0)
(359.4054123 0 0)
(360.1742899 0 0)
(360.9438434 0 0)
(361.7127852 0 0)
(362.4823535 0 0)
(363.2513713 0 0)
(364.0209867 0 0)
(364.7901016 0 0)
(365.5598007 0 0)
(366.3290117 0 0)
(367.0988065 0 0)
(367.8681216 0 0)
(368.638029 0 0)
(369.4074549 0 0)
(370.1774871 0 0)
(370.9470252 0 0)
(371.7171888 0 0)
(372.4868372 0 0)
(373.2571437 0 0)
(374.0268993 0 0)
(374.7973583 0 0)
(375.5672031 0 0)
(376.3377969 0 0)
(377.1077213 0 0)
(377.8784441 0 0)
(378.648443 0 0)
(379.4192917 0 0)
(380.1893609 0 0)
(380.9603373 0 0)
(381.7304696 0 0)
(382.5016161 0 0)
(383.2717906 0 0)
(384.043115 0 0)
(384.8131174 0 0)
(385.5842622 0 0)
(386.3543849 0 0)
(387.1258969 0 0)
(387.8960873 0 0)
(388.6676971 0 0)
(389.4379005 0 0)
(390.2095794 0 0)
(390.9797838 0 0)
(391.7515139 0 0)
(392.5217083 0 0)
(393.2934765 0 0)
(394.0636488 0 0)
(394.8354418 0 0)
(395.6055819 0 0)
(396.3773868 0 0)
(397.1474853 0 0)
(397.9192882 0 0)
(398.6893341 0 0)
(399.4611193 0 0)
(400.2310986 0 0)
(401.0028487 0 0)
(401.7727473 0 0)
(402.544444 0 0)
(403.3142505 0 0)
(404.0858753 0 0)
(404.8555821 0 0)
(405.6271153 0 0)
(406.3967171 0 0)
(407.1681357 0 0)
(407.9376305 0 0)
(408.7089059 0 0)
(409.4782942 0 0)
(410.2493408 0 0)
(411.0186405 0 0)
(411.7892763 0 0)
(412.5586947 0 0)
(413.3289938 0 0)
(414.0985197 0 0)
(414.8681635 0 0)
(415.6385458 0 0)
(416.4086132 0 0)
(417.1788902 0 0)
(417.9484912 0 0)
(418.7183399 0 0)
(419.4878351 0 0)
(420.2575697 0 0)
(421.026996 0 0)
(421.7966249 0 0)
(422.5659644 0 0)
(423.3354747 0 0)
(424.1047312 0 0)
(424.8741117 0 0)
(425.6433234 0 0)
(426.4126268 0 0)
(427.1819199 0 0)
(427.9514802 0 0)
(428.7211981 0 0)
(429.4912006 0 0)
(430.2605756 0 0)
(431.0299866 0 0)
(431.7992931 0 0)
(432.5687266 0 0)
(433.3382287 0 0)
(434.1079227 0 0)
(434.8777132 0 0)
(435.6476933 0 0)
(436.4177686 0 0)
(437.1882546 0 0)
(437.9589153 0 0)
(438.7297045 0 0)
(439.5003182 0 0)
(440.2712372 0 0)
(441.0426889 0 0)
(441.8141335 0 0)
(442.5855664 0 0)
(443.3573217 0 0)
(444.1295897 0 0)
(444.9023037 0 0)
(445.6752169 0 0)
(446.4481189 0 0)
(447.2210267 0 0)
(447.9940439 0 0)
(448.7672658 0 0)
(449.540726 0 0)
(450.3144055 0 0)
(451.0882695 0 0)
(451.8622949 0 0)
(452.6364766 0 0)
(453.4108182 0 0)
(454.1853228 0 0)
(454.9599876 0 0)
(455.7348057 0 0)
(456.5097688 0 0)
(457.2848696 0 0)
(458.0601048 0 0)
(458.835473 0 0)
(459.6109721 0 0)
(460.3865983 0 0)
(461.1623456 0 0)
(461.9382068 0 0)
(462.7141742 0 0)
(463.4902409 0 0)
(464.2664009 0 0)
(465.0426498 0 0)
(465.8189844 0 0)
(466.5954027 0 0)
(467.3719041 0 0)
(468.1484887 0 0)
(468.9251575 0 0)
(469.7019117 0 0)
(470.4787527 0 0)
(471.255682 0 0)
(472.0327008 0 0)
(472.80981 0 0)
(473.5870099 0 0)
(474.3643002 0 0)
(475.1416794 0 0)
(475.9191452 0 0)
(476.6966932 0 0)
(477.4743174 0 0)
(478.2520102 0 0)
(479.0297606 0 0)
(479.8075667 0 0)
(480.5853796 0 0)
(481.3632422 0 0)
(482.1409714 0 0)
(482.9188233 0 0)
(483.6963694 0 0)
(484.47516 0 0)
(485.2523923 0 0)
(486.0320689 0 0)
(486.8082854 0 0)
(487.5877396 0 0)
(488.363499 0 0)
(489.1424841 0 0)
(489.91794 0 0)
(490.6965911 0 0)
(491.4718243 0 0)
(492.250168 0 0)
(493.0251904 0 0)
(493.8032204 0 0)
(494.5780378 0 0)
(495.3557561 0 0)
(496.1303656 0 0)
(496.9077726 0 0)
(497.6821595 0 0)
(498.4592448 0 0)
(499.2333888 0 0)
(500.0101374 0 0)
(500.784007 0 0)
(501.5602533 0 0)
(502.3338164 0 0)
(503.1091229 0 0)
(503.8829444 0 0)
(504.6588402 0 0)
(505.432609 0 0)
(506.2064117 0 0)
(506.979413 0 0)
(507.7529082 0 0)
(508.5269906 0 0)
(509.3013913 0 0)
(510.0756531 0 0)
(510.8497685 0 0)
(511.6238004 0 0)
(512.3977594 0 0)
(513.1716423 0 0)
(513.9454455 0 0)
(514.7191755 0 0)
(515.4928586 0 0)
(516.2665088 0 0)
(517.0401108 0 0)
(517.8136602 0 0)
(518.5872005 0 0)
(519.3607752 0 0)
(520.1344339 0 0)
(520.9082008 0 0)
(521.6820813 0 0)
(522.4560789 0 0)
(523.2301995 0 0)
(524.0044413 0 0)
(524.7787921 0 0)
(525.5532357 0 0)
(526.3277406 0 0)
(527.1022709 0 0)
(527.8767565 0 0)
(528.6512098 0 0)
(529.4256191 0 0)
(530.199931 0 0)
(530.9741449 0 0)
(531.7483255 0 0)
(532.5225403 0 0)
(533.2968597 0 0)
(534.0709462 0 0)
(534.8447089 0 0)
(535.6184558 0 0)
(536.3923744 0 0)
(537.1665425 0 0)
(537.940917 0 0)
(538.7154693 0 0)
(539.4902041 0 0)
(540.2651396 0 0)
(541.0403036 0 0)
(541.8157292 0 0)
(542.5914357 0 0)
(543.3674057 0 0)
(544.1435876 0 0)
(544.9199183 0 0)
(545.6963588 0 0)
(546.4729004 0 0)
(547.2495414 0 0)
(548.0262892 0 0)
(548.8031385 0 0)
(549.5800658 0 0)
(550.3570397 0 0)
(551.1340451 0 0)
(551.9110975 0 0)
(552.6881916 0 0)
(553.4653309 0 0)
(554.2425508 0 0)
(555.0198963 0 0)
(555.7973957 0 0)
(556.5750531 0 0)
(557.3529048 0 0)
(558.1310216 0 0)
(558.9094266 0 0)
(559.6880883 0 0)
(560.4669979 0 0)
(561.2461643 0 0)
(562.0255378 0 0)
(562.8050178 0 0)
(563.5845023 0 0)
(564.3638926 0 0)
(565.1432202 0 0)
(565.9225099 0 0)
(566.7017602 0 0)
(567.4809382 0 0)
(568.2600041 0 0)
(569.0389331 0 0)
(569.8177182 0 0)
(570.5963784 0 0)
(571.3749528 0 0)
(572.1534955 0 0)
(572.9320291 0 0)
(573.7105281 0 0)
(574.4889859 0 0)
(575.2674329 0 0)
(576.0458829 0 0)
(576.8243444 0 0)
(577.6028266 0 0)
(578.3813388 0 0)
(579.1598932 0 0)
(579.9385051 0 0)
(580.717189 0 0)
(581.4959537 0 0)
(582.2748009 0 0)
(583.0537158 0 0)
(583.8326593 0 0)
(584.6115437 0 0)
(585.3903125 0 0)
(586.1689171 0 0)
(586.9472938 0 0)
(587.7253932 0 0)
(588.5031679 0 0)
(589.2805855 0 0)
(590.0576369 0 0)
(590.8343112 0 0)
(591.6106256 0 0)
(592.3865913 0 0)
(593.1622224 0 0)
(593.9375522 0 0)
(594.7125986 0 0)
(595.4873844 0 0)
(596.2619434 0 0)
(597.0363032 0 0)
(597.8104853 0 0)
(598.5845135 0 0)
(599.3584245 0 0)
(600.1322502 0 0)
(600.9060051 0 0)
(601.6797185 0 0)
(602.4534277 0 0)
(603.2271537 0 0)
(604.0009335 0 0)
(604.7748172 0 0)
(605.5488557 0 0)
(606.3230925 0 0)
(607.0975664 0 0)
(607.8723121 0 0)
(608.6473596 0 0)
(609.4227324 0 0)
(610.198439 0 0)
(610.9744377 0 0)
(611.7507782 0 0)
(612.5267362 0 0)
(613.3012455 0 0)
(614.0744187 0 0)
(614.8467407 0 0)
(615.6186748 0 0)
(616.3903675 0 0)
(617.1616145 0 0)
(617.9321971 0 0)
(618.702217 0 0)
(619.4717883 0 0)
(620.2404856 0 0)
(621.0077005 0 0)
(621.7737841 0 0)
(622.5393612 0 0)
(623.3038493 0 0)
(624.0651283 0 0)
(624.8214932 0 0)
(625.5732688 0 0)
(626.3220926 0 0)
(627.0689571 0 0)
(627.813736 0 0)
(628.5565623 0 0)
(629.2984077 0 0)
(630.0401043 0 0)
(630.781911 0 0)
(631.5241454 0 0)
(632.2672861 0 0)
(633.0120426 0 0)
(633.758201 0 0)
(634.5072825 0 0)
(635.2468459 0 0)
(635.9872175 0 0)
(636.7125808 0 0)
(637.4269559 0 0)
(638.116066 0 0)
(638.7987329 0 0)
(639.4608773 0 0)
(640.1116681 0 0)
(640.7402826 0 0)
(641.3667444 0 0)
(641.983089 0 0)
(642.5946749 0 0)
(643.1898246 0 0)
(643.7773181 0 0)
(644.3556353 0 0)
(644.9342998 0 0)
(645.5118014 0 0)
(646.0756638 0 0)
(646.6147345 0 0)
(647.1343059 0 0)
(647.6475221 0 0)
(648.1603249 0 0)
(648.6807739 0 0)
(649.1627817 0 0)
(649.5925154 0 0)
(649.9765938 0 0)
(650.3328434 0 0)
(650.6582331 0 0)
(650.9527717 0 0)
(651.2182253 0 0)
(651.4544158 0 0)
(651.6665688 0 0)
(651.8559523 0 0)
(652.0268987 0 0)
(652.1825906 0 0)
(652.3276263 0 0)
(652.4659178 0 0)
(652.6009042 0 0)
(652.7347151 0 0)
(652.8684584 0 0)
(653.0025043 0 0)
(653.1378187 0 0)
(653.2757126 0 0)
(653.4175168 0 0)
(653.564876 0 0)
(653.7194271 0 0)
(653.8824298 0 0)
(654.0548726 0 0)
(654.2372841 0 0)
(654.4302103 0 0)
(654.6341993 0 0)
(654.8491912 0 0)
(655.0743753 0 0)
(655.3086938 0 0)
(655.5513056 0 0)
(655.8015084 0 0)
(656.0582744 0 0)
(656.3200607 0 0)
(656.5853358 0 0)
(656.8529086 0 0)
(657.117444 0 0)
(657.376057 0 0)
(657.6292407 0 0)
(657.8777782 0 0)
(658.1218963 0 0)
(658.3620955 0 0)
(658.5983659 0 0)
(658.831089 0 0)
(659.0605726 0 0)
(659.2870287 0 0)
(659.510577 0 0)
(659.7314159 0 0)
(659.9496957 0 0)
(660.1655309 0 0)
(660.3789083 0 0)
(660.5897128 0 0)
(660.7978364 0 0)
(661.0032596 0 0)
(661.2059698 0 0)
(661.4058948 0 0)
(661.6029999 0 0)
(661.7973481 0 0)
(661.9889155 0 0)
(662.1776881 0 0)
(662.364081 0 0)
(662.5485016 0 0)
(662.7312278 0 0)
(662.9123727 0 0)
(663.091928 0 0)
(663.2697804 0 0)
(663.4460758 0 0)
(663.6216535 0 0)
(663.7971045 0 0)
(663.9725621 0 0)
(664.1480797 0 0)
(664.3236984 0 0)
(664.4993968 0 0)
(664.6754494 0 0)
(664.8524479 0 0)
(665.0308509 0 0)
(665.2109645 0 0)
(665.3929393 0 0)
(665.5767191 0 0)
(665.7620603 0 0)
(665.9488468 0 0)
(666.1376518 0 0)
(666.3299146 0 0)
(666.5272294 0 0)
(666.7279938 0 0)
(666.9236954 0 0)
(667.1175515 0 0)
(667.3134559 0 0)
(667.5115484 0 0)
(667.7108811 0 0)
(667.9109947 0 0)
(668.1090295 0 0)
(668.3045646 0 0)
(668.5006423 0 0)
(668.6918669 0 0)
(668.8833907 0 0)
(669.069774 0 0)
(669.2569573 0 0)
(669.437142 0 0)
(669.6173905 0 0)
(669.7918236 0 0)
(669.9638978 0 0)
(670.1336804 0 0)
(670.3000754 0 0)
(670.4612055 0 0)
(670.6231458 0 0)
(670.7785498 0 0)
(670.9329431 0 0)
(671.0831919 0 0)
(671.2318455 0 0)
(671.3763394 0 0)
(671.518796 0 0)
(671.6581416 0 0)
(671.7947457 0 0)
(671.9273477 0 0)
(672.0590643 0 0)
(672.1860144 0 0)
(672.3111088 0 0)
(672.4338429 0 0)
(672.5535709 0 0)
(672.6713947 0 0)
(672.7878446 0 0)
(672.9020962 0 0)
(673.0151684 0 0)
(673.1270924 0 0)
(673.2378705 0 0)
(673.3480022 0 0)
(673.4573787 0 0)
(673.5660615 0 0)
(673.6742165 0 0)
(673.7819533 0 0)
(673.8895085 0 0)
(673.9971649 0 0)
(674.1050264 0 0)
(674.2116459 0 0)
(674.3170129 0 0)
(674.421406 0 0)
(674.5250367 0 0)
(674.6280144 0 0)
(674.7303325 0 0)
(674.8319467 0 0)
(674.9328503 0 0)
(675.0330956 0 0)
(675.1327734 0 0)
(675.2319741 0 0)
(675.3307529 0 0)
(675.4291229 0 0)
(675.5270791 0 0)
(675.6246325 0 0)
(675.7218281 0 0)
(675.8187391 0 0)
(675.915448 0 0)
(676.0120308 0 0)
(676.1085504 0 0)
(676.205052 0 0)
(676.3015553 0 0)
(676.3980769 0 0)
(676.4946495 0 0)
(676.5913179 0 0)
(676.6881326 0 0)
(676.7851432 0 0)
(676.8823943 0 0)
(676.9799228 0 0)
(677.077754 0 0)
(677.1758976 0 0)
(677.2743417 0 0)
(677.3730469 0 0)
(677.4719634 0 0)
(677.5709575 0 0)
(677.6698084 0 0)
(677.7685672 0 0)
(677.8671644 0 0)
(677.9657652 0 0)
(678.0643021 0 0)
(678.1628034 0 0)
(678.2612496 0 0)
(678.3594967 0 0)
(678.4575846 0 0)
(678.5553576 0 0)
(678.6527775 0 0)
(678.7497273 0 0)
(678.8459907 0 0)
(678.9414332 0 0)
(679.0359241 0 0)
(679.1297006 0 0)
(679.2232857 0 0)
(679.3175133 0 0)
(679.411958 0 0)
(679.4978862 0 0)
(679.5773572 0 0)
(679.657346 0 0)
(679.7396683 0 0)
(679.8222978 0 0)
(679.901922 0 0)
(679.9808136 0 0)
(680.0596863 0 0)
(680.1378235 0 0)
(680.2143754 0 0)
(680.2901396 0 0)
(680.3659188 0 0)
(680.4413628 0 0)
(680.5150856 0 0)
(680.5862739 0 0)
(680.6557069 0 0)
(680.7248333 0 0)
(680.7948157 0 0)
(680.8689609 0 0)
(680.9384063 0 0)
(680.9919666 0 0)
(681.0361551 0 0)
(681.0829915 0 0)
(681.1387933 0 0)
(681.2024497 0 0)
(681.2719616 0 0)
(681.3465057 0 0)
(681.4230261 0 0)
(681.4926046 0 0)
(681.5577207 0 0)
(681.6220172 0 0)
(681.6871413 0 0)
(681.7557582 0 0)
(681.8327148 0 0)
(681.9081376 0 0)
(681.9672508 0 0)
(682.0203324 0 0)
(682.0778211 0 0)
(682.1478611 0 0)
(682.2267636 0 0)
(682.2920348 0 0)
(682.3475266 0 0)
(682.4015084 0 0)
(682.4580793 0 0)
(682.5224711 0 0)
(682.5825397 0 0)
(682.6325792 0 0)
(682.6832642 0 0)
(682.7359649 0 0)
(682.7900277 0 0)
(682.8449808 0 0)
(682.8994065 0 0)
(682.9517257 0 0)
(683.0021101 0 0)
(683.0513966 0 0)
(683.0995859 0 0)
(683.1454659 0 0)
(683.1884413 0 0)
(683.2299147 0 0)
(683.2717311 0 0)
(683.3171095 0 0)
(683.3727832 0 0)
(683.4202288 0 0)
(683.4341764 0 0)
(683.4289557 0 0)
(683.4222139 0 0)
(683.4304002 0 0)
(683.4508264 0 0)
(683.4813054 0 0)
(683.5196315 0 0)
(683.5658368 0 0)
(683.6212206 0 0)
(683.6859419 0 0)
(683.7531012 0 0)
(683.8074345 0 0)
(683.8525485 0 0)
(683.8925717 0 0)
(683.928985 0 0)
(683.9623046 0 0)
(683.9935923 0 0)
(684.0246363 0 0)
(684.0563734 0 0)
(684.0897708 0 0)
(684.1252348 0 0)
(684.1623414 0 0)
(684.2002259 0 0)
(684.2374687 0 0)
(684.2744742 0 0)
(684.3127473 0 0)
(684.3566926 0 0)
(684.3837637 0 0)
(684.3824629 0 0)
(684.3538185 0 0)
(684.2896012 0 0)
(684.2038517 0 0)
(684.1107456 0 0)
(683.9900537 0 0)
(683.7804207 0 0)
(683.3913763 0 0)
(682.8895586 0 0)
(682.7391798 0 0)
(682.6645054 0 0)
(682.6006292 0 0)
(682.5461498 0 0)
(682.5025678 0 0)
(682.4676552 0 0)
(682.4482503 0 0)
(682.446324 0 0)
(682.4549617 0 0)
(682.4773673 0 0)
(682.5111588 0 0)
(682.5520991 0 0)
(682.5919414 0 0)
(682.6231547 0 0)
(682.654585 0 0)
(682.6878406 0 0)
(682.7250182 0 0)
(682.7664404 0 0)
(682.8108393 0 0)
(682.8573499 0 0)
(682.9056452 0 0)
(682.9573528 0 0)
(683.0161318 0 0)
(683.0813226 0 0)
(683.1504198 0 0)
(683.2166246 0 0)
(683.2711859 0 0)
(683.3228151 0 0)
(683.3748761 0 0)
(683.4280995 0 0)
(683.4837316 0 0)
(683.5332365 0 0)
(683.5752361 0 0)
(683.6176933 0 0)
(683.6692908 0 0)
(683.7287246 0 0)
(683.7945785 0 0)
(683.8627237 0 0)
(683.9297904 0 0)
(683.9892035 0 0)
(684.0461552 0 0)
(684.103471 0 0)
(684.161507 0 0)
(684.2227741 0 0)
(684.3023675 0 0)
(684.3567809 0 0)
(684.3916498 0 0)
(684.440457 0 0)
(684.5397856 0 0)
(684.646964 0 0)
(684.7240337 0 0)
(684.8178047 0 0)
(684.8550044 0 0)
(684.8909183 0 0)
(684.9261662 0 0)
(684.9874269 0 0)
(685.0644268 0 0)
(685.1214884 0 0)
(685.1801807 0 0)
(685.2385509 0 0)
(685.2978474 0 0)
(685.3582605 0 0)
(685.4295612 0 0)
(685.5025114 0 0)
(685.5789182 0 0)
(685.6756037 0 0)
(685.8007202 0 0)
(685.8404894 0 0)
(685.8840386 0 0)
(685.9361263 0 0)
(685.9959809 0 0)
(686.063482 0 0)
(686.1367257 0 0)
(686.2204109 0 0)
(686.348597 0 0)
(686.4006113 0 0)
(686.4523226 0 0)
(686.5076406 0 0)
(686.5705034 0 0)
(686.6446639 0 0)
(686.7269149 0 0)
(686.8193815 0 0)
(686.8801782 0 0)
(686.9516145 0 0)
(687.0283165 0 0)
(687.1162441 0 0)
(687.2461534 0 0)
(687.2931405 0 0)
(687.3540975 0 0)
(687.419845 0 0)
(687.4880486 0 0)
(687.5584316 0 0)
(687.632403 0 0)
(687.7206641 0 0)
(687.863368 0 0)
(687.8903427 0 0)
(687.9453214 0 0)
(688.013397 0 0)
(688.0897015 0 0)
(688.1542711 0 0)
(688.2230672 0 0)
(688.2969342 0 0)
(688.3910631 0 0)
(688.5616832 0 0)
(688.5767032 0 0)
(688.6239581 0 0)
(688.6846159 0 0)
(688.7519484 0 0)
(688.8254628 0 0)
(688.9219499 0 0)
(689.1134189 0 0)
(689.1121659 0 0)
(689.1509852 0 0)
(689.2065595 0 0)
(689.2716342 0 0)
(689.3455838 0 0)
(689.4431156 0 0)
(689.6443495 0 0)
(689.6256116 0 0)
(689.6627148 0 0)
(689.717004 0 0)
(689.7817697 0 0)
(689.8571945 0 0)
(689.957545 0 0)
(690.1654046 0 0)
(690.1424661 0 0)
(690.1811899 0 0)
(690.239875 0 0)
(690.3098269 0 0)
(690.393001 0 0)
(690.5032625 0 0)
(690.7270527 0 0)
(690.7003555 0 0)
(690.7427988 0 0)
(690.8059536 0 0)
(690.8876709 0 0)
(690.9984768 0 0)
(691.2203002 0 0)
(691.1811845 0 0)
(691.2205328 0 0)
(691.278943 0 0)
(691.356721 0 0)
(691.4656456 0 0)
(691.6904697 0 0)
(691.6454763 0 0)
(691.6866566 0 0)
(691.757005 0 0)
(691.8637191 0 0)
(692.0752638 0 0)
(692.0469973 0 0)
(692.0906131 0 0)
(692.1531628 0 0)
(692.2258933 0 0)
(692.3166744 0 0)
(692.4370599 0 0)
(692.6788237 0 0)
(692.6257017 0 0)
(692.6681267 0 0)
(692.7326124 0 0)
(692.8186608 0 0)
(692.9376087 0 0)
(693.1695802 0 0)
(693.1307032 0 0)
(693.1745903 0 0)
(693.2383107 0 0)
(693.3108428 0 0)
(693.387411 0 0)
(693.4660448 0 0)
(693.546732 0 0)
(693.6301237 0 0)
(693.7276719 0 0)
(693.8561081 0 0)
(694.1089186 0 0)
(694.0726693 0 0)
(694.1224862 0 0)
(694.1963192 0 0)
(694.2812592 0 0)
(694.3722261 0 0)
(694.4670249 0 0)
(694.573084 0 0)
(694.707958 0 0)
(694.9674194 0 0)
(694.9402475 0 0)
(694.9936538 0 0)
(695.0804169 0 0)
(695.2079817 0 0)
(695.4631545 0 0)
(695.440604 0 0)
(695.4954716 0 0)
(695.5843253 0 0)
(695.7133552 0 0)
(695.9708982 0 0)
(695.9468235 0 0)
(696.0012528 0 0)
(696.0882799 0 0)
(696.2161016 0 0)
(696.4685744 0 0)
(696.4423577 0 0)
(696.4959996 0 0)
(696.5820193 0 0)
(696.711029 0 0)
(696.9646983 0 0)
(696.9407605 0 0)
(696.9958891 0 0)
(697.0842904 0 0)
(697.2167461 0 0)
(697.4794351 0 0)
(697.457402 0 0)
(697.5147286 0 0)
(697.6067095 0 0)
(697.7430193 0 0)
(698.0147475 0 0)
(697.9917365 0 0)
(698.0505814 0 0)
(698.1449438 0 0)
(698.2836607 0 0)
(698.5625691 0 0)
(698.5350788 0 0)
(698.5913727 0 0)
(698.6738894 0 0)
(698.7692171 0 0)
(698.8717319 0 0)
(698.9808348 0 0)
(699.1016373 0 0)
(699.2557035 0 0)
(699.563015 0 0)
(699.545273 0 0)
(699.607013 0 0)
(699.6977669 0 0)
(699.8017679 0 0)
(699.91243 0 0)
(700.0279535 0 0)
(700.1542199 0 0)
(700.3136501 0 0)
(700.6266103 0 0)
(700.5959852 0 0)
(700.6550654 0 0)
(700.741824 0 0)
(700.8426951 0 0)
(700.9518255 0 0)
(701.076072 0 0)
(701.2367981 0 0)
(701.5393289 0 0)
(701.4981871 0 0)
(701.5582571 0 0)
(701.6483433 0 0)
(701.7526273 0 0)
(701.8651429 0 0)
(701.9832731 0 0)
(702.1153819 0 0)
(702.2810339 0 0)
(702.579645 0 0)
(702.5410836 0 0)
(702.5996463 0 0)
(702.6844715 0 0)
(702.7832018 0 0)
(702.892107 0 0)
(703.0161193 0 0)
(703.172501 0 0)
(703.4456476 0 0)
(703.4224075 0 0)
(703.485302 0 0)
(703.5854825 0 0)
(703.7146409 0 0)
(703.8278449 0 0)
(703.944623 0 0)
(704.0698005 0 0)
(704.2347685 0 0)
(704.2997661 0 0)
(704.3947112 0 0)
(704.5091546 0 0)
(704.6524353 0 0)
(704.7396272 0 0)
(704.8425896 0 0)
(704.9533277 0 0)
(705.0688006 0 0)
(705.1801391 0 0)
(705.2949676 0 0)
(705.4248684 0 0)
(705.5152559 0 0)
(705.6174395 0 0)
(705.7266591 0 0)
(705.8448542 0 0)
(705.9461624 0 0)
(706.0521169 0 0)
(706.1607927 0 0)
(706.2742091 0 0)
(706.3765981 0 0)
(706.4820653 0 0)
(706.5895036 0 0)
(706.70084 0 0)
(706.8031952 0 0)
(706.9081478 0 0)
(707.0147612 0 0)
(707.1200701 0 0)
(707.225747 0 0)
(707.3326147 0 0)
(707.4361572 0 0)
(707.5407387 0 0)
(707.6464257 0 0)
(707.7503422 0 0)
(707.8549288 0 0)
(707.960772 0 0)
(708.0635596 0 0)
(708.1672187 0 0)
(708.2714061 0 0)
(708.3745182 0 0)
(708.4777978 0 0)
(708.5807641 0 0)
(708.6837058 0 0)
(708.7871183 0 0)
(708.8887084 0 0)
(708.9902748 0 0)
(709.0919214 0 0)
(709.1941315 0 0)
(709.2949192 0 0)
(709.3960442 0 0)
(709.4976333 0 0)
(709.6004755 0 0)
(709.7007268 0 0)
(709.8017243 0 0)
(709.9031654 0 0)
(710.0044594 0 0)
(710.1060477 0 0)
(710.2087905 0 0)
(710.3095808 0 0)
(710.4109324 0 0)
(710.5125246 0 0)
(710.6142742 0 0)
(710.7162393 0 0)
(710.8184114 0 0)
(710.9207534 0 0)
(711.0232611 0 0)
(711.1261616 0 0)
(711.2281129 0 0)
(711.3303596 0 0)
(711.4326938 0 0)
(711.5350776 0 0)
(711.6371222 0 0)
(711.7393978 0 0)
(711.8410691 0 0)
(711.9429476 0 0)
(712.0444416 0 0)
(712.1459882 0 0)
(712.2474162 0 0)
(712.3488629 0 0)
(712.450362 0 0)
(712.5519529 0 0)
(712.6536628 0 0)
(712.7554784 0 0)
(712.8573455 0 0)
(712.9592127 0 0)
(713.0610638 0 0)
(713.1629534 0 0)
(713.2649741 0 0)
(713.3672341 0 0)
(713.469814 0 0)
(713.572745 0 0)
(713.676008 0 0)
(713.7795491 0 0)
(713.8833054 0 0)
(713.9872319 0 0)
(714.0913172 0 0)
(714.1955761 0 0)
(714.3000243 0 0)
(714.4046562 0 0)
(714.5094457 0 0)
(714.6143717 0 0)
(714.7194447 0 0)
(714.8247042 0 0)
(714.9301966 0 0)
(715.0359512 0 0)
(715.1419808 0 0)
(715.2482979 0 0)
(715.3549192 0 0)
(715.4618719 0 0)
(715.5691776 0 0)
(715.6768418 0 0)
(715.7848859 0 0)
(715.8932985 0 0)
(716.0020964 0 0)
(716.1113716 0 0)
(716.2212097 0 0)
(716.3323577 0 0)
(716.4467016 0 0)
(716.5699627 0 0)
(716.7213752 0 0)
(716.861659 0 0)
(716.8858983 0 0)
(716.8232801 0 0)
(716.5010166 0 0)
(715.331615 0 0)
(711.5394537 0 0)
(699.676276 0 0)
(663.093895 0 0)
(551.4181749 0 0)
(267.1229751 0 0)
(50.21907173 0 0)
(13.83263293 0 0)
(10.32110959 0 0)
(10.02632908 0 0)
(10.00215473 0 0)
(10.00017634 0 0)
(10.00001442 0 0)
(10.00000118 0 0)
(10.00000009 0 0)
(10.00000001 0 0)
(10 0 0)
(10 0 0)
(10 0 0)
(10 0 0)
(10 0 0)
(10 0 0)
(10 0 0)
(10 0 0)
(10 0 0)
(10 0 0)
(10 0 0)
(10 0 0)
(10 0 0)
(10 0 0)
(10 0 0)
(10 0 0)
(10 0 0)
(10 0 0)
(10 0 0)
(10 0 0)
(10 0 0)
(10 0 0)
(10 0 0)
(10 0 0)
(10 0 0)
(10 0 0)
(10 0 0)
(10 0 0)
(10 0 0)
(10 0 0)
(10 0 0)
(10 0 0)
(10 0 0)
(10 0 0)
(10 0 0)
(10 0 0)
(10 0 0)
(10 0 0)
(10 0 0)
(10 0 0)
(10 0 0)
(10 0 0)
(10 0 0)
(10 0 0)
(10 0 0)
(10 0 0)
(10 0 0)
(10 0 0)
(10 0 0)
(10 0 0)
(10 0 0)
(10 0 0)
(10 0 0)
(10 0 0)
(10 0 0)
(10 0 0)
(10 0 0)
(10 0 0)
(10 0 0)
(10 0 0)
(10 0 0)
(10 0 0)
(10 0 0)
(10 0 0)
(10 0 0)
(10 0 0)
(10 0 0)
(10 0 0)
(10 0 0)
(10 0 0)
(10 0 0)
(10 0 0)
(10 0 0)
(10 0 0)
(10 0 0)
(10 0 0)
(10 0 0)
(10 0 0)
(10 0 0)
(10 0 0)
(10 0 0)
(10 0 0)
(10 0 0)
(10 0 0)
(10 0 0)
(10 0 0)
(10 0 0)
(10 0 0)
(10 0 0)
(10 0 0)
(10 0 0)
(10 0 0)
(10 0 0)
(10 0 0)
(10 0 0)
(10 0 0)
(10 0 0)
(10 0 0)
(10 0 0)
(10 0 0)
(10 0 0)
(10 0 0)
(10 0 0)
(10 0 0)
(10 0 0)
(10 0 0)
(10 0 0)
(10 0 0)
(10 0 0)
(10 0 0)
(10 0 0)
(10 0 0)
(10 0 0)
(10 0 0)
(10 0 0)
(10 0 0)
(10 0 0)
(10 0 0)
(10 0 0)
(10 0 0)
(10 0 0)
(10 0 0)
(10 0 0)
(10 0 0)
(10 0 0)
(10 0 0)
(10 0 0)
(10 0 0)
(10 0 0)
(10 0 0)
(10 0 0)
(10 0 0)
(10 0 0)
(10 0 0)
(10 0 0)
(10 0 0)
(10 0 0)
(10 0 0)
(10 0 0)
(10 0 0)
(10 0 0)
(10 0 0)
(10 0 0)
(10 0 0)
(10 0 0)
(10 0 0)
(10 0 0)
(10 0 0)
(10 0 0)
(10 0 0)
(10 0 0)
(10 0 0)
(10 0 0)
(10 0 0)
(10 0 0)
(10 0 0)
(10 0 0)
(10 0 0)
(10 0 0)
(10 0 0)
(10 0 0)
(10 0 0)
(10 0 0)
(10 0 0)
(10 0 0)
(10 0 0)
(10 0 0)
(10 0 0)
(10 0 0)
(10 0 0)
(10 0 0)
(10 0 0)
(10 0 0)
(10 0 0)
(10 0 0)
(10 0 0)
(10 0 0)
(10 0 0)
(10 0 0)
(10 0 0)
(10 0 0)
(10 0 0)
(10 0 0)
(10 0 0)
(10 0 0)
(10 0 0)
(10 0 0)
(10 0 0)
(10 0 0)
(10 0 0)
(10 0 0)
(10 0 0)
(10 0 0)
(10 0 0)
(10 0 0)
(10 0 0)
(10 0 0)
(10 0 0)
(10 0 0)
(10 0 0)
(10 0 0)
(10 0 0)
(10 0 0)
(10 0 0)
(10 0 0)
(10 0 0)
(10 0 0)
(10 0 0)
(10 0 0)
(10 0 0)
(10 0 0)
(10 0 0)
(10 0 0)
(10 0 0)
(10 0 0)
(10 0 0)
(10 0 0)
(10 0 0)
(10 0 0)
(10 0 0)
(10 0 0)
(10 0 0)
(10 0 0)
(10 0 0)
(10 0 0)
(10 0 0)
(10 0 0)
(10 0 0)
(10 0 0)
(10 0 0)
(10 0 0)
(10 0 0)
(10 0 0)
(10 0 0)
(10 0 0)
(10 0 0)
(10 0 0)
(10 0 0)
(10 0 0)
(10 0 0)
(10 0 0)
(10 0 0)
(10 0 0)
(10 0 0)
(10 0 0)
(10 0 0)
(10 0 0)
(10 0 0)
(10 0 0)
(10 0 0)
(10 0 0)
(10 0 0)
(10 0 0)
(10 0 0)
(10 0 0)
(10 0 0)
(10 0 0)
(10 0 0)
(10 0 0)
(10 0 0)
(10 0 0)
(10 0 0)
(10 0 0)
(10 0 0)
(10 0 0)
(10 0 0)
(10 0 0)
(10 0 0)
(10 0 0)
(10 0 0)
(10 0 0)
(10 0 0)
(10 0 0)
(10 0 0)
(10 0 0)
(10 0 0)
(10 0 0)
(10 0 0)
(10 0 0)
(10 0 0)
(10 0 0)
(10 0 0)
(10 0 0)
(10 0 0)
(10 0 0)
(10 0 0)
(10 0 0)
(10 0 0)
(10 0 0)
(10 0 0)
(10 0 0)
(10 0 0)
(10 0 0)
(10 0 0)
(10 0 0)
(10 0 0)
(10 0 0)
(10 0 0)
(10 0 0)
(10 0 0)
(10 0 0)
(10 0 0)
(10 0 0)
(10 0 0)
(10 0 0)
(10 0 0)
(10 0 0)
(10 0 0)
(10 0 0)
(10 0 0)
(10 0 0)
(10 0 0)
(10 0 0)
(10 0 0)
(10 0 0)
(10 0 0)
(10 0 0)
(10 0 0)
(10 0 0)
(10 0 0)
(10 0 0)
(10 0 0)
(10 0 0)
(10 0 0)
(10 0 0)
(10 0 0)
(10 0 0)
(10 0 0)
(10 0 0)
(10 0 0)
(10 0 0)
(10 0 0)
(10 0 0)
(10 0 0)
(10 0 0)
(10 0 0)
(10 0 0)
(10 0 0)
(10 0 0)
(10 0 0)
(10 0 0)
(10 0 0)
(10 0 0)
(10 0 0)
(10 0 0)
(10 0 0)
(10 0 0)
(10 0 0)
(10 0 0)
(10 0 0)
(10 0 0)
(10 0 0)
(10 0 0)
(10 0 0)
(10 0 0)
(10 0 0)
(10 0 0)
(10 0 0)
(10 0 0)
(10 0 0)
(10 0 0)
(10 0 0)
(10 0 0)
(10 0 0)
(10 0 0)
(10 0 0)
(10 0 0)
(10 0 0)
(10 0 0)
(10 0 0)
(10 0 0)
(10 0 0)
(10 0 0)
(10 0 0)
(10 0 0)
(10 0 0)
(10 0 0)
(10 0 0)
(10 0 0)
(10 0 0)
(10 0 0)
(10 0 0)
(10 0 0)
(10 0 0)
(10 0 0)
(10 0 0)
(10 0 0)
(10 0 0)
(10 0 0)
(10 0 0)
(10 0 0)
(10 0 0)
(10 0 0)
(10 0 0)
(10 0 0)
(10 0 0)
(10 0 0)
(10 0 0)
(10 0 0)
(10 0 0)
(10 0 0)
(10 0 0)
(10 0 0)
(10 0 0)
(10 0 0)
(10 0 0)
(10 0 0)
(10 0 0)
(10 0 0)
(10 0 0)
(10 0 0)
(10 0 0)
(10 0 0)
(10 0 0)
(10 0 0)
(10 0 0)
(10 0 0)
(10 0 0)
(10 0 0)
(10 0 0)
(10 0 0)
(10 0 0)
(10 0 0)
(10 0 0)
(10 0 0)
(10 0 0)
(10 0 0)
(10 0 0)
(10 0 0)
(10 0 0)
(10 0 0)
(10 0 0)
(10 0 0)
(10 0 0)
(10 0 0)
(10 0 0)
(10 0 0)
(10 0 0)
(10 0 0)
(10 0 0)
(10 0 0)
(10 0 0)
(10 0 0)
(10 0 0)
(10 0 0)
(10 0 0)
(10 0 0)
(10 0 0)
(10 0 0)
(10 0 0)
(10 0 0)
(10 0 0)
(10 0 0)
(10 0 0)
(10 0 0)
(10 0 0)
(10 0 0)
(10 0 0)
(10 0 0)
(10 0 0)
(10 0 0)
(10 0 0)
(10 0 0)
(10 0 0)
(10 0 0)
(10 0 0)
(10 0 0)
(10 0 0)
(10 0 0)
(10 0 0)
(10 0 0)
(10 0 0)
(10 0 0)
(10 0 0)
(10 0 0)
(10 0 0)
(10 0 0)
(10 0 0)
(10 0 0)
(10 0 0)
(10 0 0)
(10 0 0)
(10 0 0)
(10 0 0)
(10 0 0)
(10 0 0)
(10 0 0)
(10 0 0)
(10 0 0)
(10 0 0)
(10 0 0)
(10 0 0)
(10 0 0)
(10 0 0)
(10 0 0)
(10 0 0)
(10 0 0)
(10 0 0)
(10 0 0)
(10 0 0)
(10 0 0)
(10 0 0)
(10 0 0)
(10 0 0)
(10 0 0)
(10 0 0)
(10 0 0)
(10 0 0)
(10 0 0)
(10 0 0)
(10 0 0)
(10 0 0)
(10 0 0)
(10 0 0)
(10 0 0)
(10 0 0)
(10 0 0)
(10 0 0)
(10 0 0)
(10 0 0)
(10 0 0)
(10 0 0)
(10 0 0)
(10 0 0)
(10 0 0)
(10 0 0)
(10 0 0)
(10 0 0)
(10 0 0)
(10 0 0)
(10 0 0)
(10 0 0)
(10 0 0)
(10 0 0)
(10 0 0)
(10 0 0)
(10 0 0)
(10 0 0)
(10 0 0)
(10 0 0)
(10 0 0)
(10 0 0)
(10 0 0)
(10 0 0)
(10 0 0)
(10 0 0)
(10 0 0)
(10 0 0)
(10 0 0)
(10 0 0)
(10 0 0)
(10 0 0)
(10 0 0)
(10 0 0)
(10 0 0)
(10 0 0)
(10 0 0)
(10 0 0)
(10 0 0)
(10 0 0)
(10 0 0)
(10 0 0)
(10 0 0)
(10 0 0)
(10 0 0)
(10 0 0)
(10 0 0)
(10 0 0)
(10 0 0)
(10 0 0)
(10 0 0)
(10 0 0)
(10 0 0)
(10 0 0)
(10 0 0)
(10 0 0)
(10 0 0)
(10 0 0)
(10 0 0)
(10 0 0)
(10 0 0)
(10 0 0)
(10 0 0)
(10 0 0)
(10 0 0)
(10 0 0)
(10 0 0)
(10 0 0)
(10 0 0)
(10 0 0)
(10 0 0)
(10 0 0)
(10 0 0)
(10 0 0)
(10 0 0)
(10 0 0)
(10 0 0)
(10 0 0)
(10 0 0)
(10 0 0)
(10 0 0)
(10 0 0)
(10 0 0)
(10 0 0)
(10 0 0)
(10 0 0)
(10 0 0)
(10 0 0)
(10 0 0)
(10 0 0)
(10 0 0)
(10 0 0)
(10 0 0)
(10 0 0)
(10 0 0)
(10 0 0)
(10 0 0)
(10 0 0)
(10 0 0)
(10 0 0)
(10 0 0)
(10 0 0)
(10 0 0)
(10 0 0)
(10 0 0)
(10 0 0)
(10 0 0)
(10 0 0)
(10 0 0)
(10 0 0)
(10 0 0)
(10 0 0)
(10 0 0)
(10 0 0)
(10 0 0)
(10 0 0)
(10 0 0)
(10 0 0)
(10 0 0)
(10 0 0)
(10 0 0)
(10 0 0)
(10 0 0)
(10 0 0)
(10 0 0)
(10 0 0)
(10 0 0)
(10 0 0)
(10 0 0)
(10 0 0)
(10 0 0)
(10 0 0)
(10 0 0)
(10 0 0)
(10 0 0)
(10 0 0)
(10 0 0)
(10 0 0)
(10 0 0)
(10 0 0)
(10 0 0)
(10 0 0)
(10 0 0)
(10 0 0)
(10 0 0)
(10 0 0)
(10 0 0)
(10 0 0)
(10 0 0)
(10 0 0)
(10 0 0)
(10 0 0)
(10 0 0)
(10 0 0)
(10 0 0)
(10 0 0)
(10 0 0)
(10 0 0)
(10 0 0)
(10 0 0)
(10 0 0)
(10 0 0)
(10 0 0)
(10 0 0)
(10 0 0)
(10 0 0)
(10 0 0)
(10 0 0)
(10 0 0)
(10 0 0)
(10 0 0)
(10 0 0)
(10 0 0)
(10 0 0)
(10 0 0)
(10 0 0)
(10 0 0)
(10 0 0)
(10 0 0)
(10 0 0)
(10 0 0)
(10 0 0)
(10 0 0)
(10 0 0)
(10 0 0)
(10 0 0)
(10 0 0)
(10 0 0)
(10 0 0)
(10 0 0)
(10 0 0)
(10 0 0)
(10 0 0)
(10 0 0)
(10 0 0)
(10 0 0)
(10 0 0)
(10 0 0)
(10 0 0)
(10 0 0)
(10 0 0)
(10 0 0)
(10 0 0)
(10 0 0)
(10 0 0)
(10 0 0)
(10 0 0)
(10 0 0)
(10 0 0)
(10 0 0)
(10 0 0)
(10 0 0)
(10 0 0)
(10 0 0)
(10 0 0)
(10 0 0)
(10 0 0)
(10 0 0)
(10 0 0)
(10 0 0)
(10 0 0)
(10 0 0)
(10 0 0)
(10 0 0)
(10 0 0)
(10 0 0)
(10 0 0)
(10 0 0)
(10 0 0)
(10 0 0)
(10 0 0)
(10 0 0)
(10 0 0)
(10 0 0)
(10 0 0)
(10 0 0)
(10 0 0)
(10 0 0)
(10 0 0)
(10 0 0)
(10 0 0)
(10 0 0)
(10 0 0)
(10 0 0)
(10 0 0)
(10 0 0)
(10 0 0)
(10 0 0)
(10 0 0)
(10 0 0)
(10 0 0)
(10 0 0)
(10 0 0)
(10 0 0)
(10 0 0)
(10 0 0)
(10 0 0)
(10 0 0)
(10 0 0)
(10 0 0)
(10 0 0)
(10 0 0)
(10 0 0)
(10 0 0)
(10 0 0)
(10 0 0)
(10 0 0)
(10 0 0)
(10 0 0)
(10 0 0)
(10 0 0)
(10 0 0)
(10 0 0)
(10 0 0)
(10 0 0)
(10 0 0)
(10 0 0)
(10 0 0)
(10 0 0)
(10 0 0)
(10 0 0)
(10 0 0)
(10 0 0)
(10 0 0)
(10 0 0)
(10 0 0)
(10 0 0)
(10 0 0)
(10 0 0)
(10 0 0)
(10 0 0)
(10 0 0)
(10 0 0)
(10 0 0)
(10 0 0)
(10 0 0)
(10 0 0)
(10 0 0)
(10 0 0)
(10 0 0)
(10 0 0)
(10 0 0)
(10 0 0)
(10 0 0)
(10 0 0)
(10 0 0)
(10 0 0)
(10 0 0)
(10 0 0)
(10 0 0)
(10 0 0)
(10 0 0)
(10 0 0)
(10 0 0)
(10 0 0)
(10 0 0)
(10 0 0)
(10 0 0)
(10 0 0)
(10 0 0)
(10 0 0)
(10 0 0)
(10 0 0)
(10 0 0)
(10 0 0)
(10 0 0)
(10 0 0)
(10 0 0)
(10 0 0)
(10 0 0)
(10 0 0)
(10 0 0)
(10 0 0)
(10 0 0)
(10 0 0)
(10 0 0)
(10 0 0)
(10 0 0)
(10 0 0)
(10 0 0)
(10 0 0)
(10 0 0)
(10 0 0)
(10 0 0)
(10 0 0)
(10 0 0)
(10 0 0)
(10 0 0)
(10 0 0)
(10 0 0)
(10 0 0)
(10 0 0)
(10 0 0)
(10 0 0)
(10 0 0)
(10 0 0)
(10 0 0)
(10 0 0)
(10 0 0)
(10 0 0)
(10 0 0)
(10 0 0)
(10 0 0)
(10 0 0)
(10 0 0)
(10 0 0)
(10 0 0)
(10 0 0)
(10 0 0)
(10 0 0)
(10 0 0)
(10 0 0)
(10 0 0)
(10 0 0)
(10 0 0)
(10 0 0)
(10 0 0)
(10 0 0)
(10 0 0)
(10 0 0)
(10 0 0)
(10 0 0)
(10 0 0)
(10 0 0)
(10 0 0)
(10 0 0)
(10 0 0)
(10 0 0)
(10 0 0)
(10 0 0)
(10 0 0)
(10 0 0)
(10 0 0)
(10 0 0)
(10 0 0)
(10 0 0)
(10 0 0)
(10 0 0)
(10 0 0)
(10 0 0)
(10 0 0)
(10 0 0)
(10 0 0)
(10 0 0)
(10 0 0)
(10 0 0)
(10 0 0)
(10 0 0)
(10 0 0)
(10 0 0)
(10 0 0)
(10 0 0)
(10 0 0)
(10 0 0)
(10 0 0)
(10 0 0)
(10 0 0)
(10 0 0)
(10 0 0)
(10 0 0)
(10 0 0)
(10 0 0)
(10 0 0)
(10 0 0)
(10 0 0)
(10 0 0)
(10 0 0)
(10 0 0)
(10 0 0)
(10 0 0)
(10 0 0)
(10 0 0)
(10 0 0)
(10 0 0)
(10 0 0)
(10 0 0)
(10 0 0)
(10 0 0)
(10 0 0)
(10 0 0)
(10 0 0)
(10 0 0)
(10 0 0)
(10 0 0)
(10 0 0)
(10 0 0)
(10 0 0)
(10 0 0)
(10 0 0)
(10 0 0)
(10 0 0)
(10 0 0)
(10 0 0)
(10 0 0)
(10 0 0)
(10 0 0)
(10 0 0)
(10 0 0)
(10 0 0)
(10 0 0)
(10 0 0)
(10 0 0)
(10 0 0)
(10 0 0)
(10 0 0)
(10 0 0)
(10 0 0)
(10 0 0)
(10 0 0)
(10 0 0)
(10 0 0)
(10 0 0)
(10 0 0)
(10 0 0)
(10 0 0)
(10 0 0)
(10 0 0)
(10 0 0)
(10 0 0)
(10 0 0)
(10 0 0)
)
;

boundaryField
{
    side1
    {
        type            inletOutlet;
        inletValue      uniform (10 0 0);
        value           uniform (10 0 0);
    }
    side2
    {
        type            inletOutlet;
        inletValue      uniform (10 0 0);
        value           uniform (10 0 0);
    }
    empty1
    {
        type            empty;
    }
    empty2
    {
        type            empty;
    }
}


// ************************************************************************* //
