/*--------------------------------*- C++ -*----------------------------------*\
| =========                 |                                                 |
| \\      /  F ield         | OpenFOAM: The Open Source CFD Toolbox           |
|  \\    /   O peration     | Version:  2312                                  |
|   \\  /    A nd           | Website:  www.openfoam.com                      |
|    \\/     M anipulation  |                                                 |
\*---------------------------------------------------------------------------*/
FoamFile
{
    version     2.0;
    format      ascii;
    arch        "LSB;label=32;scalar=64";
    class       surfaceScalarField;
    location    "0.0008";
    object      phi;
}
// * * * * * * * * * * * * * * * * * * * * * * * * * * * * * * * * * * * * * //

dimensions      [0 3 -1 0 0 0 0];

oriented        oriented;

internalField   nonuniform List<scalar> 
4999
(
2.854868758e-16
2.997810633e-17
-4.787356475e-17
8.601194883e-17
3.458132268e-16
5.062384952e-16
9.211952914e-16
1.599784554e-15
1.095659663e-15
7.27424864e-16
1.164856437e-15
1.545052887e-15
2.017451357e-15
1.684407074e-15
1.792999718e-15
1.390826148e-15
6.878164628e-16
6.351070352e-16
2.230748903e-16
6.92499131e-16
1.091341333e-15
1.496385308e-15
1.709622426e-15
1.779127443e-15
1.64810128e-15
2.126406394e-15
1.688565436e-15
1.112372668e-15
1.202632801e-15
1.082906042e-15
6.914700291e-16
2.922670007e-16
-1.558387092e-16
-2.247162332e-16
-6.907985865e-16
-3.096545349e-16
1.451036984e-16
-2.788898224e-16
6.562627894e-17
2.636449243e-16
7.40270821e-16
9.936266986e-16
1.424042952e-15
1.486062385e-15
2.125484988e-15
1.75794127e-15
1.815859773e-15
1.730638592e-15
9.425237145e-16
4.201096947e-16
9.869423844e-16
1.305715234e-15
9.551477057e-16
4.273553315e-16
-1.558324451e-17
-7.491295139e-17
-4.772134986e-16
-5.646557375e-17
-4.231659704e-16
4.940611233e-17
3.742076333e-16
1.229790905e-15
2.617498724e-15
4.846692686e-15
9.525034026e-15
1.966097522e-14
4.378500036e-14
9.965490807e-14
2.240485831e-13
5.003831628e-13
1.109124556e-12
2.438323575e-12
5.309792639e-12
1.145208688e-11
2.445765709e-11
5.171355238e-11
1.082385268e-10
2.242179945e-10
4.596148641e-10
9.321108172e-10
1.869829322e-09
3.709407017e-09
7.27573955e-09
1.4106415e-08
2.702797542e-08
5.116247852e-08
9.565491871e-08
1.765830499e-07
3.217628802e-07
5.785185324e-07
1.02596147e-06
1.793919561e-06
3.091328578e-06
5.247531949e-06
8.770299947e-06
1.442409605e-05
2.333063909e-05
3.709047337e-05
5.79184645e-05
8.877769511e-05
0.0001334858954
0.000196758583
0.0002841475911
0.0004018379873
0.0005562852433
0.0007537088516
0.0009995023456
0.001297659027
0.001650329863
0.002057611713
0.002517610337
0.003026749684
0.00358023175
0.004172522392
0.004797948107
0.005451304484
0.006128089553
0.00682451291
0.007537425928
0.008264230444
0.009002788448
0.009751341269
0.01050844082
0.01127289319
0.0120437145
0.01282009792
0.01360135238
0.01438685857
0.01517611002
0.01596868224
0.01676421273
0.01756239051
0.01836294713
0.01916564963
0.01997029488
0.02077670502
0.02158472363
0.02239421264
0.0232050497
0.02401712607
0.02483034505
0.02564462144
0.02645988073
0.02727604985
0.02809306268
0.02891086225
0.02972939645
0.03054861792
0.03136848365
0.03218895436
0.03300999418
0.03383157026
0.03465365252
0.03547621339
0.03629922758
0.03712267191
0.03794652507
0.03877076742
0.03959538067
0.04042034734
0.04124565006
0.04207127041
0.0428971879
0.04372338016
0.0445498259
0.04537651024
0.04620342733
0.04703057734
0.0478579754
0.04868570613
0.04951399505
0.05034313309
0.05117315465
0.05200361682
0.05283397998
0.05366422992
0.05449462522
0.055325457
0.05615658224
0.05698767955
0.05781893591
0.05865069213
0.0594829133
0.06031487654
0.06114701068
0.06197860808
0.06280963293
0.06363960229
0.06446874436
0.06529885306
0.06612973961
0.06695971976
0.06778846385
0.06861775999
0.06944697521
0.0702753733
0.07110356114
0.07193226217
0.07275971585
0.07358711696
0.07441526576
0.07524476715
0.07607188891
0.07689841887
0.07772605234
0.07855531306
0.07938236888
0.08020872634
0.08103574397
0.08186161298
0.08268735946
0.08351253738
0.08433506524
0.08515572789
0.08597428756
0.08678806109
0.08759434001
0.08839166424
0.08917530029
0.08994052052
0.09068250046
0.09139435469
0.09206863559
0.09269941364
0.09327860617
0.09379887069
0.094256716
0.09464766185
0.09497005294
0.09522814371
0.09542446582
0.09556457728
0.09565842936
0.09571147581
0.09573180177
0.0957288063
0.09569941035
0.09564985256
0.09559786716
0.09555439573
0.09551991911
0.09549299181
0.09547191619
0.09545563122
0.09544283063
0.09543310244
0.09542599466
0.09542038386
0.09541625045
0.09541257843
0.09540950435
0.09540694949
0.09540429756
0.09540166234
0.09539922044
0.0953969988
0.0953949959
0.09539368994
0.09539286449
0.09539271987
0.09539291276
0.09539317448
0.09539339625
0.09539345749
0.09539338348
0.09539331721
0.09539328332
0.09539329957
0.09539340303
0.09539355653
0.09539372841
0.09539389278
0.09539402464
0.09539408629
0.09539408137
0.09539403549
0.09539394783
0.0953938273
0.09539373601
0.09539370677
0.09539374147
0.09539383307
0.09539396543
0.0953941495
0.09539432179
0.09539442199
0.09539443248
0.09539436781
0.09539423575
0.09539404516
0.09539385223
0.09539370102
0.09539359882
0.09539355958
0.09539357571
0.09539363888
0.09539375385
0.09539389392
0.09539405403
0.095394225
0.0953943567
0.09539440649
0.0953943875
0.09539435374
0.095394302
0.09539426191
0.09539425378
0.09539426966
0.09539430998
0.09539439315
0.0953945074
0.0953946628
0.09539486558
0.09539504096
0.09539514319
0.09539521843
0.09539529457
0.09539540078
0.09539549624
0.09539557318
0.09539560876
0.09539564418
0.09539570558
0.09539581566
0.0953960427
0.09539644364
0.09539691234
0.09539725908
0.09539741903
0.09539749936
0.09539760782
0.09539790444
0.09539869234
0.09540048573
0.09540377504
0.09540908147
0.09541652742
0.09542622115
0.09543754922
0.09544941916
0.09546220192
0.09547340689
0.09548217592
0.09548938148
0.09548614193
0.09548573138
0.09547547856
0.09546705938
0.09546496223
0.09540362473
0.09540909119
0.09541432163
0.09541896231
0.09542211123
0.09542339938
0.09542370556
0.09542387597
0.09542428709
0.09542478243
0.09542515579
0.09542538549
0.09542558621
0.09542582826
0.09542607361
0.09542625094
0.0954263242
0.09542633392
0.09542636534
0.0954264254
0.0954264846
0.09542651131
0.09542646202
0.0954263841
0.09542627272
0.09542611245
0.09542588419
0.09542558346
0.09542522348
0.09542482844
0.09542442915
0.09542406775
0.09542377764
0.09542356838
0.09542344083
0.09542338922
0.09542339279
0.09542343251
0.09542351104
0.0954236367
0.09542381547
0.09542404846
0.09542433143
0.0954246537
0.09542499485
0.09542531419
0.09542556142
0.09542570934
0.09542576037
0.09542574578
0.09542568016
0.09542556138
0.09542539632
0.09542520765
0.09542502741
0.09542488549
0.09542478551
0.09542471585
0.09542466643
0.09542463128
0.09542461078
0.09542460912
0.0954246273
0.09542466832
0.09542473873
0.09542484755
0.09542500107
0.0954251987
0.09542543366
0.09542569276
0.09542595802
0.09542620847
0.09542643521
0.09542664716
0.09542685517
0.09542706454
0.09542727452
0.09542747199
0.09542762648
0.09542770318
0.09542769556
0.09542761801
0.09542745842
0.09542720455
0.09542686368
0.09542645497
0.09542601537
0.09542560556
0.09542528312
0.09542506267
0.09542493269
0.09542487157
0.09542485438
0.09542486725
0.09542491481
0.09542500412
0.09542514047
0.09542533236
0.09542558599
0.09542590376
0.09542628042
0.0954267002
0.09542713224
0.09542752554
0.09542784035
0.09542807161
0.09542823387
0.09542834977
0.09542844162
0.0954285191
0.09542858007
0.09542861328
0.09542860705
0.09542854767
0.09542840694
0.09542815723
0.09542778564
0.09542729455
0.09542670772
0.09542607565
0.09542549308
0.09542506164
0.09542482056
0.09542475357
0.09542479682
0.09542490092
0.09542506797
0.09542529215
0.09542555279
0.09542583149
0.09542612103
0.09542642908
0.09542677128
0.09542715985
0.09542759409
0.09542805039
0.09542846146
0.09542873669
0.09542882963
0.0954287763
0.09542861357
0.09542832363
0.09542791515
0.09542742858
0.09542692799
0.09542650087
0.09542619411
0.09542599294
0.09542586702
0.09542578949
0.09542574303
0.09542572377
0.09542573229
0.09542577742
0.09542587949
0.09542605747
0.09542632244
0.09542667417
0.09542709152
0.09542751741
0.09542784538
0.09542799016
0.09542796766
0.0954278282
0.0954275639
0.09542717448
0.09542669897
0.09542621442
0.09542582995
0.09542560936
0.09542553699
0.09542555566
0.09542562393
0.09542573413
0.09542587835
0.09542604945
0.09542624541
0.09542647258
0.09542674859
0.09542709176
0.09542751342
0.09542800934
0.09542855154
0.09542906718
0.09542944897
0.09542963598
0.09542965784
0.09542957367
0.09542939097
0.09542912167
0.09542882449
0.09542858384
0.09542845094
0.09542840392
0.09542839934
0.0954284036
0.09542839451
0.09542834995
0.09542826128
0.09542813494
0.09542800125
0.09542791253
0.0954279005
0.09542795591
0.09542808553
0.0954282848
0.09542850577
0.0954286646
0.09542870609
0.09542866749
0.09542859345
0.09542852326
0.09542852028
0.09542862187
0.09542886075
0.0954292618
0.09542980552
0.09543042362
0.09543096378
0.09543125615
0.095431284
0.09543113562
0.09543082509
0.09543035479
0.09542978705
0.09542924927
0.09542888236
0.09542871391
0.09542867753
0.09542869446
0.09542872404
0.09542875286
0.09542878056
0.09542883216
0.09542894984
0.09542917601
0.09542954504
0.09543009182
0.09543080706
0.09543162549
0.09543237877
0.09543284415
0.09543295796
0.09543283173
0.0954324998
0.09543195715
0.09543128861
0.09543066345
0.0954302598
0.09543010525
0.09543010267
0.09543015339
0.09543021402
0.09543025799
0.09543025971
0.09543023976
0.0954302447
0.09543032343
0.09543052018
0.0954308768
0.09543140412
0.09543205291
0.09543267813
0.09543305374
0.09543309573
0.09543292171
0.09543257495
0.09543208162
0.09543159356
0.09543133961
0.09543138368
0.09543164849
0.09543215032
0.09543285772
0.09543359043
0.09543404219
0.09543406832
0.09543379464
0.09543324033
0.09543240308
0.09543139584
0.09543044404
0.09542981307
0.09542955548
0.09542952548
0.09542957959
0.09542965533
0.09542967398
0.09542957595
0.09542936691
0.09542908562
0.09542887241
0.09542889051
0.09542916943
0.09542974345
0.09543065999
0.09543185524
0.09543313932
0.0954341393
0.09543455095
0.09543446561
0.09543403288
0.09543325012
0.0954321804
0.09543106268
0.0954302688
0.09542999886
0.09543009887
0.09543041557
0.09543092254
0.09543154965
0.09543208935
0.09543235287
0.09543238009
0.09543230016
0.09543221832
0.09543227608
0.09543258393
0.09543319932
0.09543416928
0.09543544901
0.09543685991
0.09543802484
0.09543857906
0.09543856531
0.09543817822
0.09543743127
0.09543639971
0.09543538446
0.09543477664
0.09543468087
0.09543486833
0.09543519636
0.09543559844
0.09543583645
0.09543577026
0.09543544931
0.09543491941
0.09543438909
0.09543422259
0.09543448489
0.095435133
0.09543624071
0.09543772584
0.09543929288
0.09544039111
0.09544065032
0.0954402717
0.0954393802
0.09543796421
0.0954362651
0.0954347743
0.09543397192
0.09543384893
0.09543409762
0.09543464697
0.0954354277
0.09543607373
0.09543619425
0.09543589224
0.09543532052
0.09543468985
0.09543443144
0.09543471133
0.0954355132
0.09543692429
0.0954388114
0.09544078577
0.09544219236
0.09544261772
0.09544227468
0.09544132256
0.09543983793
0.09543815981
0.09543694818
0.09543659617
0.09543684958
0.09543754546
0.09543865657
0.0954399152
0.0954408227
0.09544103574
0.09544068006
0.09544000049
0.09543940743
0.09543947321
0.09544026225
0.09544176206
0.09544398954
0.09544673093
0.09544938895
0.09545114386
0.09545167589
0.09545122745
0.09545001291
0.09544826123
0.09544664545
0.09544584547
0.09544595919
0.09544670814
0.09544810485
0.09545011529
0.09545241868
0.09545416461
0.09545476501
0.09545437119
0.09545329318
0.09545214764
0.09545179995
0.09545242411
0.09545383382
0.09545604
0.09545889286
0.0954618252
0.0954639273
0.09546456216
0.09546383652
0.09546184729
0.09545910627
0.09545645954
0.09545444988
0.09545325743
0.09545274026
0.0954531164
0.09545441362
0.09545626865
0.09545765465
0.09545754877
0.09545624755
0.09545409104
0.0954521938
0.09545143824
0.09545178253
0.095453199
0.09545594901
0.09545961467
0.09546323504
0.09546623261
0.09546776043
0.0954677694
0.09546651786
0.09546473904
0.09546360777
0.09546332596
0.09546354548
0.09546464051
0.09546748059
0.09547258411
0.09547889813
0.09548457894
0.09548869405
0.09549078181
0.09549181149
0.0954935576
0.09549698904
0.09550215014
0.09550970806
0.0955200691
0.0955324618
0.09554493239
0.09555509259
0.09556123536
0.09556438533
0.09556829965
0.09557575952
0.09558646997
0.0955987386
0.09561143615
0.09562557904
0.095643769
0.09566767933
0.09569397384
0.09571604991
0.09573488392
0.09575507642
0.09577764946
0.09580269271
0.09582926207
0.09585865912
0.09589145785
0.095927162
0.09595930145
0.09598162511
0.09600051978
0.09602053879
0.09604194354
0.0960638531
0.09608591884
0.09611174826
0.09614266616
0.09618102423
0.09623690045
0.09635093363
0.09663335028
0.09708945169
0.09718243353
0.09517357479
0.0878076921
0.07241889745
0.0512756836
0.03159840761
0.01774518971
0.00940521931
0.004822244683
0.002428878336
0.001212212914
0.0006022028617
0.0002984742785
0.0001477675101
7.311598072e-05
3.616870415e-05
1.788971672e-05
8.848201422e-06
4.37626018e-06
2.164490729e-06
1.070574363e-06
5.295276254e-07
2.619221956e-07
1.295593129e-07
6.40882098e-08
3.170306189e-08
1.568332555e-08
7.758705305e-09
3.83843974e-09
1.899042785e-09
9.395706893e-10
4.648778164e-10
2.300185211e-10
1.138155204e-10
5.631892983e-11
2.786896373e-11
1.379106654e-11
6.824702678e-12
3.377290831e-12
1.671337489e-12
8.270664586e-13
4.09190313e-13
2.02465585e-13
1.000652838e-13
4.944182002e-14
2.43410598e-14
1.186376493e-14
5.801642565e-15
2.750389907e-15
1.252505987e-15
4.671636752e-16
1.231634278e-16
-6.460270702e-18
-3.84440677e-18
-3.785229219e-18
-3.895578392e-18
-3.973747654e-18
-4.049455568e-18
-4.062409814e-18
-4.034740458e-18
-4.032221157e-18
-4.090292729e-18
-4.201163407e-18
-4.323582948e-18
-4.412502683e-18
-4.45017978e-18
-4.435084112e-18
-4.391378336e-18
-4.340995658e-18
-4.298546613e-18
-4.2723601e-18
-4.252935257e-18
-4.233911016e-18
-4.21382296e-18
-4.192374037e-18
-4.168751096e-18
-4.149683204e-18
-4.14433039e-18
-4.157006636e-18
-4.188333102e-18
-4.234476178e-18
-4.295336731e-18
-4.360162409e-18
-4.415405886e-18
-4.463562988e-18
-4.49038638e-18
-4.497573322e-18
-4.479380593e-18
-4.44116797e-18
-4.386902502e-18
-4.330263026e-18
-4.275338683e-18
-4.224475595e-18
-4.185898346e-18
-4.158965631e-18
-4.15166343e-18
-4.159186154e-18
-4.179576717e-18
-4.210777295e-18
-4.245997527e-18
-4.280781635e-18
-4.312382323e-18
-4.34334032e-18
-4.368373175e-18
-4.38666784e-18
-4.396575037e-18
-4.404208204e-18
-4.410553388e-18
-4.417058708e-18
-4.422968056e-18
-4.429342597e-18
-4.435606716e-18
-4.43847014e-18
-4.444428911e-18
-4.448264111e-18
-4.456346231e-18
-4.464851104e-18
-4.471621962e-18
-4.477168849e-18
-4.485313887e-18
-4.496105961e-18
-4.500179949e-18
-4.505305869e-18
-4.51173361e-18
-4.516922299e-18
-4.515037929e-18
-4.510816994e-18
-4.498745961e-18
-4.482864136e-18
-4.463927929e-18
-4.446279557e-18
-4.427317749e-18
-4.405579669e-18
-4.382071169e-18
-4.359785426e-18
-4.336584065e-18
-4.310808587e-18
-4.283015582e-18
-4.255901747e-18
-4.226870464e-18
-4.198054754e-18
-4.166370776e-18
-4.140215789e-18
-4.11439539e-18
-4.089778765e-18
-4.063199411e-18
-4.039283658e-18
-4.016293542e-18
-3.994468287e-18
-3.974973357e-18
-3.957450811e-18
-3.94010867e-18
-3.921377276e-18
-3.903512395e-18
-3.885055275e-18
-3.869619411e-18
-3.853293532e-18
-3.840688545e-18
-3.827320349e-18
-3.8196822e-18
-3.811969025e-18
-3.804036607e-18
-3.795638845e-18
-3.790640326e-18
-3.783904435e-18
-3.78482377e-18
-3.791377596e-18
-3.801059244e-18
-3.812711707e-18
-3.828963102e-18
-3.846342622e-18
-3.861258616e-18
-3.878272439e-18
-3.895524367e-18
-3.912488799e-18
-3.929246819e-18
-3.949509959e-18
-3.971353549e-18
-3.991867527e-18
-4.015266838e-18
-4.040626999e-18
-4.067990276e-18
-4.096032789e-18
-4.123253106e-18
-4.152669209e-18
-4.181731056e-18
-4.207328811e-18
-4.235902622e-18
-4.260994521e-18
-4.284336044e-18
-4.304273141e-18
-4.319024933e-18
-4.332319197e-18
-4.341598577e-18
-4.352293341e-18
-4.358837203e-18
-4.366600964e-18
-4.369141539e-18
-4.371950181e-18
-4.37620863e-18
-4.378890366e-18
-4.381325811e-18
-4.379608973e-18
-4.375779824e-18
-4.3743658e-18
-4.369979134e-18
-4.367333951e-18
-4.36421904e-18
-4.358539222e-18
-4.35118399e-18
-4.344339092e-18
-4.336630273e-18
-4.32771905e-18
-4.320318001e-18
-4.309888644e-18
-4.302008484e-18
-4.293528024e-18
-4.284847412e-18
-4.279082458e-18
-4.272497828e-18
-4.267430182e-18
-4.260855866e-18
-4.252566638e-18
-4.244457764e-18
-4.234212002e-18
-4.227137957e-18
-4.219811979e-18
-4.211222445e-18
-4.205349747e-18
-4.194390859e-18
-4.185608975e-18
-4.173556976e-18
-4.165744792e-18
-4.158112271e-18
-4.154975944e-18
-4.150471313e-18
-4.145164473e-18
-4.137885419e-18
-4.131530087e-18
-4.125698562e-18
-4.116447155e-18
-4.114949659e-18
-4.11295553e-18
-4.109655121e-18
-4.110002663e-18
-4.111264657e-18
-4.112381792e-18
-4.116751902e-18
-4.118702636e-18
-4.125461296e-18
-4.136391514e-18
-4.146866745e-18
-4.160239039e-18
-4.173474349e-18
-4.186321166e-18
-4.194691701e-18
-4.205546063e-18
-4.214142845e-18
-4.227366685e-18
-4.238404491e-18
-4.250212324e-18
-4.262371763e-18
-4.271905956e-18
-4.28096963e-18
-4.28866513e-18
-4.295903226e-18
-4.30302254e-18
-4.30972966e-18
-4.317069661e-18
-4.324194829e-18
-4.329233265e-18
-4.334037525e-18
-4.340070484e-18
-4.342685308e-18
-4.345990227e-18
-4.346564751e-18
-4.345758137e-18
-4.344734073e-18
-4.345021241e-18
-4.341724558e-18
-4.339085375e-18
-4.336426309e-18
-4.335926118e-18
-4.333248136e-18
-4.333274569e-18
-4.328715333e-18
-4.3230763e-18
-4.322590398e-18
-4.316936298e-18
-4.312024898e-18
-4.306257035e-18
-4.301220114e-18
-4.295225715e-18
-4.289596027e-18
-4.281414665e-18
-4.276875617e-18
-4.27130012e-18
-4.261666703e-18
-4.255921155e-18
-4.24992819e-18
-4.244015009e-18
-4.237424898e-18
-4.23328118e-18
-4.231246326e-18
-4.229203802e-18
-4.233484204e-18
-4.237000976e-18
-4.246771365e-18
-4.258468539e-18
-4.272808776e-18
-4.287845288e-18
-4.302990565e-18
-4.317353098e-18
-4.333782701e-18
-4.349681713e-18
-4.367030489e-18
-4.385400071e-18
-4.401821218e-18
-4.415687748e-18
-4.432657394e-18
-4.447560251e-18
-4.458577507e-18
-4.467155118e-18
-4.476549766e-18
-4.483694124e-18
-4.491696155e-18
-4.49953855e-18
-4.507388961e-18
-4.511832386e-18
-4.519887197e-18
-4.527594469e-18
-4.537092182e-18
-4.541550467e-18
-4.549455599e-18
-4.556266341e-18
-4.561609028e-18
-4.5621167e-18
-4.554659208e-18
-4.544123886e-18
-4.529139556e-18
-4.509882723e-18
-4.481400576e-18
-4.44247742e-18
-4.402042813e-18
-4.351855153e-18
-4.294347766e-18
-4.230839533e-18
-4.159226058e-18
-4.079248391e-18
-3.992433444e-18
-3.900653399e-18
-3.802550746e-18
-3.694531116e-18
-3.583358582e-18
-3.46806009e-18
-3.348845241e-18
-3.223669157e-18
-3.093966793e-18
-2.969587964e-18
-2.845299191e-18
-2.721416606e-18
-2.59856527e-18
-2.475914146e-18
-2.353655575e-18
-2.230303436e-18
-2.109474581e-18
-1.986903474e-18
-1.865398021e-18
-1.747251618e-18
-1.629270267e-18
-1.51647767e-18
-1.41080758e-18
-1.307118728e-18
-1.210575747e-18
-1.113145265e-18
-1.026315244e-18
-9.440012748e-19
-8.679717325e-19
-7.937444487e-19
-7.228426377e-19
-6.597487728e-19
-6.054064681e-19
-5.547783812e-19
-5.049355429e-19
-4.543775262e-19
-4.125987852e-19
-3.786665471e-19
-3.476506428e-19
-3.149678542e-19
-2.814844054e-19
-2.524958904e-19
-2.241085112e-19
-2.026627197e-19
-1.815475042e-19
-1.672655023e-19
-1.560594597e-19
-1.459944673e-19
-1.379871399e-19
-1.310357289e-19
-1.215971924e-19
-1.119052442e-19
-1.002641159e-19
-9.34510791e-20
-8.554086703e-20
-7.820224995e-20
-7.077262123e-20
-6.185778555e-20
-5.199810388e-20
-4.361233628e-20
-3.362430841e-20
-2.617768358e-20
-2.059153745e-20
-1.245657457e-20
-7.400968076e-21
7.482322279e-23
6.853849314e-21
1.164815843e-20
1.686745617e-20
2.027170679e-20
2.567820146e-20
3.010155877e-20
3.685001822e-20
3.585481481e-20
3.769826359e-20
3.539091885e-20
3.6997301e-20
3.829592312e-20
3.996166804e-20
4.061836359e-20
4.249444614e-20
4.474146124e-20
4.72891433e-20
4.842296825e-20
5.016248528e-20
5.248514537e-20
5.189472142e-20
4.804888111e-20
4.754696848e-20
4.582888452e-20
4.449902801e-20
4.532228971e-20
4.588397074e-20
4.574680196e-20
4.827201054e-20
4.697196238e-20
4.600251219e-20
4.37858448e-20
4.540544729e-20
4.403318878e-20
4.507596641e-20
4.721723489e-20
4.972262873e-20
4.864877347e-20
4.864330035e-20
4.817379476e-20
5.018129429e-20
5.23365111e-20
5.450400124e-20
5.015905464e-20
4.66674794e-20
4.650603396e-20
4.737797306e-20
4.766430539e-20
4.819485891e-20
4.755414588e-20
4.772457725e-20
4.87289604e-20
5.017404958e-20
4.830261286e-20
4.630426773e-20
4.379080018e-20
4.203731133e-20
3.920864382e-20
4.089302397e-20
4.022675884e-20
4.117453372e-20
4.062711982e-20
4.293007875e-20
4.539416396e-20
4.532561252e-20
4.407092626e-20
4.529070841e-20
4.44003754e-20
4.458127308e-20
4.2605745e-20
4.111744606e-20
3.920079463e-20
4.07931494e-20
4.11209828e-20
4.428566877e-20
4.444551051e-20
4.283234562e-20
4.025197598e-20
4.038070093e-20
4.026027789e-20
4.070031765e-20
3.842994286e-20
3.842082739e-20
3.509702213e-20
3.23370034e-20
2.943032204e-20
2.88762967e-20
2.699332753e-20
2.80705041e-20
3.084768124e-20
3.296735873e-20
3.531896208e-20
3.721066618e-20
3.654082219e-20
3.92125062e-20
4.480498734e-20
4.512891947e-20
4.742991301e-20
4.714048035e-20
4.853398402e-20
4.711132263e-20
4.498609428e-20
4.647665236e-20
4.624308531e-20
4.64489124e-20
4.648002289e-20
4.50901279e-20
4.26412892e-20
4.068983598e-20
3.713868311e-20
3.535998006e-20
3.455939737e-20
3.379893069e-20
3.198613838e-20
3.10014782e-20
2.812355813e-20
2.609714415e-20
2.705031171e-20
2.886757205e-20
2.86010117e-20
2.90396715e-20
2.867085537e-20
2.823144472e-20
2.667244313e-20
2.396124861e-20
2.232023289e-20
2.293476965e-20
2.322305431e-20
1.872877366e-20
1.835322011e-20
1.359014613e-20
1.097232047e-20
1.181844641e-20
1.222584186e-20
1.35191776e-20
1.556715942e-20
1.730795423e-20
1.846138628e-20
2.396537093e-20
2.452007272e-20
2.395034564e-20
2.462164578e-20
2.320237789e-20
2.388083266e-20
2.850254607e-20
3.049540848e-20
3.151075741e-20
3.29072456e-20
3.079701402e-20
2.96095584e-20
3.238624595e-20
3.13831585e-20
3.308289321e-20
3.255397346e-20
3.062676852e-20
3.128786447e-20
2.824079102e-20
2.864463276e-20
2.876326495e-20
3.348876861e-20
3.633933729e-20
3.704813021e-20
3.678207356e-20
3.865516398e-20
3.83155303e-20
3.938934439e-20
3.968747594e-20
4.06579424e-20
3.897206319e-20
4.041143955e-20
4.180139779e-20
4.176387507e-20
4.220043347e-20
4.169742595e-20
4.030388444e-20
4.339639789e-20
4.085345911e-20
3.80973122e-20
3.609086896e-20
3.399118341e-20
3.268316832e-20
3.316385686e-20
3.539992773e-20
3.591486152e-20
3.360029064e-20
3.280490051e-20
2.915474528e-20
2.516295744e-20
2.321245136e-20
2.001298604e-20
1.598951421e-20
1.64733077e-20
1.498150636e-20
1.197413485e-20
1.311007243e-20
1.293788223e-20
1.148353155e-20
1.014454253e-20
1.056640695e-20
1.417171116e-20
1.524704795e-20
1.648838913e-20
1.51070426e-20
1.38275381e-20
1.048840726e-20
1.166762721e-20
1.275142775e-20
1.423010674e-20
1.673271611e-20
2.005371079e-20
2.04753698e-20
1.896440031e-20
1.633376175e-20
1.665293482e-20
1.485311115e-20
1.488502415e-20
1.705069349e-20
1.926403717e-20
1.930282324e-20
2.315798042e-20
2.760475345e-20
2.84387366e-20
2.736620874e-20
2.568048828e-20
2.383751183e-20
2.297128206e-20
2.234074195e-20
2.384785419e-20
2.450353641e-20
2.395226807e-20
2.720902042e-20
2.679991975e-20
2.638846804e-20
2.726253288e-20
2.368836288e-20
2.266657258e-20
2.365565874e-20
2.537719949e-20
2.387978142e-20
2.129537672e-20
1.975212727e-20
1.977778175e-20
1.800053716e-20
1.611791826e-20
1.771116892e-20
1.964620259e-20
1.783800672e-20
1.849634764e-20
1.451595742e-20
1.148690618e-20
9.734069363e-21
1.089930925e-20
1.361952315e-20
1.155878613e-20
1.162843713e-20
8.317933518e-21
1.205317406e-20
1.738642929e-20
1.859283997e-20
2.006845151e-20
2.238907838e-20
2.495432873e-20
2.767292709e-20
2.841506084e-20
2.956838584e-20
3.18326993e-20
3.335394448e-20
3.589065479e-20
3.660897457e-20
3.454361232e-20
3.519994195e-20
3.204435768e-20
3.3020188e-20
3.308207001e-20
3.580812065e-20
3.434694065e-20
3.329371982e-20
3.260641803e-20
3.096666001e-20
2.999904745e-20
2.819073575e-20
2.75707723e-20
2.632685245e-20
2.827795717e-20
2.571555523e-20
2.252072211e-20
2.598985008e-20
2.86037718e-20
2.674823844e-20
2.610259172e-20
2.749786811e-20
2.759633516e-20
2.731717691e-20
2.533946804e-20
2.692646224e-20
3.016521804e-20
3.246440577e-20
3.538049245e-20
4.120332968e-20
4.208071735e-20
4.084392944e-20
3.713397498e-20
3.436616182e-20
3.249676008e-20
3.522328311e-20
3.46021551e-20
3.504000346e-20
3.636520377e-20
3.671554014e-20
4.016441353e-20
4.122668217e-20
4.009974455e-20
4.161705508e-20
3.908474118e-20
4.096267857e-20
4.138821023e-20
4.302044753e-20
4.525693518e-20
4.444125176e-20
4.637920064e-20
5.060804496e-20
5.322916183e-20
5.372416115e-20
5.556956202e-20
5.836273111e-20
6.055042764e-20
5.855373775e-20
5.691997822e-20
5.554439516e-20
5.723390868e-20
5.664659884e-20
5.787365317e-20
5.824568596e-20
5.920423011e-20
6.146151727e-20
5.863854856e-20
6.060486257e-20
5.587856525e-20
5.15780436e-20
5.053457423e-20
5.166302078e-20
4.978159344e-20
5.046887843e-20
5.374234118e-20
5.632486004e-20
5.824990109e-20
5.669450207e-20
5.71087469e-20
5.650385896e-20
5.764869926e-20
6.000079211e-20
6.255400915e-20
6.39762951e-20
6.647311001e-20
6.756202289e-20
6.824435526e-20
6.762421801e-20
6.486436321e-20
6.224281712e-20
6.111403384e-20
6.230141203e-20
6.193660822e-20
6.191167793e-20
6.322464736e-20
6.472420883e-20
6.307053669e-20
5.904012431e-20
5.510152477e-20
5.226396054e-20
5.042742247e-20
5.130442494e-20
5.205210062e-20
5.055377328e-20
4.992864891e-20
5.148154749e-20
4.694392352e-20
4.560216199e-20
4.35049365e-20
4.104168127e-20
3.935202679e-20
3.615788422e-20
3.431911324e-20
3.042602727e-20
2.933886488e-20
2.656256924e-20
2.650850529e-20
2.542206525e-20
2.025892893e-20
1.893393321e-20
1.950263659e-20
1.918709678e-20
2.008591584e-20
1.795987821e-20
1.649957641e-20
1.600273036e-20
1.752305716e-20
1.955913249e-20
2.169907825e-20
2.379920149e-20
2.507993424e-20
2.673224184e-20
2.907229411e-20
2.807375803e-20
2.929251428e-20
2.610684675e-20
2.869326658e-20
3.083746085e-20
3.147304892e-20
3.339478852e-20
3.136149687e-20
3.068689032e-20
3.15248454e-20
3.104507378e-20
2.827499875e-20
2.660953735e-20
2.805024256e-20
2.6552076e-20
2.799103137e-20
3.02861645e-20
3.187485407e-20
3.261201237e-20
3.508465858e-20
3.367522577e-20
3.819633034e-20
4.359781775e-20
4.517778557e-20
4.75101112e-20
5.182934375e-20
5.270309883e-20
5.380778615e-20
5.500566945e-20
5.699468769e-20
5.740788601e-20
5.765571438e-20
5.801782877e-20
5.799667655e-20
5.616160699e-20
5.62453992e-20
5.721195775e-20
5.665073645e-20
5.710160714e-20
5.518267802e-20
5.591492272e-20
5.421082121e-20
5.436492057e-20
5.306027018e-20
5.027709072e-20
5.061126445e-20
5.016595633e-20
5.333985568e-20
5.570573024e-20
5.709160113e-20
6.021873708e-20
6.105539237e-20
6.35530459e-20
6.576710245e-20
6.389583976e-20
6.797251118e-20
6.580847184e-20
6.257693906e-20
6.286803724e-20
6.587530978e-20
6.829378766e-20
6.913781686e-20
7.268972198e-20
7.083408819e-20
6.64531903e-20
6.725203552e-20
6.691204214e-20
6.705779732e-20
6.849785981e-20
6.76067625e-20
6.711671327e-20
6.883375921e-20
6.479796727e-20
6.236083683e-20
6.070750466e-20
6.111076905e-20
5.972872199e-20
5.787007951e-20
5.88773282e-20
5.517704764e-20
5.244677126e-20
5.200573805e-20
5.12780922e-20
4.937676107e-20
5.026741734e-20
5.359587604e-20
5.404980779e-20
5.312120668e-20
5.489205974e-20
5.624646646e-20
5.53793749e-20
5.540021248e-20
5.463664213e-20
5.453224001e-20
5.8720555e-20
6.092252116e-20
6.018395415e-20
5.851287162e-20
6.128410725e-20
6.001684226e-20
5.770534841e-20
5.825459555e-20
5.856909603e-20
5.763587005e-20
5.486896839e-20
5.458055449e-20
5.336667494e-20
5.558531158e-20
5.491650177e-20
5.555447218e-20
5.71169018e-20
5.679327126e-20
5.649448825e-20
5.757264694e-20
5.606536832e-20
5.985735403e-20
6.103247654e-20
6.205421206e-20
6.232220187e-20
6.120827324e-20
5.979726764e-20
5.867285676e-20
5.60591224e-20
5.758031747e-20
5.885114122e-20
5.619964392e-20
5.522742083e-20
5.348028873e-20
5.14421279e-20
5.039891866e-20
5.249162794e-20
5.474169823e-20
5.257622526e-20
5.20406422e-20
5.03070723e-20
4.866168034e-20
4.632336294e-20
4.48025941e-20
4.710273433e-20
4.918422558e-20
5.076290785e-20
5.127075017e-20
4.958832971e-20
4.701110691e-20
4.807515345e-20
4.45621778e-20
4.377495813e-20
4.166490668e-20
4.021642677e-20
3.987304664e-20
4.275207689e-20
4.393691095e-20
4.25914544e-20
4.48613947e-20
4.818495312e-20
5.050455549e-20
4.866416764e-20
4.503537424e-20
4.343582954e-20
3.892880935e-20
3.61992678e-20
3.726858925e-20
3.541792451e-20
3.592644538e-20
3.662183011e-20
3.328365692e-20
3.066208673e-20
2.862885788e-20
2.651535687e-20
2.428897147e-20
2.328476271e-20
2.121584143e-20
1.891883671e-20
1.78350099e-20
1.933636975e-20
1.888680288e-20
1.860220825e-20
1.597141618e-20
1.504806975e-20
1.575581684e-20
1.737399313e-20
1.861809875e-20
1.797512246e-20
1.582734243e-20
1.244614186e-20
1.176837378e-20
1.023090601e-20
7.92055982e-21
5.205625e-21
3.862583679e-21
2.656998129e-21
1.464920497e-22
-2.039909558e-21
-3.926846258e-21
-2.533345519e-21
-2.876405513e-21
-3.490531972e-21
-7.279786206e-21
-7.479899122e-21
-4.747208886e-21
-5.158433212e-21
-3.868901432e-21
-2.768425533e-21
-1.246614233e-21
-1.097907509e-21
-2.549927462e-21
-4.098860692e-21
-2.60316546e-21
-6.159884186e-21
-1.058380135e-20
-1.228345276e-20
-1.389737673e-20
-1.383821158e-20
-1.334314501e-20
-1.35130407e-20
-1.415126631e-20
-1.433569802e-20
-1.612677294e-20
-1.955121135e-20
-1.880068291e-20
-1.795664631e-20
-2.013295484e-20
-1.916980276e-20
-1.657542769e-20
-1.441822743e-20
-1.053606998e-20
-1.204593224e-20
-1.401466772e-20
-1.391561594e-20
-1.193213655e-20
-1.093764126e-20
-9.364447699e-21
-7.233220849e-21
-8.513401149e-21
-1.052824184e-20
-1.028393899e-20
-1.121929041e-20
-1.23979117e-20
-1.128488864e-20
-1.087992691e-20
-1.099625687e-20
-1.312893375e-20
-1.341201453e-20
-1.345230282e-20
-1.543145185e-20
-1.443124998e-20
-1.239719093e-20
-1.187332316e-20
-1.365945774e-20
-1.530328046e-20
-1.983071749e-20
-2.342367306e-20
-2.556925623e-20
-2.736097753e-20
-2.893333849e-20
-3.111475743e-20
-2.985905711e-20
-3.216640351e-20
-3.252275447e-20
-3.208060567e-20
-2.991111528e-20
-3.113194228e-20
-3.031685887e-20
-3.499845811e-20
-3.688719252e-20
-3.921633053e-20
-3.867040223e-20
-3.898838442e-20
-4.079179576e-20
-4.102457545e-20
-4.035602574e-20
-3.847796813e-20
-3.593137077e-20
-3.36181058e-20
-3.373243188e-20
-3.222068542e-20
-3.077449334e-20
-2.952140431e-20
-2.637354677e-20
-2.439798143e-20
-1.994360274e-20
-2.089540729e-20
-1.974905641e-20
-2.211514521e-20
-2.353132043e-20
-2.339291944e-20
-2.13874073e-20
-2.198964854e-20
-2.016942523e-20
-2.030038061e-20
-1.922679865e-20
-1.762760256e-20
-1.674853931e-20
-1.7437676e-20
-1.568766552e-20
-9.943205371e-21
-4.978664036e-21
-2.544392671e-21
2.305740727e-21
5.145943007e-21
6.11973093e-21
6.585935431e-21
6.480204595e-21
4.911334974e-21
2.686661908e-21
6.045726154e-22
6.953587222e-22
2.595287004e-21
5.699248946e-21
4.039914979e-21
3.197191177e-21
1.220154423e-21
3.125979706e-21
8.701036342e-22
2.183150256e-21
1.532701058e-21
-2.808283178e-22
8.557938897e-22
1.539857812e-21
9.956120716e-22
3.078772134e-21
2.947410879e-21
1.832288425e-22
-4.809692322e-21
-9.264844591e-21
-1.074183484e-20
-1.596038204e-20
-1.731059566e-20
-1.757208184e-20
-1.962777759e-20
-2.16095531e-20
-1.961625714e-20
-2.105863658e-20
-1.99260764e-20
-2.108653686e-20
-2.004240056e-20
-1.964375124e-20
-1.726111347e-20
-1.843189036e-20
-1.820602428e-20
-1.944332172e-20
-1.791622636e-20
-1.749522813e-20
-1.758323072e-20
-1.637268176e-20
-1.59073415e-20
-1.72610771e-20
-1.914519865e-20
-1.829174941e-20
-1.726240286e-20
-1.6045749e-20
-1.712537356e-20
-1.789005449e-20
-1.634247165e-20
-1.794863235e-20
-1.829594029e-20
-1.83999061e-20
-1.61115403e-20
-1.763378473e-20
-2.037961984e-20
-2.153339483e-20
-1.92991838e-20
-2.019824829e-20
-2.607199942e-20
-2.642275464e-20
-2.848618167e-20
-2.888389857e-20
-2.945485425e-20
-3.039199841e-20
-2.942447509e-20
-3.071358849e-20
-3.290152415e-20
-3.778942677e-20
-3.991392124e-20
-4.161595704e-20
-4.391723368e-20
-4.574984287e-20
-4.820599672e-20
-4.975509496e-20
-5.120109614e-20
-5.066293923e-20
-5.143459594e-20
-5.001683605e-20
-4.772096868e-20
-4.830304199e-20
-5.144013461e-20
-5.367364302e-20
-5.57106296e-20
-5.81739252e-20
-5.900902503e-20
-6.051707405e-20
-6.128861561e-20
-5.982729641e-20
-5.918728683e-20
-5.894714758e-20
-5.665981816e-20
-5.482263178e-20
-5.274706405e-20
-5.075438638e-20
-5.282772577e-20
-5.434770066e-20
-5.553384217e-20
-5.309052252e-20
-5.035089984e-20
-4.998901263e-20
-4.795304202e-20
-4.773562816e-20
-4.896895211e-20
-4.532481931e-20
-4.461216924e-20
-4.280924629e-20
-4.100693772e-20
-3.882518161e-20
-3.749465943e-20
-3.725849314e-20
-3.823838202e-20
-3.408254764e-20
-3.386530954e-20
-3.454194634e-20
-3.230777104e-20
-3.118290976e-20
-3.032367681e-20
-2.931538929e-20
-2.82412268e-20
-2.750083016e-20
-2.611900459e-20
-2.330638123e-20
-1.999228824e-20
-1.725860921e-20
-1.381942423e-20
-1.053672153e-20
-6.824490153e-21
-5.141048848e-21
-5.87691365e-21
-7.018087006e-21
-4.782695341e-21
-6.028478365e-21
-5.766702014e-21
-4.083191671e-21
-6.110945996e-21
-6.805049341e-21
-5.691504534e-21
-6.797618025e-21
-2.910725801e-21
-9.719915214e-22
-1.644803948e-21
-2.550598539e-21
-3.430497344e-21
-2.415490322e-21
9.296316228e-22
-6.707294763e-22
1.005691886e-21
2.245929985e-21
2.900492253e-21
1.338723413e-21
7.413783688e-22
-4.17728546e-22
5.424741541e-22
8.082770857e-22
2.579034491e-21
2.03562294e-21
9.786506828e-22
1.180727206e-21
-1.394680742e-21
4.770491037e-22
1.799625326e-21
1.891387787e-21
4.460472975e-21
6.145934179e-21
7.018345901e-21
4.823460947e-21
4.503863488e-21
4.806068554e-21
2.603906209e-21
3.600859138e-21
9.270655479e-22
3.195213451e-21
3.207229301e-21
4.093481916e-21
1.543137929e-21
4.178836329e-22
9.53262361e-22
2.976684234e-21
2.867327475e-21
2.514218964e-21
4.600455054e-21
4.654340649e-21
8.032893814e-21
1.07313786e-20
1.201494782e-20
1.468565812e-20
1.499076072e-20
1.71993184e-20
1.465196421e-20
1.031073831e-20
9.533959153e-21
9.415273767e-21
9.227799731e-21
1.062961198e-20
1.229040898e-20
1.370414892e-20
1.740264668e-20
1.486607793e-20
1.475517375e-20
1.428067162e-20
1.425949916e-20
1.611231975e-20
1.780916331e-20
1.328436263e-20
1.146573536e-20
1.415268102e-20
1.572421095e-20
1.73921621e-20
1.458284795e-20
1.469458666e-20
1.663707107e-20
1.744575098e-20
1.71209049e-20
1.507811391e-20
1.794077845e-20
2.025606895e-20
2.151689491e-20
2.384251806e-20
2.671693527e-20
2.235556314e-20
2.464856112e-20
2.607631494e-20
2.33953771e-20
2.485004636e-20
2.345481889e-20
2.435464533e-20
2.789358853e-20
2.665317513e-20
2.457236738e-20
2.384066996e-20
1.965620474e-20
2.01348013e-20
1.677256581e-20
1.646577631e-20
1.789672836e-20
1.790933421e-20
1.893573019e-20
1.919351621e-20
1.886156137e-20
1.564163683e-20
1.785308169e-20
1.859881246e-20
1.717441668e-20
1.371405343e-20
1.12971849e-20
1.166255968e-20
1.176722939e-20
1.295345018e-20
1.221140723e-20
1.608412082e-20
2.019874932e-20
2.167309473e-20
1.985288495e-20
1.787845913e-20
1.556898777e-20
1.463235693e-20
1.511110329e-20
1.604705527e-20
1.656882612e-20
1.518273952e-20
1.603525382e-20
1.507643631e-20
1.553620026e-20
1.544530222e-20
1.473739453e-20
1.542200838e-20
1.453966191e-20
1.625564876e-20
1.433293961e-20
1.597477022e-20
1.520867612e-20
1.361733777e-20
9.112983432e-21
9.266777024e-21
1.163031612e-20
1.095413518e-20
1.015056351e-20
9.93937751e-21
7.847002284e-21
9.252854791e-21
8.791737395e-21
7.515572726e-21
5.377987202e-21
4.866590466e-21
3.188993672e-21
-9.213891589e-22
-2.981148225e-21
-1.506275941e-21
7.23972701e-22
1.251966059e-21
8.464036052e-22
-6.893576125e-22
-3.232942852e-21
-6.091397727e-21
-3.862462173e-21
-1.367863159e-21
-6.165229255e-22
-3.632686109e-21
-2.718586163e-21
-5.406225913e-21
-6.169400333e-21
-4.04869368e-21
-3.735155431e-21
-5.308418082e-21
-3.836585615e-21
-2.194672468e-21
-2.98415545e-21
-4.839268738e-21
-7.716039151e-21
-7.019677007e-21
-6.383931027e-21
-2.507119664e-21
-2.727088296e-21
-1.662287162e-21
-3.382213216e-21
-3.583807227e-21
-1.694724365e-21
-4.155491863e-21
-6.317974048e-21
-1.017168874e-20
-1.235924438e-20
-1.382172297e-20
-1.167462236e-20
-1.10731082e-20
-1.221011036e-20
-1.214434044e-20
-8.536274185e-21
-5.912232737e-21
-6.766464131e-21
-4.984717939e-21
-5.144184102e-21
-6.263058916e-21
-3.931937282e-21
-4.003143475e-21
-1.71076615e-21
3.238146522e-21
5.672771481e-21
1.049847853e-20
1.346568994e-20
1.530125655e-20
1.377667732e-20
1.230248792e-20
1.2803412e-20
1.507623157e-20
1.967833262e-20
2.178574897e-20
2.650331066e-20
2.723929801e-20
2.838685084e-20
2.964902832e-20
3.231874063e-20
3.348677463e-20
3.297922408e-20
3.569484502e-20
3.558723768e-20
3.740715154e-20
4.061672816e-20
4.101286954e-20
4.28336325e-20
4.383290637e-20
4.240400889e-20
3.936008238e-20
3.682619417e-20
3.727073296e-20
3.502159565e-20
3.293115304e-20
3.502339836e-20
3.454638433e-20
3.418845424e-20
3.565597198e-20
3.706282501e-20
3.842977614e-20
3.881362958e-20
4.304029333e-20
4.37955264e-20
4.568595708e-20
4.540111436e-20
4.507173464e-20
4.551229438e-20
4.405036182e-20
4.644908235e-20
4.576328585e-20
4.43696362e-20
4.399159321e-20
4.263221919e-20
4.440375922e-20
4.543851438e-20
4.383385202e-20
4.114855333e-20
4.041176224e-20
4.158814397e-20
4.012011481e-20
3.784271046e-20
4.070224292e-20
4.20578401e-20
4.006575907e-20
3.659797184e-20
3.62599871e-20
3.481144368e-20
3.347177e-20
3.359179751e-20
3.453791622e-20
3.69510182e-20
3.894225816e-20
4.198228819e-20
4.335181335e-20
4.583182592e-20
4.88020966e-20
4.818169996e-20
4.67615799e-20
4.597318066e-20
4.925129912e-20
4.998972027e-20
4.79517444e-20
4.751851203e-20
4.866415621e-20
4.645089491e-20
4.665595157e-20
4.549782285e-20
4.349011634e-20
4.194086857e-20
4.388410583e-20
4.290335735e-20
4.525345875e-20
4.479510107e-20
4.398069944e-20
4.356369538e-20
4.190665043e-20
4.284916199e-20
4.337801994e-20
4.48839275e-20
4.713984578e-20
4.647370621e-20
4.479906344e-20
4.063860742e-20
3.927864509e-20
3.876370268e-20
4.231673078e-20
4.194082564e-20
3.998239137e-20
3.717895458e-20
3.372178542e-20
3.099267549e-20
3.089545464e-20
2.969437474e-20
2.878180519e-20
2.838666659e-20
2.618551645e-20
2.279925152e-20
1.842172864e-20
1.237305662e-20
1.144974122e-20
7.11149506e-21
4.080648923e-21
3.448376173e-22
-1.472093901e-21
-5.981824004e-21
-7.899175837e-21
-1.242805965e-20
-1.385822113e-20
-1.784566719e-20
-2.09066718e-20
-2.369759035e-20
-2.710843353e-20
-3.290675992e-20
-3.188493083e-20
-3.250692718e-20
-3.454792563e-20
-3.624229106e-20
-3.762192848e-20
-3.88790419e-20
-3.958875536e-20
-4.324741658e-20
-4.747442847e-20
-4.635503085e-20
-4.926055846e-20
-4.682267539e-20
-4.575736022e-20
-4.470183503e-20
-4.621506098e-20
-4.382248737e-20
-4.48007815e-20
-4.38501371e-20
-4.22021073e-20
-3.693762163e-20
-3.259681608e-20
-3.067393136e-20
-2.81338859e-20
-2.738638385e-20
-2.587346364e-20
-2.7333022e-20
-2.514255788e-20
-2.472725078e-20
-2.616792437e-20
-2.476274012e-20
-2.447154579e-20
-2.38237754e-20
-2.195627877e-20
-2.133031044e-20
-2.500644819e-20
-2.679928801e-20
-2.600433109e-20
-2.678941498e-20
-2.933786463e-20
-3.18231153e-20
-2.986721819e-20
-3.034867965e-20
-2.931099366e-20
-2.777206451e-20
-2.908357137e-20
-3.103626808e-20
-3.22967424e-20
-3.546951826e-20
-3.740820027e-20
-3.913499684e-20
-4.067582045e-20
-3.873359659e-20
-3.777337191e-20
-3.995838647e-20
-4.07352313e-20
-4.043471548e-20
-3.96031882e-20
-3.844644875e-20
-3.811579564e-20
-4.199005589e-20
-4.156205502e-20
-3.987306374e-20
-3.673453629e-20
-3.188598822e-20
-3.307635316e-20
-3.665095504e-20
-3.396802833e-20
-3.177102621e-20
-3.222341846e-20
-3.180222948e-20
-3.622401188e-20
-3.864942763e-20
-3.983355398e-20
-4.047611236e-20
-3.85962675e-20
-4.060156007e-20
-4.053962093e-20
-4.226138449e-20
-4.444646589e-20
-4.218913367e-20
-3.973537018e-20
-4.067680693e-20
-3.896526603e-20
-3.993449178e-20
-4.135052164e-20
-4.394257797e-20
-4.536776015e-20
-4.568951476e-20
-4.601160354e-20
-4.932438454e-20
-4.892155592e-20
-5.070365793e-20
-5.109467181e-20
-4.957684594e-20
-4.528956953e-20
-4.388566762e-20
-4.227562378e-20
-4.368862363e-20
-4.329804637e-20
-4.390756295e-20
-3.965115809e-20
-3.740600436e-20
-3.899714873e-20
-3.706096047e-20
-3.584972095e-20
-3.673136982e-20
-3.538370092e-20
-3.341198246e-20
-3.073564065e-20
-2.921218648e-20
-2.866928781e-20
-2.971005816e-20
-2.813400332e-20
-2.904664464e-20
-3.181120252e-20
-3.60355783e-20
-3.682800167e-20
-3.438168567e-20
-3.556475229e-20
-3.750518875e-20
-3.635318533e-20
-3.784131022e-20
-4.12859098e-20
-4.333345968e-20
-4.381179504e-20
-4.201743042e-20
-4.19251397e-20
-3.940708967e-20
-3.881354795e-20
-3.641313042e-20
-3.508586191e-20
-3.634516113e-20
-4.003940494e-20
-3.982317738e-20
-4.333177421e-20
-4.686789237e-20
-4.722357347e-20
-4.952004085e-20
-4.661813727e-20
-4.544911382e-20
-4.752856919e-20
-4.268447319e-20
-4.027505748e-20
-4.135811709e-20
-4.26549975e-20
-4.167085152e-20
-4.172509559e-20
-4.352860375e-20
-4.378299299e-20
-4.50716301e-20
-4.419413262e-20
-4.230326472e-20
-3.908225665e-20
-3.957638251e-20
-3.920598743e-20
-3.994813539e-20
-4.183743459e-20
-4.210813929e-20
-4.397580072e-20
-4.494389132e-20
-4.114194887e-20
-4.028234863e-20
-3.724490708e-20
-3.473117722e-20
-3.111705479e-20
-2.866914688e-20
-2.99337078e-20
-2.925519258e-20
-2.838522315e-20
-3.011731963e-20
-3.109450572e-20
-2.937062309e-20
-2.70033177e-20
-2.772281982e-20
-2.645734348e-20
-2.925757275e-20
-2.987102883e-20
-3.392584525e-20
-3.392774179e-20
-3.640480277e-20
-3.695067986e-20
-3.680280957e-20
-4.162578795e-20
-4.25210017e-20
-4.37272735e-20
-4.753786618e-20
-4.776015219e-20
-4.894779102e-20
-5.438090616e-20
-5.780241613e-20
-5.852243917e-20
-5.76761782e-20
-6.033933991e-20
-6.15441191e-20
-6.102519138e-20
-6.239798742e-20
-6.039489432e-20
-6.175499828e-20
-5.937869576e-20
-5.720858565e-20
-5.470285445e-20
-5.382964575e-20
-5.149908052e-20
-5.084380196e-20
-4.901387218e-20
-4.696548705e-20
-4.552371164e-20
-4.093332702e-20
-3.833344685e-20
-3.634550406e-20
-3.692405278e-20
-3.97209937e-20
-3.877099019e-20
-3.834420042e-20
-3.459946401e-20
-3.457034444e-20
-3.30030124e-20
-2.890483464e-20
-2.44737456e-20
-2.734391826e-20
-2.714455524e-20
-2.683772323e-20
-2.422868682e-20
-2.16016053e-20
-1.972349921e-20
-1.800284309e-20
-1.658504275e-20
-1.79519158e-20
-1.788685561e-20
-1.70223869e-20
-1.593698854e-20
-1.805264855e-20
-1.987337199e-20
-2.010221775e-20
-2.097861962e-20
-2.324404291e-20
-2.544339432e-20
-2.724734894e-20
-2.904098254e-20
-3.037964274e-20
-3.353588508e-20
-3.58869322e-20
-3.823891841e-20
-4.065875439e-20
-4.064816044e-20
-4.186530324e-20
-4.109682222e-20
-3.924375423e-20
-3.944938905e-20
-4.284363938e-20
-4.25686998e-20
-4.481883433e-20
-4.668701339e-20
-4.611840964e-20
-4.574969634e-20
-4.40121396e-20
-4.692900962e-20
-4.579015684e-20
-4.910326311e-20
-5.174275412e-20
-5.270398984e-20
-5.205723533e-20
-5.505385742e-20
-5.657871088e-20
-5.031416189e-20
-4.880060179e-20
-4.961423158e-20
-5.004889536e-20
-4.750611934e-20
-4.754554403e-20
-4.643809983e-20
-4.438906228e-20
-4.588224675e-20
-4.637596769e-20
-4.582695071e-20
-4.851992532e-20
-5.158112068e-20
-5.002513626e-20
-5.174389713e-20
-4.96712914e-20
-4.983302236e-20
-4.921110966e-20
-4.966083657e-20
-4.958261935e-20
-4.805745914e-20
-4.600547025e-20
-4.212827064e-20
-3.926092683e-20
-3.952688845e-20
-4.082871399e-20
-3.831817628e-20
-3.433790037e-20
-3.343254776e-20
-3.429879698e-20
-3.262228965e-20
-2.840737555e-20
-2.749528086e-20
-2.445650043e-20
-1.996507276e-20
-1.881733269e-20
-1.598663641e-20
-1.62169607e-20
-1.470304547e-20
-1.635721251e-20
-1.477815808e-20
-1.332949684e-20
-1.270411204e-20
-1.37991993e-20
-1.338641573e-20
-9.764384702e-21
-6.750148063e-21
-6.933291255e-21
-9.715423571e-21
-1.103829455e-20
-1.195513167e-20
-9.657631125e-21
-9.167172004e-21
-9.60434741e-21
-7.123408264e-21
-4.569908449e-21
-1.276224503e-21
1.918552705e-21
6.295460684e-21
9.841689365e-21
8.141282413e-21
1.043146003e-20
1.535221334e-20
1.849736736e-20
1.742126523e-20
1.917547808e-20
2.020425878e-20
2.477721258e-20
2.528395965e-20
2.373132261e-20
2.29072022e-20
2.001695726e-20
2.009241356e-20
1.873978126e-20
1.660883804e-20
1.220439004e-20
1.041018077e-20
7.297948102e-21
6.376403782e-21
5.763167306e-21
2.462659226e-21
1.885720874e-21
3.706096018e-22
-2.495372868e-21
-4.123105417e-21
-2.772676109e-21
-1.127408121e-22
1.50977039e-21
1.628000422e-21
-5.474498124e-22
-1.437219133e-21
-1.835954749e-21
-5.692449474e-22
3.591406308e-21
5.220699742e-21
7.379381515e-21
1.268795461e-20
1.159036585e-20
1.334140092e-20
1.481784589e-20
1.487743042e-20
1.295636558e-20
1.14635397e-20
9.828522931e-21
1.196951299e-20
1.043263291e-20
9.733318963e-21
9.304552544e-21
9.569979557e-21
7.043178722e-21
5.386981381e-21
3.996284143e-21
5.114570078e-21
6.840551089e-21
6.102557813e-21
7.131528041e-21
9.613569856e-21
1.250351674e-20
1.274955318e-20
1.044917381e-20
7.892338204e-21
4.532118528e-21
6.986070829e-21
6.872175778e-21
7.81947809e-21
1.011391248e-20
1.084108692e-20
1.101689138e-20
1.230620386e-20
1.205923992e-20
1.479419954e-20
1.649101926e-20
1.665072881e-20
1.834998707e-20
1.581533973e-20
1.832718727e-20
1.63999838e-20
1.463536966e-20
1.551077365e-20
1.72631779e-20
1.807784302e-20
1.624219196e-20
1.755848758e-20
1.638935574e-20
1.619694723e-20
1.639414879e-20
1.638217822e-20
1.417478759e-20
1.527523648e-20
1.742912538e-20
1.955374497e-20
1.835695361e-20
1.835776247e-20
1.58023025e-20
1.709579776e-20
1.812796344e-20
1.757366437e-20
1.786918774e-20
1.612381631e-20
1.24447949e-20
1.08498981e-20
1.152182346e-20
1.058443023e-20
1.087743645e-20
1.010499858e-20
8.411043697e-21
7.585703645e-21
6.564868555e-21
5.986868132e-21
2.574350257e-21
8.11831262e-22
9.345642347e-22
1.534995143e-21
1.80559774e-21
3.823669871e-21
5.094011036e-21
4.041870846e-21
4.600723678e-21
3.743968409e-21
3.43700607e-21
4.256340156e-21
6.993941686e-21
7.417944234e-21
7.05605124e-21
6.801886007e-21
5.522228201e-21
4.892272048e-21
6.244591603e-21
4.793602746e-21
3.174389011e-21
2.522742979e-21
5.015982245e-21
5.034099825e-21
5.034487529e-21
6.62539668e-21
4.390407903e-21
3.063820281e-21
4.597935503e-21
5.0783764e-21
5.937221011e-21
3.821527774e-21
4.30566145e-21
2.05500734e-21
2.653517572e-21
4.279389626e-21
4.484139697e-21
2.57287862e-21
2.860961212e-21
3.005274149e-21
3.513878442e-21
4.041150539e-21
4.294021204e-21
5.332799994e-21
3.277310038e-21
3.772319744e-22
-1.905094151e-21
3.89435843e-22
-1.498362387e-21
-2.410540159e-21
-4.210230193e-22
1.947851879e-21
3.734701763e-21
5.082568641e-21
7.30159043e-21
5.654757007e-21
3.2384648e-21
5.074309606e-22
-2.435437483e-22
4.389947365e-22
-1.154212827e-21
-2.499142207e-21
-1.517848514e-21
-3.087694453e-21
-2.782002059e-21
-5.197391711e-21
-3.020167599e-21
-2.306175946e-21
-4.313476106e-21
-5.133684249e-21
-4.946803039e-21
-8.050512705e-21
-5.935606476e-21
-4.651540438e-21
-7.025307015e-21
-6.093280306e-21
-3.666044639e-21
-2.05162544e-21
-2.965430486e-21
-1.670592323e-21
-1.753154235e-21
-6.717513046e-21
-9.578839574e-21
-1.292434681e-20
-1.26112998e-20
-1.402762213e-20
-1.494287534e-20
-1.497011974e-20
-1.507725146e-20
-1.709132166e-20
-1.663523328e-20
-1.608283895e-20
-1.52405509e-20
-1.505230487e-20
-1.822889339e-20
-2.261625298e-20
-2.711743987e-20
-2.838281102e-20
-2.859864287e-20
-3.083394677e-20
-3.176294304e-20
-2.933738104e-20
-3.290888512e-20
-3.691300844e-20
-3.837620762e-20
-4.169962835e-20
-4.368450119e-20
-4.433161338e-20
-4.662551322e-20
-4.863776495e-20
-4.856877504e-20
-4.754287589e-20
-4.50826889e-20
-4.46478244e-20
-4.484934873e-20
-4.347895115e-20
-4.271791449e-20
-3.600114276e-20
-3.125996e-20
-2.884635847e-20
-2.676032138e-20
-2.393166559e-20
-2.296933553e-20
-2.462291264e-20
-2.477785773e-20
-2.412395289e-20
-2.33365231e-20
-2.266942407e-20
-2.032614751e-20
-1.518793154e-20
-1.267740565e-20
-1.156023294e-20
-1.137075431e-20
-1.348090215e-20
-1.796091768e-20
-2.121382487e-20
-2.271973731e-20
-2.537225933e-20
-2.399600784e-20
-2.415447296e-20
-2.266156271e-20
-2.317155394e-20
-2.140151e-20
-2.198846944e-20
-2.157779651e-20
-2.366453729e-20
-2.271327138e-20
-2.416649494e-20
-2.223645777e-20
-2.024302925e-20
-1.972676392e-20
-1.834458875e-20
-1.584369523e-20
-1.164642884e-20
-1.394154117e-20
-1.551756806e-20
-1.591151621e-20
-1.550618554e-20
-1.849576183e-20
-1.964139498e-20
-2.111406731e-20
-2.335194649e-20
-2.115159375e-20
-2.003325473e-20
-2.071518098e-20
-1.880725968e-20
-1.343877238e-20
-1.221875692e-20
-9.259145381e-21
-5.891593193e-21
-3.325030196e-21
-5.872159947e-21
-4.324287325e-21
-3.569937912e-21
-4.987675226e-21
-3.549630611e-21
-1.68299714e-21
5.940536593e-22
-1.08738778e-21
-1.486134745e-22
1.024181262e-21
-5.792448626e-24
-3.406934294e-22
-5.962900209e-21
-8.220993271e-21
-9.537392216e-21
-1.210743864e-20
-1.580632681e-20
-1.550770019e-20
-1.644539974e-20
-1.542572024e-20
-1.614086586e-20
-1.620471824e-20
-1.662279232e-20
-1.260173081e-20
-1.125451823e-20
-1.242706736e-20
-1.098001729e-20
-9.964481306e-21
-9.762392333e-21
-9.744108804e-21
-7.405570153e-21
-4.441479993e-21
-5.516411467e-21
-4.157422174e-21
-5.517493197e-21
-8.274387486e-21
-7.411538794e-21
-6.962851171e-21
-9.444982648e-21
-1.408335135e-20
-1.388345708e-20
-1.548444197e-20
-1.825695686e-20
-1.682318362e-20
-1.887588657e-20
-1.717621511e-20
-1.503363049e-20
-1.618761468e-20
-1.819733096e-20
-2.025947015e-20
-2.168341168e-20
-2.228221353e-20
-2.19863127e-20
-2.046150276e-20
-2.373945525e-20
-2.451365004e-20
-2.163801236e-20
-1.988018698e-20
-1.970643005e-20
-1.756241661e-20
-1.960080054e-20
-1.790385333e-20
-1.579543511e-20
-1.360548925e-20
-9.169343452e-21
-8.083924754e-21
-6.37708089e-21
-8.312423174e-21
-6.635113572e-21
-6.634962485e-21
-6.382981332e-21
-3.911176615e-21
-2.531809443e-21
-3.067164754e-21
-3.405199782e-21
-5.788263637e-21
-4.95895595e-21
-6.317154028e-21
-6.071595141e-21
-1.025306587e-20
-1.210756931e-20
-1.379412017e-20
-1.871172048e-20
-2.371624705e-20
-2.605406709e-20
-2.682138463e-20
-2.938051529e-20
-3.450523526e-20
-3.546987087e-20
-3.726696026e-20
-3.703053229e-20
-3.736118855e-20
-4.011778243e-20
-3.94193472e-20
-3.855496502e-20
-3.762199055e-20
-3.497590737e-20
-3.266292899e-20
-3.401590957e-20
-3.51745526e-20
-3.780593286e-20
-3.837497727e-20
-4.006642735e-20
-3.835004384e-20
-3.562489727e-20
-3.391170412e-20
-3.201588162e-20
-3.038048223e-20
-2.857366118e-20
-2.884184719e-20
-2.606378013e-20
-2.675071244e-20
-2.613353406e-20
-2.481424382e-20
-2.385458319e-20
-2.49108698e-20
-2.454957217e-20
-2.48320542e-20
-2.403339693e-20
-2.321045106e-20
-2.350534395e-20
-2.376556229e-20
-2.509317516e-20
-2.629809877e-20
-2.905047723e-20
-2.88990647e-20
-2.776965003e-20
-2.697721862e-20
-2.626169215e-20
-2.780606249e-20
-2.598035148e-20
-2.644426332e-20
-2.282922612e-20
-1.976890834e-20
-1.921718046e-20
-1.655920855e-20
-1.672930676e-20
-1.782028781e-20
-1.758583961e-20
-1.7420702e-20
-1.865552812e-20
-2.069819723e-20
-2.115584284e-20
-2.027571705e-20
-2.008089334e-20
-2.109578435e-20
-2.146770701e-20
-2.317436932e-20
-2.730002337e-20
-2.74158284e-20
-2.799828345e-20
-2.974502718e-20
-3.227130279e-20
-3.226899267e-20
-3.038194489e-20
-2.759513005e-20
-2.658858185e-20
-3.022120935e-20
-3.375154594e-20
-3.75658705e-20
-3.998440413e-20
-4.029559864e-20
-4.149369123e-20
-4.172621431e-20
-4.060537438e-20
-4.384965032e-20
-4.050607568e-20
-4.39667781e-20
-4.370440205e-20
-4.46105752e-20
-4.611522122e-20
-4.492019412e-20
-4.38920222e-20
-4.356006229e-20
-4.305119086e-20
-4.504078884e-20
-4.344143736e-20
-4.194071327e-20
-4.672734826e-20
-4.750889104e-20
-4.43724259e-20
-4.458044573e-20
-4.295018957e-20
-4.028557868e-20
-3.918424849e-20
-3.827905733e-20
-3.686887063e-20
-3.782973859e-20
-3.941461762e-20
-3.964603415e-20
-3.92129745e-20
-4.152057763e-20
-4.092061736e-20
-3.959177086e-20
-3.716069919e-20
-3.621019322e-20
-3.561967018e-20
-3.359113883e-20
-3.278084925e-20
-2.9825682e-20
-2.76616629e-20
-2.596110978e-20
-2.263307182e-20
-2.025620393e-20
-2.107724862e-20
-2.257978628e-20
-2.341415114e-20
-1.931997326e-20
-1.837630067e-20
-1.687162988e-20
-1.573045112e-20
-1.524031429e-20
-1.675768859e-20
-1.674424076e-20
-1.83183633e-20
-2.021433236e-20
-1.824395629e-20
-1.54478697e-20
-1.254425517e-20
-1.167178109e-20
-9.424705838e-21
-1.220984943e-20
-1.329250192e-20
-1.335085326e-20
-1.372806554e-20
-1.320478888e-20
-1.191473453e-20
-1.057853583e-20
-6.76843023e-21
-5.268301652e-21
-5.484915205e-21
-2.876613752e-21
-9.250875378e-22
1.640292813e-21
7.013824191e-21
3.357425224e-21
3.025399906e-21
2.84338324e-21
2.368289889e-21
4.125833115e-21
4.784415077e-21
5.996871183e-21
5.866502415e-21
1.010721691e-20
1.233876781e-20
1.356131099e-20
1.256286945e-20
9.597054773e-21
7.389258038e-21
5.328446421e-21
7.634270401e-21
7.972658644e-21
9.489457267e-21
1.086557181e-20
9.697376491e-21
1.05103571e-20
6.33861923e-21
7.966344779e-21
6.324225042e-21
1.214436155e-20
1.400938418e-20
1.771219042e-20
1.916237295e-20
1.782464531e-20
1.557395891e-20
1.8042841e-20
1.998415227e-20
2.440923227e-20
2.864540896e-20
2.811481163e-20
2.480555549e-20
2.467592543e-20
2.1707888e-20
2.076129714e-20
1.93050077e-20
1.737457084e-20
1.449943754e-20
1.088131147e-20
9.536968345e-21
1.165518293e-20
1.247044102e-20
1.284668284e-20
1.346506909e-20
1.21741071e-20
9.917856402e-21
7.013117281e-21
5.574126126e-21
8.869359101e-21
9.32462081e-21
1.226929287e-20
1.651703745e-20
1.853811817e-20
1.670416745e-20
1.923966124e-20
1.923058201e-20
1.874597687e-20
1.906388585e-20
1.963365457e-20
1.852571494e-20
1.866567145e-20
1.736612582e-20
1.356882065e-20
8.135768415e-21
6.127973825e-21
5.408474046e-21
1.893913362e-21
-6.275215234e-22
2.741511106e-22
1.513042713e-21
2.563148858e-21
3.522715393e-21
1.963513732e-21
4.252202929e-21
5.312992974e-21
4.782626668e-21
-7.953605369e-23
-3.27142206e-21
-3.195641192e-21
-5.886520635e-21
-5.778888355e-21
-3.36537421e-21
-2.432222398e-21
-2.750382414e-21
-4.455907389e-21
-2.976780734e-21
-1.296574567e-21
1.519130016e-21
3.559625756e-21
4.908482009e-21
6.458164636e-21
8.286481089e-21
7.533531613e-21
3.231877599e-21
6.161316137e-22
-6.207525103e-22
-4.431290544e-21
-4.610584582e-21
-5.82991926e-21
-3.890795734e-21
-6.604684491e-21
-8.22124624e-21
-1.024320506e-20
-1.004311494e-20
-1.302278652e-20
-1.574652584e-20
-1.742135736e-20
-1.925805829e-20
-1.964610043e-20
-1.993400583e-20
-1.920812405e-20
-2.010434534e-20
-2.100080279e-20
-2.085096861e-20
-1.904433677e-20
-1.849046307e-20
-1.665515681e-20
-1.523154974e-20
-1.287647439e-20
-9.7857253e-21
-9.460252074e-21
-1.073653822e-20
-8.128529848e-21
-9.016387817e-21
-1.033212493e-20
-1.343199507e-20
-1.699113624e-20
-1.861001171e-20
-2.073846259e-20
-2.11744963e-20
-2.419063789e-20
-2.464755543e-20
-2.669533702e-20
-2.653076861e-20
-2.802514074e-20
-2.708206935e-20
-2.454249172e-20
-2.25648797e-20
-2.481422098e-20
-2.485518913e-20
-2.658950742e-20
-2.780438452e-20
-2.700835317e-20
-2.442032179e-20
-2.037878053e-20
-1.799106092e-20
-1.677416461e-20
-1.721105644e-20
-1.743590021e-20
-1.727448796e-20
-1.687533911e-20
-1.789765869e-20
-1.805444426e-20
-1.807422785e-20
-2.206854229e-20
-2.266865064e-20
-2.499582602e-20
-2.26007291e-20
-2.184967481e-20
-2.199204353e-20
-2.437273906e-20
-2.308091693e-20
-2.655158239e-20
-2.39084656e-20
-2.330761827e-20
-2.581251555e-20
-2.962024279e-20
-2.935895414e-20
-2.915403125e-20
-2.941926608e-20
-2.944960119e-20
-2.90662904e-20
-3.138648568e-20
-3.50091532e-20
-3.419243771e-20
-3.32994404e-20
-3.201858894e-20
-3.365624877e-20
-3.326076129e-20
-3.568178339e-20
-3.765458226e-20
-3.599016797e-20
-3.526046936e-20
-3.653658762e-20
-3.378781086e-20
-3.429298399e-20
-3.190302756e-20
-3.349160034e-20
-3.695496508e-20
-3.642437823e-20
-3.853831986e-20
-3.678147756e-20
-3.639915739e-20
-3.319633315e-20
-3.032259592e-20
-3.063280515e-20
-3.300890669e-20
-3.453218954e-20
-3.326265429e-20
-3.065404276e-20
-3.094075013e-20
-3.273243986e-20
-3.110047454e-20
-3.087550805e-20
-3.076702433e-20
-3.110739207e-20
-2.920061318e-20
-2.838782532e-20
-2.55292609e-20
-2.351064272e-20
-2.235386306e-20
-2.246095684e-20
-2.096405499e-20
-1.801864929e-20
-1.612000211e-20
-1.144361699e-20
-7.143496324e-21
-5.703428397e-21
-4.757414695e-21
-6.003376523e-22
4.138616085e-22
2.312647368e-21
3.988958213e-21
4.99118215e-21
6.339073898e-21
7.740846823e-21
8.869908608e-21
1.12119959e-20
9.942059421e-21
9.772402373e-21
9.973940313e-21
9.976454314e-21
9.316663313e-21
8.236651455e-21
6.151272481e-21
6.628346107e-21
6.353509293e-21
8.57533409e-21
1.0621804e-20
1.220752024e-20
9.809874855e-21
9.934188009e-21
1.100988213e-20
9.132838894e-21
1.114143277e-20
9.248056177e-21
7.618697518e-21
7.370330806e-21
6.865230431e-21
5.662082018e-21
2.179920044e-21
-1.183793516e-21
-8.468649245e-22
1.977149866e-21
-2.320644526e-21
-4.364315956e-21
-8.139809791e-21
-1.130717021e-20
-1.283523425e-20
-1.693651498e-20
-1.782794639e-20
-1.766257551e-20
-1.895493092e-20
-1.863176522e-20
-2.132243834e-20
-1.973422415e-20
-2.066119881e-20
-2.069657908e-20
-1.988695001e-20
-1.846015234e-20
-2.027754634e-20
-2.105061573e-20
-2.32590665e-20
-2.160125775e-20
-2.181072775e-20
-2.017405341e-20
-2.238018524e-20
-2.161354097e-20
-1.954739165e-20
-2.075084703e-20
-1.968832515e-20
-2.103917631e-20
-2.112240385e-20
-1.931946831e-20
-1.458334375e-20
-1.195905251e-20
-1.278320179e-20
-1.37913882e-20
-1.186148932e-20
-1.078377362e-20
-9.815112461e-21
-9.884719526e-21
-1.207680117e-20
-1.270309123e-20
-1.416263136e-20
-1.722276863e-20
-1.741058535e-20
-1.913194054e-20
-2.255956954e-20
-2.069545386e-20
-2.36117315e-20
-2.537125161e-20
-2.401433153e-20
-2.315477262e-20
-2.516686374e-20
-2.377411301e-20
-2.11081882e-20
-1.871241696e-20
-1.700192074e-20
-1.722707121e-20
-1.806918044e-20
-1.784861551e-20
-2.237453657e-20
-2.422010353e-20
-2.546068426e-20
-2.768034476e-20
-2.75892994e-20
-2.666730811e-20
-2.74061492e-20
-2.898703608e-20
-2.755343652e-20
-3.0343549e-20
-3.096802459e-20
-3.269315821e-20
-3.379238217e-20
-3.734029651e-20
-3.699030618e-20
-3.449788308e-20
-3.638211384e-20
-3.734026629e-20
-3.857406696e-20
-4.24576455e-20
-4.206426364e-20
-4.029953607e-20
-4.017115455e-20
-4.077699395e-20
-4.074414577e-20
-3.857659708e-20
-3.889702228e-20
-3.962924521e-20
-3.73252935e-20
-3.704953963e-20
-3.589330333e-20
-3.401489356e-20
-3.515166547e-20
-3.547539668e-20
-3.366600417e-20
-2.941740737e-20
-2.487984191e-20
-2.394749496e-20
-2.236182221e-20
-2.03147902e-20
-1.92015781e-20
-1.828292705e-20
-1.831883273e-20
-1.810840008e-20
-1.698860339e-20
-1.685879339e-20
-1.747911083e-20
-1.932597356e-20
-1.944037679e-20
-1.623695714e-20
-1.461133003e-20
-1.871548726e-20
-1.999865716e-20
-1.720547798e-20
-2.002659093e-20
-2.045889443e-20
-1.975902974e-20
-2.183993621e-20
-2.314729359e-20
-2.354245838e-20
-2.567939753e-20
-2.736960176e-20
-2.834015475e-20
-2.657634082e-20
-2.51858394e-20
-2.15014904e-20
-2.228826308e-20
-2.271438285e-20
-2.22116534e-20
-2.464046133e-20
-2.446585668e-20
-2.33371221e-20
-2.269077785e-20
-1.989477056e-20
-1.887752002e-20
-1.71846556e-20
-1.17733157e-20
-1.038727306e-20
-1.072915936e-20
-1.258623722e-20
-1.315730922e-20
-1.196356737e-20
-1.267405759e-20
-1.170635823e-20
-1.294840904e-20
-1.447314307e-20
-1.247170712e-20
-1.148477852e-20
-1.448215075e-20
-1.360342184e-20
-1.453353517e-20
-1.375746383e-20
-1.266696195e-20
-1.228810811e-20
-1.185517722e-20
-1.360904367e-20
-1.255654027e-20
-1.361719676e-20
-1.528788979e-20
-1.633539227e-20
-1.532068019e-20
-1.530903423e-20
-1.643419585e-20
-1.697657895e-20
-1.822772413e-20
-2.015097949e-20
-1.855906445e-20
-1.542552626e-20
-1.304180106e-20
-1.145249097e-20
-8.885394002e-21
-4.0080564e-21
3.391369003e-21
5.396786286e-21
9.468471298e-21
1.035312212e-20
1.298855923e-20
1.659419189e-20
1.454924876e-20
1.523967882e-20
1.604582652e-20
1.886132005e-20
1.945477831e-20
2.0321519e-20
2.427476264e-20
2.598286116e-20
2.625253981e-20
2.834976083e-20
2.694653231e-20
2.765359468e-20
2.951401362e-20
3.002127589e-20
2.857947086e-20
2.878298989e-20
2.566384434e-20
2.374417916e-20
2.163646258e-20
1.929661115e-20
2.111508185e-20
2.196456898e-20
2.540072889e-20
2.508441195e-20
2.394294277e-20
2.09634927e-20
1.878227448e-20
1.985448144e-20
1.921190684e-20
2.044421787e-20
2.088414122e-20
2.190154185e-20
2.23597755e-20
2.358344821e-20
2.773001228e-20
3.265701754e-20
3.356119172e-20
3.302885965e-20
3.315634408e-20
3.254754657e-20
3.14332482e-20
3.191761346e-20
3.011245813e-20
3.052107411e-20
2.785424789e-20
2.971256939e-20
2.777582724e-20
3.159293501e-20
3.275052518e-20
3.170085384e-20
3.391137739e-20
3.441571389e-20
3.43715766e-20
3.197717513e-20
3.160879536e-20
3.228842655e-20
3.381969878e-20
3.558139427e-20
3.737252834e-20
3.593746371e-20
3.447264584e-20
3.437461131e-20
3.563126935e-20
3.413274253e-20
3.322815278e-20
3.133686901e-20
3.12985998e-20
2.994219963e-20
3.061927349e-20
3.013839052e-20
3.076714883e-20
2.901104655e-20
2.765664674e-20
2.584065298e-20
2.674629884e-20
2.755704932e-20
2.219273543e-20
2.118026009e-20
2.234317121e-20
2.248815734e-20
2.061718499e-20
1.818428655e-20
1.667365697e-20
1.941221566e-20
1.769663457e-20
1.562689159e-20
1.501022902e-20
1.382020838e-20
1.390444907e-20
1.2837204e-20
1.088659925e-20
1.020000325e-20
8.852742509e-21
5.908601919e-21
3.814348976e-21
-1.155717625e-21
-4.569010313e-21
-7.101466387e-21
-8.171116319e-21
-6.537760948e-21
-8.273398371e-21
-8.993340111e-21
-1.060594982e-20
-9.640166865e-21
-9.876024664e-21
-1.191101746e-20
-1.367015457e-20
-1.411516671e-20
-1.532795177e-20
-1.759159149e-20
-1.596055088e-20
-1.74122382e-20
-1.752678487e-20
-1.588741085e-20
-1.48212075e-20
-1.448119045e-20
-1.593897614e-20
-1.736477528e-20
-2.13411778e-20
-2.279625063e-20
-2.431094439e-20
-2.699662496e-20
-2.72501071e-20
-2.608609564e-20
-2.458005941e-20
-2.196884821e-20
-1.869375146e-20
-1.824706563e-20
-1.880071108e-20
-1.884803269e-20
-2.097094447e-20
-2.304774436e-20
-2.148917738e-20
-2.245144544e-20
-2.302271773e-20
-2.611273932e-20
-2.915624966e-20
-2.875344107e-20
-3.012944573e-20
-3.213151466e-20
-3.302071555e-20
-3.150505801e-20
-3.36272287e-20
-3.280011814e-20
-3.54283688e-20
-3.593734301e-20
-3.615516975e-20
-3.42254772e-20
-3.288435685e-20
-3.007344748e-20
-3.03194872e-20
-2.750477161e-20
-2.523920446e-20
-2.264140468e-20
-2.418493806e-20
-2.325594048e-20
-2.236541794e-20
-2.041880628e-20
-1.851739725e-20
-1.819263031e-20
-1.697607772e-20
-1.502089521e-20
-1.212159361e-20
-1.053285067e-20
-1.09800079e-20
-9.848941072e-21
-8.671324938e-21
-1.13214705e-20
-9.384093992e-21
-8.883301454e-21
-1.068482479e-20
-7.126003519e-21
-2.314168886e-21
-1.075596785e-21
5.204830058e-22
3.270328845e-21
6.696795451e-21
9.856792092e-21
1.162184015e-20
1.099166345e-20
1.163991796e-20
1.229422342e-20
1.331239847e-20
1.501556228e-20
2.030692694e-20
2.129865681e-20
2.201048647e-20
2.60877868e-20
2.577197155e-20
2.802889795e-20
3.01831855e-20
3.027600802e-20
3.071188286e-20
3.198296435e-20
3.310834468e-20
3.270148952e-20
3.34506875e-20
3.136740758e-20
3.00238839e-20
2.796298022e-20
2.559705056e-20
2.770702756e-20
2.552250297e-20
2.571771565e-20
2.702421147e-20
2.934783391e-20
3.070111898e-20
2.974954311e-20
2.748881742e-20
2.488976895e-20
2.66190411e-20
2.793295698e-20
2.671839078e-20
2.817515565e-20
2.659184822e-20
2.751601411e-20
2.859267244e-20
2.884572654e-20
2.994025971e-20
3.131559924e-20
3.050186613e-20
2.749130627e-20
2.51030842e-20
2.381331833e-20
2.578931122e-20
2.754297894e-20
3.127484954e-20
3.340917199e-20
3.717775466e-20
3.590933558e-20
3.217037398e-20
2.986607645e-20
2.88790049e-20
2.694359803e-20
2.768878861e-20
2.777286499e-20
2.90898978e-20
3.0549574e-20
2.72136541e-20
2.731956801e-20
2.502099891e-20
2.43215578e-20
2.341021555e-20
2.384680554e-20
2.261511194e-20
2.508711879e-20
2.506316253e-20
2.379939662e-20
2.48923524e-20
2.665245166e-20
3.018192044e-20
2.907042517e-20
2.855096531e-20
2.955348656e-20
2.825553589e-20
2.897307302e-20
3.165589285e-20
3.200041398e-20
3.40790147e-20
3.616042224e-20
3.837649999e-20
3.809078877e-20
3.483590871e-20
3.177329696e-20
3.377327331e-20
3.475506561e-20
3.601578043e-20
3.70848168e-20
3.747695904e-20
3.777397624e-20
3.893800966e-20
3.930847157e-20
3.909415117e-20
3.826368002e-20
3.75894717e-20
3.76921201e-20
3.78162575e-20
3.813823368e-20
3.998179932e-20
3.804650868e-20
3.665140904e-20
3.604690725e-20
3.683574014e-20
3.579311954e-20
3.370714694e-20
3.451426943e-20
3.591966914e-20
3.576490823e-20
3.378673292e-20
3.24290782e-20
2.68521713e-20
2.643432599e-20
2.424298246e-20
2.545101167e-20
2.774809993e-20
2.886281346e-20
2.937579491e-20
2.548204437e-20
2.850805715e-20
2.672483593e-20
2.722436165e-20
2.609644747e-20
2.896647316e-20
2.77811178e-20
3.110463303e-20
3.179358937e-20
2.917745149e-20
2.807342286e-20
2.614371426e-20
2.490501229e-20
2.678867753e-20
2.813055392e-20
2.477766347e-20
2.355594233e-20
2.362960788e-20
2.541195473e-20
2.330953197e-20
2.890479945e-20
3.197137435e-20
3.2978812e-20
3.168143334e-20
3.22929981e-20
3.132826493e-20
2.972758157e-20
3.001705001e-20
2.659426569e-20
2.773934856e-20
2.591896648e-20
2.758944088e-20
3.056414912e-20
2.912633016e-20
2.839909986e-20
2.988488687e-20
3.197242578e-20
3.423461305e-20
3.527857653e-20
3.618623264e-20
3.75653989e-20
3.834697313e-20
3.910150196e-20
4.312901729e-20
4.728419677e-20
4.807031014e-20
4.606063191e-20
4.840974391e-20
4.697276371e-20
4.811506551e-20
5.055288177e-20
5.421663152e-20
5.439001501e-20
5.546208505e-20
5.504489329e-20
5.328169604e-20
5.16656451e-20
5.142719637e-20
4.871866903e-20
4.722111755e-20
4.699511018e-20
4.258264348e-20
4.225516285e-20
4.313197517e-20
3.981921974e-20
3.749213584e-20
3.636439316e-20
3.583951814e-20
3.371993108e-20
3.462935297e-20
3.156935133e-20
2.810816189e-20
2.908630426e-20
2.897854921e-20
2.843081189e-20
3.183354429e-20
2.884452558e-20
2.807311859e-20
2.976276369e-20
2.717704504e-20
2.608258708e-20
2.525441108e-20
2.428154074e-20
2.225859299e-20
2.346217536e-20
2.187011598e-20
2.013635034e-20
1.682217893e-20
1.379232936e-20
1.255738095e-20
1.602963189e-20
1.724645545e-20
1.666024581e-20
1.736539584e-20
1.963418288e-20
2.133541698e-20
2.202836488e-20
2.408480234e-20
2.615116174e-20
2.304210585e-20
2.092193688e-20
1.958282598e-20
1.581924768e-20
1.329725663e-20
9.711404842e-21
4.928881783e-21
7.354974418e-22
1.744014139e-21
5.029212936e-22
-3.374707885e-21
-6.938255201e-21
-9.687994908e-21
-8.833993594e-21
-8.981179624e-21
-6.522823852e-21
-6.231116498e-21
-4.836918844e-21
-3.328565646e-21
-4.768277896e-21
-7.228628157e-21
-6.099413675e-21
-7.611745052e-21
-7.905326044e-21
-8.53180877e-21
-7.388616738e-21
-3.783780684e-21
-5.191274168e-21
-6.117262301e-21
-8.592423652e-21
-6.970898724e-21
-6.694139411e-21
-8.396209717e-21
-7.886702308e-21
-5.180725141e-21
-1.799114322e-21
-1.448590168e-21
1.530552293e-21
-4.947523834e-22
-5.883727128e-22
-2.211465089e-22
-7.74545937e-22
-9.408063153e-23
-2.925542875e-21
-1.06578954e-20
-1.128478957e-20
-1.394154883e-20
-1.734718684e-20
-1.804278854e-20
-1.983374027e-20
-2.075106942e-20
-2.17334352e-20
-2.194238545e-20
-2.344305092e-20
-2.655289763e-20
-2.797670064e-20
-3.061107746e-20
-2.877499757e-20
-2.812306943e-20
-2.67361282e-20
-2.178536573e-20
-2.033351174e-20
-1.85333544e-20
-1.997910115e-20
-2.031179893e-20
-2.140835916e-20
-2.17372862e-20
-2.205440476e-20
-2.143549511e-20
-2.1548544e-20
-1.792652378e-20
-1.441452062e-20
-1.33406906e-20
-1.294833928e-20
-1.169020622e-20
-1.159482012e-20
-1.228590137e-20
-1.698230361e-20
-1.926481215e-20
-1.953380525e-20
-1.52537614e-20
-1.458444292e-20
-1.233505418e-20
-1.494686576e-20
-1.553587769e-20
-2.008182443e-20
-2.119043394e-20
-1.88915164e-20
-2.150085628e-20
-2.391489658e-20
-2.504017231e-20
-2.869175185e-20
-3.18821645e-20
-3.498263572e-20
-3.36145929e-20
-3.758339447e-20
-4.193313393e-20
-4.477869094e-20
-4.387190594e-20
-4.344190452e-20
-4.447440814e-20
-4.38341692e-20
-4.367057e-20
-4.462399221e-20
-4.609417806e-20
-4.415812663e-20
-4.373798157e-20
-4.772999422e-20
-4.646038233e-20
-4.573339564e-20
-4.480528725e-20
-4.638732828e-20
-4.573360504e-20
-4.852152514e-20
-4.970603097e-20
-5.026967566e-20
-4.696793418e-20
-4.701925293e-20
-4.801941762e-20
-4.521890432e-20
-4.448040233e-20
-4.178606893e-20
-3.843388797e-20
-3.70481436e-20
-3.417521344e-20
-3.237551061e-20
-3.049556223e-20
-3.033245714e-20
-2.769427792e-20
-2.351828757e-20
-2.1258841e-20
-1.635767378e-20
-1.320052904e-20
-1.029284261e-20
-9.665586798e-21
-8.683317869e-21
-5.785853314e-21
-5.680142241e-21
-7.918249278e-21
-6.68974437e-21
-3.86383493e-21
-1.86089223e-21
-1.180362153e-21
-1.73128845e-21
-2.861465038e-21
-5.933596058e-21
-5.628655654e-21
-5.127173335e-21
-5.05350609e-21
-6.245826641e-21
-3.496648639e-21
-1.69490267e-21
-4.69077522e-21
-3.293906063e-21
-9.558608115e-22
-2.137095317e-22
2.699959734e-21
5.079811296e-21
4.628791837e-21
3.310539613e-21
-2.958327092e-22
4.578488371e-22
1.463690174e-22
2.646493824e-21
1.261189074e-21
3.159345925e-21
1.030186871e-21
2.885587184e-22
3.618149884e-22
2.48857558e-21
5.344737454e-21
6.053057916e-21
5.605396043e-21
8.163161908e-21
5.342561549e-21
6.482938566e-21
7.195225096e-21
9.566576844e-21
1.015352654e-20
1.318511974e-20
1.344120537e-20
1.594289017e-20
1.51772493e-20
1.690896185e-20
1.836952951e-20
1.733486986e-20
1.777152978e-20
1.525895568e-20
1.02576943e-20
7.189961284e-21
4.933487005e-21
3.977118925e-21
3.938738224e-21
5.802545133e-21
7.143153095e-21
4.763619987e-21
-2.148484083e-22
5.892617288e-22
3.391171137e-22
7.450655331e-22
2.445692228e-21
4.447094501e-21
5.305755177e-21
6.784560062e-21
6.8761863e-21
7.004797918e-21
7.169237692e-21
5.709151319e-21
3.990039961e-21
5.120227261e-21
2.732001747e-21
1.272625233e-21
7.792302197e-22
1.069427698e-21
-2.40009758e-21
-6.213302021e-21
-5.004034156e-21
-6.548538147e-21
-9.512883825e-21
-1.0565284e-20
-7.873274774e-21
-5.203602682e-21
-3.731183543e-21
-2.129877148e-21
-2.837237312e-21
-2.350627876e-21
-1.721547972e-21
-2.357920917e-21
-5.774163405e-22
-7.58017823e-22
-1.536644375e-21
3.429991817e-22
1.268658218e-21
-1.547278758e-21
-4.667528547e-22
1.263169226e-21
2.104088117e-21
2.100769506e-21
3.20348716e-21
3.076458686e-21
-1.040687699e-22
-2.492829142e-21
-5.530573364e-21
-2.566993583e-21
-7.565258826e-22
-1.863973241e-21
-4.587635781e-22
1.498401475e-21
5.267028715e-22
2.331414387e-21
3.881642977e-21
5.860016744e-21
8.762835613e-21
9.280906982e-21
1.126007653e-20
1.18794664e-20
1.346759428e-20
1.29854579e-20
1.303879526e-20
1.343117371e-20
1.144228673e-20
1.0475907e-20
7.395653862e-21
6.018294552e-21
7.803641603e-21
7.574435146e-21
9.705135693e-21
9.524729808e-21
8.937566533e-21
1.033004957e-20
1.471279762e-20
1.522992234e-20
1.599557977e-20
1.772613616e-20
1.494987751e-20
1.678332172e-20
1.528818364e-20
1.271068682e-20
1.384081825e-20
1.072044024e-20
7.03507008e-21
8.798833654e-21
7.842913323e-21
1.046426947e-20
5.74884348e-21
6.72100849e-21
4.342540605e-21
4.45351207e-21
7.505658714e-21
4.148021838e-21
3.557747735e-21
5.946112698e-22
1.887885561e-22
-2.390450285e-21
-4.753202212e-21
-7.248860901e-21
-5.617912442e-21
-3.559265412e-21
-2.983416964e-21
-9.769025644e-23
-1.662081741e-21
2.670475724e-21
4.816997414e-21
9.306805809e-21
1.140853071e-20
1.364297962e-20
1.534198652e-20
1.717893434e-20
1.80868183e-20
1.832507119e-20
2.349380472e-20
2.480588085e-20
2.381098013e-20
2.26862183e-20
1.992055896e-20
1.878425703e-20
1.760790374e-20
1.884534594e-20
1.497868043e-20
1.742380865e-20
1.213112633e-20
6.913714224e-21
4.843429187e-21
7.331425642e-21
7.069216432e-21
7.448905638e-21
7.027596198e-21
8.006164726e-21
6.307516761e-21
4.47545352e-21
3.861821259e-21
-1.53743378e-23
-9.829589526e-22
1.680508139e-21
-2.151888253e-21
-5.172311675e-22
-1.371362819e-21
-2.493798371e-21
-9.230336204e-23
-1.38957875e-21
-2.925205098e-21
-1.785524028e-21
-9.013162666e-22
-2.358908557e-21
-3.602149008e-21
-1.85077685e-21
1.033282073e-21
1.963326021e-21
2.068882833e-21
3.544413889e-21
5.707312531e-21
8.952962891e-21
9.633402898e-21
9.043934204e-21
1.001207943e-20
1.016288713e-20
7.524538745e-21
5.783100626e-21
4.090169715e-22
-8.101417396e-22
-1.487267315e-21
-4.111340543e-21
-4.652748829e-21
-5.205967621e-21
-3.807650616e-21
-5.947364683e-21
-1.021576472e-20
-9.096533708e-21
-9.876742976e-21
-1.16576249e-20
-1.446151457e-20
-1.524948987e-20
-1.469644697e-20
-1.579206263e-20
-1.724564517e-20
-1.761962301e-20
-1.897965357e-20
-1.756124441e-20
-1.965077432e-20
-2.239626619e-20
-2.341652966e-20
-2.470206305e-20
-2.53955046e-20
-2.662359068e-20
-2.481728087e-20
-2.590425361e-20
-2.516942857e-20
-2.870794737e-20
-3.060222906e-20
-3.186729411e-20
-3.280603241e-20
-3.465023114e-20
-3.338865142e-20
-3.545740917e-20
-3.61003328e-20
-3.412140897e-20
-3.026295832e-20
-3.102076285e-20
-3.096607976e-20
-3.017540643e-20
-2.790268754e-20
-2.56824293e-20
-2.550398784e-20
-2.539732944e-20
-2.546755427e-20
-2.689350348e-20
-2.874166097e-20
-2.750513284e-20
-2.67849393e-20
-2.499237195e-20
-2.525698377e-20
-2.634240721e-20
-2.357514453e-20
-2.163343494e-20
-1.794739073e-20
-1.946617198e-20
-1.571546795e-20
-1.104919634e-20
-9.438035565e-21
-6.814309434e-21
-4.499982892e-21
-1.796045292e-21
2.715551518e-21
3.487565643e-21
-3.778576402e-22
3.217004789e-21
8.357677516e-21
9.956111469e-21
9.370983009e-21
7.143990355e-21
6.943525138e-21
2.953030333e-21
3.624022804e-21
2.836361192e-21
-1.482474259e-21
-5.330759672e-21
-4.609217659e-21
-6.452276437e-21
-7.315816873e-21
-9.746572e-21
-1.222095771e-20
-1.542650574e-20
-1.654642433e-20
-1.641221099e-20
-2.007374103e-20
-1.885222962e-20
-1.907903297e-20
-1.957590169e-20
-1.668774824e-20
-1.708317388e-20
-1.731287179e-20
-1.810468032e-20
-1.96185818e-20
-1.8135675e-20
-1.89798917e-20
-1.84145577e-20
-2.112744513e-20
-2.573959696e-20
-2.720457471e-20
-2.938149773e-20
-2.836516598e-20
-2.6819786e-20
-2.601845141e-20
-2.608225978e-20
-2.842676264e-20
-2.787523346e-20
-2.767978128e-20
-2.931830678e-20
-3.129098123e-20
-3.313838171e-20
-3.927732329e-20
-4.108564672e-20
-4.027937372e-20
-3.913103049e-20
-4.394488448e-20
-4.476626281e-20
-4.321776616e-20
-4.455910391e-20
-4.578394992e-20
-5.011615104e-20
-4.870445925e-20
-5.140722956e-20
-4.829032894e-20
-4.691793047e-20
-4.482752881e-20
-4.444780362e-20
-4.712137399e-20
-4.271226962e-20
-4.166787329e-20
-4.300092664e-20
-4.454381941e-20
-4.491430405e-20
-4.180741336e-20
-4.035411927e-20
-4.022002678e-20
-4.231758016e-20
-4.526598479e-20
-4.179433825e-20
-3.874981467e-20
-4.194723917e-20
-4.164666103e-20
-4.332515968e-20
-4.361791099e-20
-4.253652629e-20
-4.274183617e-20
-4.15357561e-20
-4.464547554e-20
-4.745424282e-20
-4.757904878e-20
-4.884201012e-20
-4.804862099e-20
-4.646412165e-20
-4.378547993e-20
-4.250514024e-20
-3.832737998e-20
-3.508333321e-20
-3.462172746e-20
-3.305307062e-20
-3.186585894e-20
-2.714093757e-20
-2.389680302e-20
-2.155133323e-20
-1.915029667e-20
-1.711452162e-20
-1.668189858e-20
-1.792338388e-20
-1.690255726e-20
-1.858463738e-20
-2.155269042e-20
-1.969514251e-20
-2.083426469e-20
-1.877864192e-20
-2.107505273e-20
-2.021454526e-20
-2.35261218e-20
-2.24227822e-20
-2.408831509e-20
-2.265819196e-20
-2.125018619e-20
-2.352690034e-20
-2.144073678e-20
-1.972728567e-20
-1.867691559e-20
-1.985994102e-20
-2.176544091e-20
-2.211206088e-20
-1.860116341e-20
-1.77732838e-20
-1.616837894e-20
-1.684109575e-20
-1.522588528e-20
-1.129687632e-20
-1.199675693e-20
-1.277693001e-20
-1.426620858e-20
-1.211761535e-20
-1.414305774e-20
-1.48789448e-20
-1.433432337e-20
-1.778214216e-20
-1.829323295e-20
-2.267199553e-20
-2.571781313e-20
-2.832557043e-20
-2.961390257e-20
-3.324576234e-20
-3.263000789e-20
-3.177638329e-20
-3.130149743e-20
-3.118142525e-20
-2.958815479e-20
-2.851297572e-20
-2.987449942e-20
-2.806203803e-20
-2.756274971e-20
-3.081081485e-20
-2.692256974e-20
-2.541374238e-20
-2.473147859e-20
-2.156008232e-20
-1.724605437e-20
-1.247232156e-20
-1.010697135e-20
-1.056868287e-20
-9.025847674e-21
-8.702758631e-21
-9.63256495e-21
-1.012561357e-20
-1.166759999e-20
-1.016179233e-20
-1.092702178e-20
-1.135084057e-20
-1.426172506e-20
-1.638062653e-20
-1.586678846e-20
-1.781013882e-20
-2.017861393e-20
-2.229038406e-20
-2.187660167e-20
-2.043924351e-20
-2.134299891e-20
-2.176860787e-20
-2.439521385e-20
-2.162302701e-20
-1.736394822e-20
-1.748883856e-20
-1.908796862e-20
-1.922443055e-20
-2.132648276e-20
-2.335025623e-20
-2.178702132e-20
-2.226401777e-20
-2.162516156e-20
-2.423666156e-20
-2.506980712e-20
-2.627802966e-20
-2.809071478e-20
-2.759255732e-20
-2.653912017e-20
-2.810130413e-20
-2.873027147e-20
-2.787627039e-20
-2.264334086e-20
-2.20412244e-20
-2.265264198e-20
-1.913076365e-20
-1.901121784e-20
-2.046353583e-20
-1.965971624e-20
-1.816258774e-20
-1.794420447e-20
-2.058758506e-20
-2.175365659e-20
-1.973962597e-20
-2.168345976e-20
-2.007204555e-20
-2.150018218e-20
-1.622539393e-20
-1.486314635e-20
-1.771382039e-20
-1.75630485e-20
-1.804032396e-20
-2.040055372e-20
-2.045617358e-20
-2.140729793e-20
-2.52033549e-20
-2.788467839e-20
-2.731073639e-20
-2.668456292e-20
-2.895907144e-20
-3.073883347e-20
-3.336941434e-20
-3.412437004e-20
-3.587905997e-20
-3.610509499e-20
-3.886069287e-20
-3.846338716e-20
-4.07268603e-20
-4.357228381e-20
-4.75162672e-20
-4.978320797e-20
-5.191336023e-20
-5.142116358e-20
-5.098187153e-20
-4.897856165e-20
-4.805229936e-20
-4.656558262e-20
-4.462020439e-20
-4.030239927e-20
-3.841714181e-20
-3.847368385e-20
-3.663386488e-20
-3.75124432e-20
-3.352021556e-20
-2.92356355e-20
-2.685666537e-20
-2.427972624e-20
-2.680786373e-20
-2.944977736e-20
-2.696196337e-20
-2.817398983e-20
-2.850773232e-20
-2.7858574e-20
-2.533683605e-20
-2.745417463e-20
-2.635987888e-20
-2.502372524e-20
-2.309776437e-20
-2.268734887e-20
-1.835931989e-20
-2.02329288e-20
-2.068368546e-20
-2.172322722e-20
-2.455708974e-20
-2.587683182e-20
-2.695395769e-20
-3.185444925e-20
-3.126776565e-20
-2.981680573e-20
-3.176916507e-20
-3.050537928e-20
-3.244389929e-20
-3.37264854e-20
-3.248179734e-20
-3.293592289e-20
-3.258821983e-20
-2.98839126e-20
-2.909346541e-20
-2.959180075e-20
-2.962082172e-20
-2.892832103e-20
-2.642942727e-20
-2.315367271e-20
-2.17723351e-20
-2.444239146e-20
-2.409137791e-20
-2.448464478e-20
-2.235021798e-20
-2.298180979e-20
-1.931436459e-20
-1.759745913e-20
-1.721677147e-20
-1.584477269e-20
-1.506641489e-20
-1.508698826e-20
-1.491001315e-20
-1.378386329e-20
-1.618125322e-20
-1.641192932e-20
-1.282243164e-20
-8.594159408e-21
-6.43103242e-21
-3.892669423e-21
-4.074992829e-21
-5.399882454e-21
-5.679910213e-21
-4.236325789e-21
-2.883973471e-21
-3.473459854e-21
-4.70332042e-21
-4.573571342e-22
-9.600611135e-22
7.196461e-22
3.009666897e-21
4.787541719e-21
6.395458373e-21
8.35628778e-21
1.10226171e-20
1.007135417e-20
1.015813381e-20
1.226240907e-20
9.619018579e-21
8.092423368e-21
5.254158513e-21
6.401696975e-21
5.37572993e-21
2.759630303e-21
1.132793532e-21
-9.405683418e-22
3.411477209e-22
-8.610890933e-22
-9.867477116e-24
1.05257911e-21
1.171272211e-21
1.321013692e-21
5.621392746e-21
5.453029959e-21
4.340764446e-21
6.763467704e-21
4.971018957e-21
5.595726945e-21
6.036623276e-21
6.084098861e-21
4.281333885e-21
3.907449431e-21
2.067617244e-21
3.556714039e-21
2.2719935e-21
1.583803091e-21
3.31252347e-21
6.319985996e-21
5.15554644e-21
5.936081065e-21
4.076371085e-21
4.983529653e-21
1.586798347e-21
-1.632992826e-21
-6.882340372e-21
-8.074016866e-21
-1.262404568e-20
-1.77778434e-20
-1.869875152e-20
-1.891586362e-20
-2.195228786e-20
-2.442975565e-20
-2.137092752e-20
-2.116972662e-20
-2.202994205e-20
-2.334136013e-20
-2.453757516e-20
-2.709176717e-20
-2.754653078e-20
-2.849267429e-20
-2.628413826e-20
-2.844873164e-20
-3.235531281e-20
-3.45210379e-20
-3.585635286e-20
-3.513377192e-20
-3.41807418e-20
-3.689471211e-20
-3.865603223e-20
-3.843911718e-20
-3.842957806e-20
-3.984272469e-20
-4.074317944e-20
-4.169271239e-20
-4.150214106e-20
-4.200673741e-20
-4.187713082e-20
-4.278627234e-20
-4.344566572e-20
-3.932849474e-20
-3.484153861e-20
-3.367033659e-20
-3.090192619e-20
-2.866729498e-20
-3.130368518e-20
-3.161779337e-20
-2.988747111e-20
-3.001035121e-20
-2.922409918e-20
-3.186531922e-20
-3.441418799e-20
-3.362651259e-20
-3.399745947e-20
-3.335205751e-20
-3.455085756e-20
-3.712092228e-20
-3.776691792e-20
-3.939776825e-20
-3.972293856e-20
-3.607860331e-20
-3.400338586e-20
-3.762800304e-20
-3.5507662e-20
-3.666568281e-20
-3.772546867e-20
-3.696906229e-20
-3.459656546e-20
-3.297952046e-20
-3.282911972e-20
-3.491868428e-20
-3.66297489e-20
-3.632622361e-20
-3.55281528e-20
-3.402051051e-20
-3.259899502e-20
-3.235243912e-20
-3.414729912e-20
-3.547016287e-20
-3.268737119e-20
-3.166879753e-20
-2.895166812e-20
-2.505542611e-20
-2.351450773e-20
-2.039134148e-20
-2.041811051e-20
-2.235139149e-20
-2.144032418e-20
-2.241856592e-20
-1.944785733e-20
-1.844970145e-20
-2.05693117e-20
-2.26839083e-20
-2.31006839e-20
-2.106830167e-20
-1.818593076e-20
-2.019862257e-20
-2.003004735e-20
-1.538827057e-20
-1.689687154e-20
-1.76509443e-20
-1.792831216e-20
-1.621826026e-20
-1.684243636e-20
-1.493212973e-20
-1.53519407e-20
-1.757200856e-20
-2.028847787e-20
-2.125946677e-20
-1.884805511e-20
-1.530186065e-20
-1.185268787e-20
-1.104021184e-20
-9.400794469e-21
-6.929979932e-21
-3.90826919e-21
-1.630096972e-21
)
;

boundaryField
{
    sides
    {
        type            calculated;
        value           uniform 0;
    }
    empty1
    {
        type            empty;
        value           nonuniform List<scalar> 0();
    }
    empty2
    {
        type            empty;
        value           nonuniform List<scalar> 0();
    }
}


// ************************************************************************* //
