/*--------------------------------*- C++ -*----------------------------------*\
| =========                 |                                                 |
| \\      /  F ield         | OpenFOAM: The Open Source CFD Toolbox           |
|  \\    /   O peration     | Version:  2312                                  |
|   \\  /    A nd           | Website:  www.openfoam.com                      |
|    \\/     M anipulation  |                                                 |
\*---------------------------------------------------------------------------*/
FoamFile
{
    version     2.0;
    format      ascii;
    arch        "LSB;label=32;scalar=64";
    class       volScalarField;
    location    "0.0001";
    object      cSound;
}
// * * * * * * * * * * * * * * * * * * * * * * * * * * * * * * * * * * * * * //

dimensions      [0 1 -1 0 0 0 0];

internalField   nonuniform List<scalar> 
800
(
1507.95
1507.95
1507.95
1507.95
1507.95
1507.95
1507.95
1507.95
1507.95
1507.95
1507.95
1507.95
1507.95
1507.95
1507.95
1507.95
1507.95
1507.95
1507.95
1507.95
1507.95
1507.95
1507.95
1507.95
1507.95
1507.95
1507.95
1507.95
1507.95
1507.95
1507.95
1507.95
1507.95
1507.95
1507.95
1507.95
1507.95
1507.95
1507.95
1507.95
1507.95
1507.95
1507.95
1507.95
1507.95
1507.95
1507.95
1507.95
1507.95
1507.95
1507.95
1507.95
1507.95
1507.95
1507.95
1507.95
1507.95
1507.95
1507.95
1507.95
1507.95
1507.95
1507.95
1507.95
1507.95
1507.95
1507.95
1507.95
1507.95
1507.95
1507.95
1507.95
1507.95
1507.95
1507.95
1507.95
1507.95
1507.95
1507.95
1507.95
1507.95
1507.95
1507.95
1507.95
1507.95
1507.95
1507.95
1507.95
1507.95
1507.95
1507.95
1507.95
1507.95
1507.95
1507.95
1507.95
1507.95
1507.95
1507.95
1507.95
1507.95
1507.95
1507.95
1507.95
1507.95
1507.95
1507.95
1507.95
1507.95
1507.95
1507.95
1507.95
1507.95
1507.95
1507.95
1507.95
1507.95
1507.95
1507.95
1507.95
1507.95
1507.95
1507.95
1507.95
1507.95
1507.95
1507.95
1507.95
1507.95
1507.95
1507.95
1507.95
1507.95
1507.95
1507.95
1507.95
1507.95
1507.95
1507.95
1507.95
1507.95
1507.95
1507.95
1507.95
1507.95
1507.95
1507.95
1507.95
1507.95
1507.95
1507.95
1507.95
1507.95
1507.95
1507.95
1507.95
1507.95
1507.95
1507.95
1507.95
1507.95
1507.95
1507.95
1507.95
1507.95
1507.95
1507.95
1507.95
1507.95
1507.95
1507.95
1507.95
1507.95
1507.95
1507.95
1507.95
1507.95
1507.95
1507.95
1507.95
1507.95
1507.95
1507.95
1507.95
1507.95
1507.95
1507.95
1507.95
1507.95
1507.95
1507.95
1507.95
1507.95
1507.95
1507.95
1507.95
1507.95
1507.95
1507.95
1507.95
1507.95
1507.95
1507.95
1507.95
1507.95
1507.95
1507.95
1507.95
1507.95
1507.95
1507.95
1507.95
1507.95
1507.95
1507.95
1507.95
1507.95
1507.95
1507.95
1507.95
1507.95
1507.95
1507.95
1507.95
1507.95
1507.95
1507.95
1507.95
1507.95
1507.95
1507.95
1507.95
1507.95
1507.95
1507.95
1507.95
1507.95
1507.95
1507.95
1507.95
1507.95
1507.95
1507.95
1507.95
1507.95
1507.95
1507.95
1507.95
1507.95
1507.95
1507.95
1507.95
1507.95
1507.95
1507.95
1507.95
1507.95
1507.95
1507.95
1507.95
1507.95
1507.95
1507.95
1507.94
1507.94
1507.93
1507.92
1507.91
1507.89
1507.87
1507.84
1507.81
1507.76
1507.7
1507.63
1507.54
1507.43
1507.31
1507.17
1507.01
1506.83
1506.64
1506.45
1506.28
1506.11
1505.96
1505.82
1505.7
1505.6
1505.51
1505.44
1505.38
1505.34
1505.3
1505.27
1505.25
1505.23
1505.22
1505.21
1505.2
1505.2
1505.19
1505.19
1505.19
1505.19
1505.19
1505.19
1505.19
1505.19
1505.19
1505.19
1505.19
1505.19
1505.19
1505.19
1505.19
1505.19
1505.19
1505.19
1505.19
1505.19
1505.19
1505.19
1505.19
1505.19
1505.19
1505.19
1505.19
1505.19
1505.19
1505.19
1505.19
1505.19
1505.19
1505.19
1505.19
1505.19
1505.19
1505.19
1505.19
1505.19
1505.19
1505.19
1505.19
1505.19
1505.19
1505.19
1505.19
1505.19
1505.19
1505.19
1505.19
1505.19
1505.19
1505.19
1505.19
1505.19
1505.19
1505.19
1505.19
1505.19
1505.19
1505.19
1505.18
1505.18
1505.18
1505.18
1505.18
1505.18
1505.18
1505.18
1505.18
1505.18
1505.18
1505.18
1505.18
1505.18
1505.18
1505.18
1505.18
1505.18
1505.18
1505.18
1505.18
1505.18
1505.19
1505.19
1505.2
1505.21
1505.22
1505.25
1505.3
1505.36
1505.46
1505.6
1505.8
1506.06
1506.42
1506.88
1507.46
1508.13
1508.76
1509.28
1509.68
1509.99
1510.22
1510.39
1510.5
1510.58
1510.63
1510.67
1510.69
1510.7
1510.71
1510.72
1510.72
1510.72
1510.72
1510.72
1510.72
1510.72
1510.72
1510.72
1510.72
1510.72
1510.72
1510.72
1510.72
1510.72
1510.72
1510.72
1510.72
1510.72
1510.72
1510.72
1510.72
1510.72
1510.72
1510.72
1510.72
1510.72
1510.72
1510.72
1510.72
1510.72
1510.72
1510.72
1510.72
1510.72
1510.72
1510.72
1510.72
1510.72
1510.72
1510.72
1510.72
1510.72
1510.72
1510.72
1510.72
1510.72
1510.72
1510.72
1510.72
1510.72
1510.72
1510.72
1510.72
1510.72
1510.72
1510.72
1510.72
1510.72
1510.72
1510.72
1510.72
1510.72
1510.72
1510.72
1510.72
1510.72
1510.72
1510.72
1510.72
1510.72
1510.72
1510.72
1510.72
1510.72
1510.72
1510.72
1510.72
1510.72
1510.72
1510.72
1510.72
1510.72
1510.71
1510.71
1510.71
1510.71
1510.7
1510.69
1510.68
1510.67
1510.65
1510.63
1510.59
1510.55
1510.5
1510.43
1510.35
1510.25
1510.14
1510.01
1509.85
1509.69
1509.5
1509.31
1509.11
1508.92
1508.76
1508.61
1508.48
1508.37
1508.28
1508.2
1508.14
1508.1
1508.06
1508.03
1508.01
1507.99
1507.98
1507.97
1507.97
1507.96
1507.96
1507.96
1507.96
1507.96
1507.96
1507.96
1507.96
1507.96
1507.95
1507.95
1507.95
1507.95
1507.95
1507.95
1507.95
1507.95
1507.95
1507.95
1507.95
1507.95
1507.95
1507.95
1507.95
1507.95
1507.95
1507.95
1507.95
1507.95
1507.95
1507.95
1507.95
1507.95
1507.95
1507.95
1507.95
1507.95
1507.95
1507.95
1507.95
1507.95
1507.95
1507.95
1507.95
1507.95
1507.95
1507.95
1507.95
1507.95
1507.95
1507.95
1507.95
1507.95
1507.95
1507.95
1507.95
1507.95
1507.95
1507.95
1507.95
1507.95
1507.95
1507.95
1507.95
1507.95
1507.95
1507.95
1507.95
1507.95
1507.95
1507.95
1507.95
1507.95
1507.95
1507.95
1507.95
1507.95
1507.95
1507.95
1507.95
1507.95
1507.95
1507.95
1507.95
1507.95
1507.95
1507.95
1507.95
1507.95
1507.95
1507.95
1507.95
1507.95
1507.95
1507.95
1507.95
1507.95
1507.95
1507.95
1507.95
1507.95
1507.95
1507.95
1507.95
1507.95
1507.95
1507.95
1507.95
1507.95
1507.95
1507.95
1507.95
1507.95
1507.95
1507.95
1507.95
1507.95
1507.95
1507.95
1507.95
1507.95
1507.95
1507.95
1507.95
1507.95
1507.95
1507.95
1507.95
1507.95
1507.95
1507.95
1507.95
1507.95
1507.95
1507.95
1507.95
1507.95
1507.95
1507.95
1507.95
1507.95
1507.95
1507.95
1507.95
1507.95
1507.95
1507.95
1507.95
1507.95
1507.95
1507.95
1507.95
1507.95
1507.95
1507.95
1507.95
1507.95
1507.95
1507.95
1507.95
1507.95
1507.95
1507.95
1507.95
1507.95
1507.95
1507.95
1507.95
1507.95
1507.95
1507.95
1507.95
1507.95
1507.95
1507.95
1507.95
1507.95
1507.95
1507.95
1507.95
1507.95
1507.95
1507.95
1507.95
1507.95
1507.95
1507.95
1507.95
1507.95
1507.95
1507.95
1507.95
1507.95
1507.95
1507.95
1507.95
1507.95
1507.95
1507.95
1507.95
1507.95
1507.95
1507.95
1507.95
1507.95
1507.95
1507.95
1507.95
1507.95
1507.95
1507.95
1507.95
1507.95
1507.95
1507.95
1507.95
1507.95
1507.95
1507.95
1507.95
1507.95
1507.95
1507.95
1507.95
1507.95
1507.95
1507.95
1507.95
1507.95
1507.95
1507.95
1507.95
1507.95
1507.95
1507.95
1507.95
1507.95
1507.95
1507.95
1507.95
1507.95
1507.95
1507.95
1507.95
1507.95
1507.95
1507.95
1507.95
1507.95
1507.95
1507.95
1507.95
1507.95
1507.95
1507.95
1507.95
1507.95
1507.95
1507.95
1507.95
1507.95
1507.95
1507.95
1507.95
)
;

boundaryField
{
    sides
    {
        type            calculated;
        value           nonuniform List<scalar> 2(1507.95 1507.95);
    }
    empty1
    {
        type            empty;
    }
    empty2
    {
        type            empty;
    }
}


// ************************************************************************* //
