/*--------------------------------*- C++ -*----------------------------------*\
| =========                 |                                                 |
| \\      /  F ield         | OpenFOAM: The Open Source CFD Toolbox           |
|  \\    /   O peration     | Version:  2312                                  |
|   \\  /    A nd           | Website:  www.openfoam.com                      |
|    \\/     M anipulation  |                                                 |
\*---------------------------------------------------------------------------*/
FoamFile
{
    version     2.0;
    format      ascii;
    arch        "LSB;label=32;scalar=64";
    class       volScalarField;
    location    "0.0001";
    object      maxKappa;
}
// * * * * * * * * * * * * * * * * * * * * * * * * * * * * * * * * * * * * * //

dimensions      [0 0 0 0 0 0 0];

internalField   nonuniform List<scalar> 
800
(
0.828782
0.828782
0.828782
0.828782
0.828782
0.828782
0.828782
0.828782
0.828782
0.828782
0.828782
0.828782
0.828782
0.828782
0.828782
0.828782
0.828782
0.828782
0.828782
0.828782
0.828782
0.828782
0.828782
0.828782
0.828782
0.828782
0.828782
0.828782
0.828782
0.828782
0.828782
0.828782
0.828782
0.828782
0.828782
0.828782
0.828782
0.828782
0.828782
0.828782
0.828782
0.828782
0.828782
0.828782
0.828782
0.828782
0.828782
0.828782
0.828782
0.828782
0.828782
0.828782
0.828782
0.828782
0.828782
0.828782
0.828782
0.828782
0.828782
0.828782
0.828782
0.828782
0.828782
0.828782
0.828782
0.828782
0.828782
0.828782
0.828782
0.828782
0.828782
0.828782
0.828782
0.828782
0.828782
0.828782
0.828782
0.828782
0.828782
0.828782
0.828782
0.828782
0.828782
0.828782
0.828782
0.828782
0.828782
0.828782
0.828782
0.828782
0.828782
0.828782
0.828782
0.828782
0.828782
0.828782
0.828782
0.828782
0.828782
0.828782
0.828782
0.828782
0.828782
0.828782
0.828782
0.828782
0.828782
0.828782
0.828782
0.828782
0.828782
0.828782
0.828782
0.828782
0.828782
0.828782
0.828782
0.828782
0.828782
0.828782
0.828782
0.828782
0.828782
0.828782
0.828782
0.828782
0.828782
0.828782
0.828782
0.828782
0.828782
0.828782
0.828782
0.828782
0.828782
0.828782
0.828782
0.828782
0.828782
0.828782
0.828782
0.828782
0.828782
0.828782
0.828782
0.828782
0.828782
0.828782
0.828782
0.828782
0.828782
0.828782
0.828782
0.828782
0.828782
0.828782
0.828782
0.828782
0.828782
0.828782
0.828782
0.828782
0.828782
0.828782
0.828782
0.828782
0.828782
0.828782
0.828782
0.828782
0.828782
0.828782
0.828782
0.828782
0.828782
0.828782
0.828782
0.828782
0.828782
0.828782
0.828782
0.828782
0.828782
0.828782
0.828782
0.828782
0.828782
0.828782
0.828782
0.828782
0.828782
0.828782
0.828782
0.828782
0.828782
0.828782
0.828782
0.828782
0.828782
0.828782
0.828782
0.828782
0.828782
0.828782
0.828782
0.828782
0.828782
0.828782
0.828782
0.828782
0.828782
0.828782
0.828782
0.828782
0.828782
0.828782
0.828782
0.828782
0.828782
0.828782
0.828782
0.828782
0.828782
0.828782
0.828782
0.828782
0.828782
0.828782
0.828782
0.828782
0.828782
0.828782
0.828782
0.828782
0.828782
0.828782
0.828782
0.828782
0.828782
0.828782
0.828782
0.828782
0.828782
0.828782
0.828782
0.828782
0.828782
0.828782
0.828782
0.828782
0.828782
0.828782
0.828782
0.828782
0.828783
0.828783
0.828783
0.828783
0.828783
0.828784
0.828785
0.828786
0.828787
0.828789
0.828793
0.828797
0.828803
0.828811
0.828822
0.828836
0.828854
0.828877
0.828906
0.828943
0.828987
0.829041
0.829104
0.829177
0.829259
0.829352
0.829453
0.829558
0.82966
0.829756
0.829843
0.829923
0.829993
0.830054
0.830106
0.830149
0.830185
0.830214
0.830237
0.830255
0.830269
0.83028
0.830287
0.830293
0.830297
0.8303
0.830302
0.830304
0.830305
0.830305
0.830306
0.830306
0.830306
0.830306
0.830306
0.830306
0.830306
0.830306
0.830307
0.830307
0.830307
0.830307
0.830307
0.830307
0.830307
0.830307
0.830307
0.830307
0.830307
0.830307
0.830307
0.830307
0.830307
0.830307
0.830307
0.830307
0.830307
0.830307
0.830307
0.830307
0.830307
0.830307
0.830307
0.830307
0.830307
0.830307
0.830307
0.830307
0.830307
0.830307
0.830307
0.830307
0.830307
0.830307
0.830307
0.830307
0.830307
0.830307
0.830307
0.830307
0.830307
0.830307
0.830307
0.830307
0.830307
0.830307
0.830307
0.830307
0.830307
0.830307
0.830307
0.830307
0.830307
0.830308
0.830308
0.830308
0.830308
0.830308
0.830308
0.830308
0.830308
0.830308
0.830308
0.830308
0.830308
0.830308
0.830308
0.830308
0.830308
0.830308
0.830308
0.830307
0.830305
0.830303
0.830298
0.83029
0.830278
0.830258
0.830228
0.830183
0.830118
0.830025
0.829897
0.829724
0.829499
0.829213
0.828896
0.82848
0.828166
0.827918
0.827726
0.827583
0.82748
0.827406
0.827355
0.827321
0.827299
0.827285
0.827276
0.827271
0.827268
0.827266
0.827265
0.827264
0.827264
0.827264
0.827264
0.827264
0.827264
0.827264
0.827265
0.827265
0.827265
0.827265
0.827265
0.827265
0.827265
0.827265
0.827265
0.827265
0.827265
0.827265
0.827265
0.827265
0.827265
0.827265
0.827265
0.827266
0.827266
0.827266
0.827266
0.827266
0.827266
0.827266
0.827266
0.827266
0.827266
0.827266
0.827266
0.827266
0.827266
0.827266
0.827266
0.827266
0.827266
0.827266
0.827266
0.827266
0.827266
0.827266
0.827266
0.827266
0.827266
0.827266
0.827266
0.827266
0.827266
0.827266
0.827266
0.827266
0.827266
0.827266
0.827266
0.827266
0.827266
0.827266
0.827266
0.827266
0.827266
0.827266
0.827266
0.827266
0.827266
0.827266
0.827266
0.827266
0.827266
0.827267
0.827267
0.827267
0.827267
0.827267
0.827268
0.827269
0.82727
0.827272
0.827274
0.827277
0.827282
0.827289
0.827298
0.82731
0.827326
0.827346
0.827372
0.827405
0.827445
0.827494
0.827552
0.82762
0.827698
0.827785
0.827881
0.827984
0.828095
0.828203
0.828301
0.828389
0.828465
0.82853
0.828585
0.828629
0.828665
0.828694
0.828717
0.828734
0.828747
0.828757
0.828764
0.82877
0.828774
0.828776
0.828778
0.82878
0.82878
0.828781
0.828782
0.828782
0.828782
0.828782
0.828782
0.828782
0.828782
0.828782
0.828782
0.828782
0.828782
0.828782
0.828782
0.828782
0.828782
0.828782
0.828782
0.828782
0.828782
0.828782
0.828782
0.828782
0.828782
0.828782
0.828782
0.828782
0.828782
0.828782
0.828782
0.828782
0.828782
0.828782
0.828782
0.828782
0.828782
0.828782
0.828782
0.828782
0.828782
0.828782
0.828782
0.828782
0.828782
0.828782
0.828782
0.828782
0.828782
0.828782
0.828782
0.828782
0.828782
0.828782
0.828782
0.828782
0.828782
0.828782
0.828782
0.828782
0.828782
0.828782
0.828782
0.828782
0.828782
0.828782
0.828782
0.828782
0.828782
0.828782
0.828782
0.828782
0.828782
0.828782
0.828782
0.828782
0.828782
0.828782
0.828782
0.828782
0.828782
0.828782
0.828782
0.828782
0.828782
0.828782
0.828782
0.828782
0.828782
0.828782
0.828782
0.828782
0.828782
0.828782
0.828782
0.828782
0.828782
0.828782
0.828782
0.828782
0.828782
0.828782
0.828782
0.828782
0.828782
0.828782
0.828782
0.828782
0.828782
0.828782
0.828782
0.828782
0.828782
0.828782
0.828782
0.828782
0.828782
0.828782
0.828782
0.828782
0.828782
0.828782
0.828782
0.828782
0.828782
0.828782
0.828782
0.828782
0.828782
0.828782
0.828782
0.828782
0.828782
0.828782
0.828782
0.828782
0.828782
0.828782
0.828782
0.828782
0.828782
0.828782
0.828782
0.828782
0.828782
0.828782
0.828782
0.828782
0.828782
0.828782
0.828782
0.828782
0.828782
0.828782
0.828782
0.828782
0.828782
0.828782
0.828782
0.828782
0.828782
0.828782
0.828782
0.828782
0.828782
0.828782
0.828782
0.828782
0.828782
0.828782
0.828782
0.828782
0.828782
0.828782
0.828782
0.828782
0.828782
0.828782
0.828782
0.828782
0.828782
0.828782
0.828782
0.828782
0.828782
0.828782
0.828782
0.828782
0.828782
0.828782
0.828782
0.828782
0.828782
0.828782
0.828782
0.828782
0.828782
0.828782
0.828782
0.828782
0.828782
0.828782
0.828782
0.828782
0.828782
0.828782
0.828782
0.828782
0.828782
0.828782
0.828782
0.828782
0.828782
0.828782
0.828782
0.828782
0.828782
0.828782
0.828782
0.828782
0.828782
0.828782
0.828782
0.828782
0.828782
0.828782
0.828782
0.828782
0.828782
0.828782
0.828782
0.828782
0.828782
0.828782
0.828782
0.828782
0.828782
0.828782
0.828782
0.828782
0.828782
0.828782
0.828782
0.828782
0.828782
0.828782
0.828782
0.828782
0.828782
0.828782
0.828782
0.828782
0.828782
0.828782
0.828782
0.828782
0.828782
0.828782
0.828782
0.828782
0.828782
0.828782
)
;

boundaryField
{
    sides
    {
        type            calculated;
        value           uniform 0;
    }
    empty1
    {
        type            empty;
    }
    empty2
    {
        type            empty;
    }
}


// ************************************************************************* //
