/*--------------------------------*- C++ -*----------------------------------*\
| =========                 |                                                 |
| \\      /  F ield         | OpenFOAM: The Open Source CFD Toolbox           |
|  \\    /   O peration     | Version:  2312                                  |
|   \\  /    A nd           | Website:  www.openfoam.com                      |
|    \\/     M anipulation  |                                                 |
\*---------------------------------------------------------------------------*/
FoamFile
{
    version     2.0;
    format      ascii;
    arch        "LSB;label=32;scalar=64";
    class       volScalarField;
    location    "0.0001";
    object      rho;
}
// * * * * * * * * * * * * * * * * * * * * * * * * * * * * * * * * * * * * * //

dimensions      [1 -3 0 0 0 0 0];

internalField   nonuniform List<scalar> 
800
(
1002.15
1002.15
1002.15
1002.15
1002.15
1002.15
1002.15
1002.15
1002.15
1002.15
1002.15
1002.15
1002.15
1002.15
1002.15
1002.15
1002.15
1002.15
1002.15
1002.15
1002.15
1002.15
1002.15
1002.15
1002.15
1002.15
1002.15
1002.15
1002.15
1002.15
1002.15
1002.15
1002.15
1002.15
1002.15
1002.15
1002.15
1002.15
1002.15
1002.15
1002.15
1002.15
1002.15
1002.15
1002.15
1002.15
1002.15
1002.15
1002.15
1002.15
1002.15
1002.15
1002.15
1002.15
1002.15
1002.15
1002.15
1002.15
1002.15
1002.15
1002.15
1002.15
1002.15
1002.15
1002.15
1002.15
1002.15
1002.15
1002.15
1002.15
1002.15
1002.15
1002.15
1002.15
1002.15
1002.15
1002.15
1002.15
1002.15
1002.15
1002.15
1002.15
1002.15
1002.15
1002.15
1002.15
1002.15
1002.15
1002.15
1002.15
1002.15
1002.15
1002.15
1002.15
1002.15
1002.15
1002.15
1002.15
1002.15
1002.15
1002.15
1002.15
1002.15
1002.15
1002.15
1002.15
1002.15
1002.15
1002.15
1002.15
1002.15
1002.15
1002.15
1002.15
1002.15
1002.15
1002.15
1002.15
1002.15
1002.15
1002.15
1002.15
1002.15
1002.15
1002.15
1002.15
1002.15
1002.15
1002.15
1002.15
1002.15
1002.15
1002.15
1002.15
1002.15
1002.15
1002.15
1002.15
1002.15
1002.15
1002.15
1002.15
1002.15
1002.15
1002.15
1002.15
1002.15
1002.15
1002.15
1002.15
1002.15
1002.15
1002.15
1002.15
1002.15
1002.15
1002.15
1002.15
1002.15
1002.15
1002.15
1002.15
1002.15
1002.15
1002.15
1002.15
1002.15
1002.15
1002.15
1002.15
1002.15
1002.15
1002.15
1002.15
1002.15
1002.15
1002.15
1002.15
1002.15
1002.15
1002.15
1002.15
1002.15
1002.15
1002.15
1002.15
1002.15
1002.15
1002.15
1002.15
1002.15
1002.15
1002.15
1002.15
1002.15
1002.15
1002.15
1002.15
1002.15
1002.15
1002.15
1002.15
1002.15
1002.15
1002.15
1002.15
1002.15
1002.15
1002.15
1002.15
1002.15
1002.15
1002.15
1002.15
1002.15
1002.15
1002.15
1002.15
1002.15
1002.15
1002.15
1002.15
1002.15
1002.15
1002.15
1002.15
1002.15
1002.15
1002.15
1002.15
1002.15
1002.15
1002.15
1002.15
1002.15
1002.15
1002.15
1002.15
1002.15
1002.15
1002.15
1002.15
1002.15
1002.15
1002.15
1002.15
1002.15
1002.15
1002.15
1002.15
1002.15
1002.15
1002.15
1002.15
1002.15
1002.15
1002.15
1002.15
1002.15
1002.15
1002.15
1002.15
1002.15
1002.14
1002.14
1002.14
1002.13
1002.12
1002.11
1002.09
1002.07
1002.04
1002.01
1001.96
1001.91
1001.84
1001.77
1001.67
1001.57
1001.45
1001.32
1001.18
1001.04
1000.9
1000.78
1000.67
1000.57
1000.48
1000.4
1000.34
1000.28
1000.24
1000.2
1000.17
1000.15
1000.13
1000.12
1000.11
1000.1
1000.1
1000.1
1000.09
1000.09
1000.09
1000.09
1000.09
1000.09
1000.09
1000.09
1000.09
1000.09
1000.09
1000.09
1000.09
1000.09
1000.09
1000.09
1000.09
1000.09
1000.09
1000.09
1000.09
1000.09
1000.09
1000.09
1000.09
1000.09
1000.09
1000.09
1000.09
1000.09
1000.09
1000.09
1000.09
1000.09
1000.09
1000.09
1000.09
1000.09
1000.09
1000.09
1000.09
1000.09
1000.09
1000.09
1000.09
1000.09
1000.09
1000.09
1000.09
1000.09
1000.09
1000.09
1000.09
1000.09
1000.09
1000.09
1000.09
1000.09
1000.09
1000.09
1000.09
1000.09
1000.09
1000.09
1000.09
1000.09
1000.09
1000.09
1000.09
1000.09
1000.09
1000.09
1000.09
1000.09
1000.09
1000.09
1000.09
1000.09
1000.09
1000.09
1000.09
1000.09
1000.09
1000.09
1000.09
1000.09
1000.09
1000.09
1000.09
1000.09
1000.09
1000.09
1000.09
1000.09
1000.09
1000.09
1000.08
1000.08
1000.08
1000.08
1000.08
1000.07
1000.07
1000.07
1000.07
1000.07
1000.07
1000.07
1000.07
1000.07
1000.07
1000.07
1000.07
1000.07
1000.07
1000.07
1000.07
1000.07
1000.07
1000.07
1000.07
1000.07
1000.07
1000.07
1000.07
1000.07
1000.07
1000.07
1000.07
1000.07
1000.07
1000.07
1000.07
1000.07
1000.07
1000.07
1000.07
1000.07
1000.07
1000.07
1000.07
1000.07
1000.07
1000.07
1000.07
1000.07
1000.07
1000.07
1000.07
1000.07
1000.07
1000.07
1000.07
1000.07
1000.07
1000.07
1000.07
1000.07
1000.07
1000.07
1000.07
1000.07
1000.07
1000.07
1000.07
1000.07
1000.07
1000.07
1000.07
1000.07
1000.07
1000.07
1000.07
1000.07
1000.07
1000.07
1000.07
1000.07
1000.07
1000.07
1000.07
1000.07
1000.07
1000.07
1000.07
1000.07
1000.07
1000.07
1000.07
1000.07
1000.07
1000.07
1000.07
1000.07
1000.07
1000.07
1000.07
1000.07
1000.06
1000.06
1000.06
1000.05
1000.04
1000.03
1000.02
1000
999.975
999.944
999.904
999.854
999.794
999.721
999.636
999.537
999.425
999.3
999.165
999.02
998.871
998.731
998.605
998.494
998.398
998.316
998.249
998.194
998.15
998.115
998.088
998.067
998.051
998.04
998.031
998.025
998.02
998.017
998.015
998.013
998.012
998.012
998.011
998.011
998.011
998.01
998.01
998.01
998.01
998.01
998.01
998.01
998.01
998.01
998.01
998.01
998.01
998.01
998.01
998.01
998.01
998.01
998.01
998.01
998.01
998.01
998.01
998.01
998.01
998.01
998.01
998.01
998.01
998.01
998.01
998.01
998.01
998.01
998.01
998.01
998.01
998.01
998.01
998.01
998.01
998.01
998.01
998.01
998.01
998.01
998.01
998.01
998.01
998.01
998.01
998.01
998.01
998.01
998.01
998.01
998.01
998.01
998.01
998.01
998.01
998.01
998.01
998.01
998.01
998.01
998.01
998.01
998.01
998.01
998.01
998.01
998.01
998.01
998.01
998.01
998.01
998.01
998.01
998.01
998.01
998.01
998.01
998.01
998.01
998.01
998.01
998.01
998.01
998.01
998.01
998.01
998.01
998.01
998.01
998.01
998.01
998.01
998.01
998.01
998.01
998.01
998.01
998.01
998.01
998.01
998.01
998.01
998.01
998.01
998.01
998.01
998.01
998.01
998.01
998.01
998.01
998.01
998.01
998.01
998.01
998.01
998.01
998.01
998.01
998.01
998.01
998.01
998.01
998.01
998.01
998.01
998.01
998.01
998.01
998.01
998.01
998.01
998.01
998.01
998.01
998.01
998.01
998.01
998.01
998.01
998.01
998.01
998.01
998.01
998.01
998.01
998.01
998.01
998.01
998.01
998.01
998.01
998.01
998.01
998.01
998.01
998.01
998.01
998.01
998.01
998.01
998.01
998.01
998.01
998.01
998.01
998.01
998.01
998.01
998.01
998.01
998.01
998.01
998.01
998.01
998.01
998.01
998.01
998.01
998.01
998.01
998.01
998.01
998.01
998.01
998.01
998.01
998.01
998.01
998.01
998.01
998.01
998.01
998.01
998.01
998.01
998.01
998.01
998.01
998.01
998.01
998.01
998.01
998.01
998.01
998.01
998.01
998.01
998.01
998.01
998.01
998.01
998.01
998.01
998.01
998.01
998.01
998.01
998.01
998.01
998.01
998.01
998.01
998.01
998.01
998.01
998.01
998.01
998.01
998.01
998.01
998.01
998.01
998.01
998.01
998.01
998.01
998.01
998.01
998.01
998.01
998.01
998.01
998.01
998.01
998.01
998.01
998.01
998.01
998.01
998.01
)
;

boundaryField
{
    sides
    {
        type            calculated;
        value           nonuniform List<scalar> 2(998.01 1002.15);
    }
    empty1
    {
        type            empty;
    }
    empty2
    {
        type            empty;
    }
}


// ************************************************************************* //
