/*--------------------------------*- C++ -*----------------------------------*\
| =========                 |                                                 |
| \\      /  F ield         | OpenFOAM: The Open Source CFD Toolbox           |
|  \\    /   O peration     | Version:  2312                                  |
|   \\  /    A nd           | Website:  www.openfoam.com                      |
|    \\/     M anipulation  |                                                 |
\*---------------------------------------------------------------------------*/
FoamFile
{
    version     2.0;
    format      ascii;
    arch        "LSB;label=32;scalar=64";
    class       volScalarField;
    location    "0.0001";
    object      T;
}
// * * * * * * * * * * * * * * * * * * * * * * * * * * * * * * * * * * * * * //

dimensions      [0 0 0 1 0 0 0];

internalField   nonuniform List<scalar> 
800
(
293
293
293
293
293
293
293
293
293
293
293
293
293
293
293
293
293
293
293
293
293
293
293
293
293
293
293
293
293
293
293
293
293
293
293
293
293
293
293
293
293
293
293
293
293
293
293
293
293
293
293
293
293
293
293
293
293
293
293
293
293
293
293
293
293
293
293
293
293
293
293
293
293
293
293
293
293
293
293
293
293
293
293
293
293
293
293
293
293
293
293
293
293
293
293
293
293
293
293
293
293
293
293
293
293
293
293
293
293
293
293
293
293
293
293
293
293
293
293
293
293
293
293
293
293
293
293
293
293
293
293
293
293
293
293
293
293
293
293
293
293
293
293
293
293
293
293
293
293
293
293
293
293
293
293
293
293
293
293
293
293
293
293
293
293
293
293
293
293
293
293
293
293
293
293
293
293
293
293
293
293
293
293
293
293
293
293
293
293
293
293
293
293
293
293
293
293
293
293
293
293
293
293
293
293
293
293
293
293
293
293
293
293
293
293
293
293
293
293
293
293
293
293
293
293
293
293
293
293
293
293
293
293
293
293
293
293
293
293
293
293
293
293
293
293
293
293
293
293
293
293
293
293
293
293
293
293
293
292.999
292.999
292.999
292.998
292.997
292.996
292.994
292.991
292.988
292.983
292.977
292.968
292.957
292.942
292.924
292.901
292.872
292.838
292.797
292.749
292.694
292.632
292.564
292.49
292.417
292.348
292.284
292.225
292.172
292.126
292.086
292.052
292.024
292.001
291.983
291.968
291.957
291.948
291.942
291.937
291.933
291.931
291.929
291.928
291.927
291.926
291.926
291.926
291.926
291.925
291.925
291.925
291.925
291.925
291.925
291.925
291.925
291.925
291.925
291.925
291.925
291.925
291.925
291.925
291.925
291.925
291.925
291.925
291.925
291.925
291.925
291.925
291.925
291.925
291.925
291.925
291.925
291.925
291.925
291.925
291.925
291.925
291.925
291.925
291.925
291.925
291.925
291.925
291.925
291.925
291.925
291.925
291.925
291.925
291.925
291.925
291.925
291.925
291.925
291.925
291.925
291.925
291.925
291.925
291.925
291.925
291.925
291.925
291.925
291.925
291.925
291.925
291.924
291.924
291.924
291.924
291.924
291.924
291.924
291.924
291.924
291.924
291.924
291.924
291.924
291.924
291.925
291.925
291.927
291.929
291.933
291.94
291.951
291.968
291.993
292.031
292.085
292.161
292.266
292.404
292.583
292.808
293.067
293.314
293.515
293.673
293.793
293.882
293.946
293.991
294.022
294.042
294.056
294.064
294.07
294.073
294.074
294.076
294.076
294.076
294.076
294.076
294.076
294.076
294.076
294.076
294.076
294.076
294.076
294.076
294.076
294.076
294.076
294.076
294.076
294.076
294.076
294.076
294.076
294.076
294.076
294.075
294.075
294.075
294.075
294.075
294.075
294.075
294.075
294.075
294.075
294.075
294.075
294.075
294.075
294.075
294.075
294.075
294.075
294.075
294.075
294.075
294.075
294.075
294.075
294.075
294.075
294.075
294.075
294.075
294.075
294.075
294.075
294.075
294.075
294.075
294.075
294.075
294.075
294.075
294.075
294.075
294.075
294.075
294.075
294.075
294.075
294.075
294.075
294.075
294.075
294.075
294.075
294.075
294.075
294.075
294.074
294.074
294.074
294.074
294.073
294.072
294.07
294.068
294.066
294.062
294.056
294.049
294.039
294.026
294.01
293.989
293.963
293.932
293.894
293.849
293.798
293.739
293.674
293.603
293.527
293.45
293.377
293.311
293.253
293.203
293.161
293.126
293.097
293.074
293.055
293.041
293.03
293.022
293.016
293.011
293.008
293.005
293.004
293.003
293.002
293.001
293.001
293
293
293
293
293
293
293
293
293
293
293
293
293
293
293
293
293
293
293
293
293
293
293
293
293
293
293
293
293
293
293
293
293
293
293
293
293
293
293
293
293
293
293
293
293
293
293
293
293
293
293
293
293
293
293
293
293
293
293
293
293
293
293
293
293
293
293
293
293
293
293
293
293
293
293
293
293
293
293
293
293
293
293
293
293
293
293
293
293
293
293
293
293
293
293
293
293
293
293
293
293
293
293
293
293
293
293
293
293
293
293
293
293
293
293
293
293
293
293
293
293
293
293
293
293
293
293
293
293
293
293
293
293
293
293
293
293
293
293
293
293
293
293
293
293
293
293
293
293
293
293
293
293
293
293
293
293
293
293
293
293
293
293
293
293
293
293
293
293
293
293
293
293
293
293
293
293
293
293
293
293
293
293
293
293
293
293
293
293
293
293
293
293
293
293
293
293
293
293
293
293
293
293
293
293
293
293
293
293
293
293
293
293
293
293
293
293
293
293
293
293
293
293
293
293
293
293
293
293
293
293
293
293
293
293
293
293
293
293
293
293
293
293
293
293
293
293
293
293
293
293
293
293
293
293
293
293
293
293
)
;

boundaryField
{
    sides
    {
        type            zeroGradient;
    }
    empty1
    {
        type            empty;
    }
    empty2
    {
        type            empty;
    }
}


// ************************************************************************* //
