/*--------------------------------*- C++ -*----------------------------------*\
| =========                 |                                                 |
| \\      /  F ield         | OpenFOAM: The Open Source CFD Toolbox           |
|  \\    /   O peration     | Version:  2312                                  |
|   \\  /    A nd           | Website:  www.openfoam.com                      |
|    \\/     M anipulation  |                                                 |
\*---------------------------------------------------------------------------*/
FoamFile
{
    version     2.0;
    format      ascii;
    arch        "LSB;label=32;scalar=64";
    class       volScalarField;
    location    "0.0001";
    object      thermo:psiLiqEff;
}
// * * * * * * * * * * * * * * * * * * * * * * * * * * * * * * * * * * * * * //

dimensions      [-2 4 2 0 0 0 0];

internalField   nonuniform List<scalar> 
800
(
4.58242e-13
4.58242e-13
4.58242e-13
4.58242e-13
4.58242e-13
4.58242e-13
4.58242e-13
4.58242e-13
4.58242e-13
4.58242e-13
4.58242e-13
4.58242e-13
4.58242e-13
4.58242e-13
4.58242e-13
4.58242e-13
4.58242e-13
4.58242e-13
4.58242e-13
4.58242e-13
4.58242e-13
4.58242e-13
4.58242e-13
4.58242e-13
4.58242e-13
4.58242e-13
4.58242e-13
4.58242e-13
4.58242e-13
4.58242e-13
4.58242e-13
4.58242e-13
4.58242e-13
4.58242e-13
4.58242e-13
4.58242e-13
4.58242e-13
4.58242e-13
4.58242e-13
4.58242e-13
4.58242e-13
4.58242e-13
4.58242e-13
4.58242e-13
4.58242e-13
4.58242e-13
4.58242e-13
4.58242e-13
4.58242e-13
4.58242e-13
4.58242e-13
4.58242e-13
4.58242e-13
4.58242e-13
4.58242e-13
4.58242e-13
4.58242e-13
4.58242e-13
4.58242e-13
4.58242e-13
4.58242e-13
4.58242e-13
4.58242e-13
4.58242e-13
4.58242e-13
4.58242e-13
4.58242e-13
4.58242e-13
4.58242e-13
4.58242e-13
4.58242e-13
4.58242e-13
4.58242e-13
4.58242e-13
4.58242e-13
4.58242e-13
4.58242e-13
4.58242e-13
4.58242e-13
4.58242e-13
4.58242e-13
4.58242e-13
4.58242e-13
4.58242e-13
4.58242e-13
4.58242e-13
4.58242e-13
4.58242e-13
4.58242e-13
4.58242e-13
4.58242e-13
4.58242e-13
4.58242e-13
4.58242e-13
4.58242e-13
4.58242e-13
4.58242e-13
4.58242e-13
4.58242e-13
4.58242e-13
4.58242e-13
4.58242e-13
4.58242e-13
4.58242e-13
4.58242e-13
4.58242e-13
4.58242e-13
4.58242e-13
4.58242e-13
4.58242e-13
4.58242e-13
4.58242e-13
4.58242e-13
4.58242e-13
4.58242e-13
4.58242e-13
4.58242e-13
4.58242e-13
4.58242e-13
4.58242e-13
4.58242e-13
4.58242e-13
4.58242e-13
4.58242e-13
4.58242e-13
4.58242e-13
4.58242e-13
4.58242e-13
4.58242e-13
4.58242e-13
4.58242e-13
4.58242e-13
4.58242e-13
4.58242e-13
4.58242e-13
4.58242e-13
4.58242e-13
4.58242e-13
4.58242e-13
4.58242e-13
4.58242e-13
4.58242e-13
4.58242e-13
4.58242e-13
4.58242e-13
4.58242e-13
4.58242e-13
4.58242e-13
4.58242e-13
4.58242e-13
4.58242e-13
4.58242e-13
4.58242e-13
4.58242e-13
4.58242e-13
4.58242e-13
4.58242e-13
4.58242e-13
4.58242e-13
4.58242e-13
4.58242e-13
4.58242e-13
4.58242e-13
4.58242e-13
4.58242e-13
4.58242e-13
4.58242e-13
4.58242e-13
4.58242e-13
4.58242e-13
4.58242e-13
4.58242e-13
4.58242e-13
4.58242e-13
4.58242e-13
4.58242e-13
4.58242e-13
4.58242e-13
4.58242e-13
4.58242e-13
4.58242e-13
4.58242e-13
4.58242e-13
4.58242e-13
4.58242e-13
4.58242e-13
4.58242e-13
4.58242e-13
4.58242e-13
4.58242e-13
4.58242e-13
4.58242e-13
4.58242e-13
4.58242e-13
4.58242e-13
4.58242e-13
4.58242e-13
4.58242e-13
4.58242e-13
4.58242e-13
4.58242e-13
4.58242e-13
4.58242e-13
4.58242e-13
4.58242e-13
4.58242e-13
4.58242e-13
4.58242e-13
4.58242e-13
4.58242e-13
4.58242e-13
4.58242e-13
4.58242e-13
4.58242e-13
4.58242e-13
4.58242e-13
4.58242e-13
4.58242e-13
4.58242e-13
4.58242e-13
4.58242e-13
4.58242e-13
4.58242e-13
4.58242e-13
4.58242e-13
4.58242e-13
4.58242e-13
4.58242e-13
4.58242e-13
4.58242e-13
4.58242e-13
4.58242e-13
4.58242e-13
4.58242e-13
4.58242e-13
4.58242e-13
4.58242e-13
4.58242e-13
4.58242e-13
4.58242e-13
4.58242e-13
4.58242e-13
4.58242e-13
4.58242e-13
4.58242e-13
4.58242e-13
4.58242e-13
4.58242e-13
4.58242e-13
4.58242e-13
4.58242e-13
4.58243e-13
4.58243e-13
4.58243e-13
4.58243e-13
4.58243e-13
4.58243e-13
4.58244e-13
4.58244e-13
4.58245e-13
4.58247e-13
4.58249e-13
4.58252e-13
4.58256e-13
4.58262e-13
4.58271e-13
4.58282e-13
4.58298e-13
4.5832e-13
4.58348e-13
4.58385e-13
4.58433e-13
4.58494e-13
4.5857e-13
4.58664e-13
4.58778e-13
4.58914e-13
4.59074e-13
4.59257e-13
4.59463e-13
4.59691e-13
4.59936e-13
4.6018e-13
4.60411e-13
4.60626e-13
4.60823e-13
4.60999e-13
4.61154e-13
4.61288e-13
4.61401e-13
4.61495e-13
4.61572e-13
4.61635e-13
4.61684e-13
4.61722e-13
4.61751e-13
4.61773e-13
4.6179e-13
4.61802e-13
4.6181e-13
4.61816e-13
4.6182e-13
4.61823e-13
4.61825e-13
4.61827e-13
4.61828e-13
4.61828e-13
4.61828e-13
4.61829e-13
4.61829e-13
4.61829e-13
4.61829e-13
4.61829e-13
4.61829e-13
4.61829e-13
4.61829e-13
4.61829e-13
4.61829e-13
4.61829e-13
4.61829e-13
4.6183e-13
4.6183e-13
4.6183e-13
4.6183e-13
4.6183e-13
4.6183e-13
4.6183e-13
4.6183e-13
4.6183e-13
4.6183e-13
4.6183e-13
4.6183e-13
4.6183e-13
4.6183e-13
4.6183e-13
4.6183e-13
4.6183e-13
4.6183e-13
4.6183e-13
4.6183e-13
4.6183e-13
4.6183e-13
4.6183e-13
4.6183e-13
4.6183e-13
4.6183e-13
4.6183e-13
4.6183e-13
4.6183e-13
4.6183e-13
4.6183e-13
4.6183e-13
4.6183e-13
4.6183e-13
4.6183e-13
4.6183e-13
4.6183e-13
4.6183e-13
4.6183e-13
4.6183e-13
4.6183e-13
4.6183e-13
4.61831e-13
4.61831e-13
4.61831e-13
4.61831e-13
4.61831e-13
4.61831e-13
4.61831e-13
4.61831e-13
4.61831e-13
4.61831e-13
4.61831e-13
4.61831e-13
4.61831e-13
4.61831e-13
4.61831e-13
4.61832e-13
4.61832e-13
4.61832e-13
4.61832e-13
4.61832e-13
4.61832e-13
4.61831e-13
4.61831e-13
4.6183e-13
4.61827e-13
4.61824e-13
4.61817e-13
4.61806e-13
4.61789e-13
4.61763e-13
4.61723e-13
4.61664e-13
4.61578e-13
4.61458e-13
4.61294e-13
4.61077e-13
4.60796e-13
4.60445e-13
4.60039e-13
4.59654e-13
4.59341e-13
4.59096e-13
4.58909e-13
4.58771e-13
4.58671e-13
4.58601e-13
4.58553e-13
4.58521e-13
4.58501e-13
4.58487e-13
4.58479e-13
4.58474e-13
4.58472e-13
4.5847e-13
4.58469e-13
4.58469e-13
4.58469e-13
4.58469e-13
4.58469e-13
4.58469e-13
4.58469e-13
4.58469e-13
4.58469e-13
4.58469e-13
4.58469e-13
4.58469e-13
4.58469e-13
4.5847e-13
4.5847e-13
4.5847e-13
4.5847e-13
4.5847e-13
4.5847e-13
4.5847e-13
4.5847e-13
4.5847e-13
4.5847e-13
4.5847e-13
4.5847e-13
4.5847e-13
4.5847e-13
4.5847e-13
4.5847e-13
4.5847e-13
4.5847e-13
4.5847e-13
4.5847e-13
4.5847e-13
4.5847e-13
4.5847e-13
4.5847e-13
4.58471e-13
4.58471e-13
4.58471e-13
4.58471e-13
4.58471e-13
4.58471e-13
4.58471e-13
4.58471e-13
4.58471e-13
4.58471e-13
4.58471e-13
4.58471e-13
4.58471e-13
4.58471e-13
4.58471e-13
4.58471e-13
4.58471e-13
4.58471e-13
4.58471e-13
4.58471e-13
4.58471e-13
4.58471e-13
4.58471e-13
4.58471e-13
4.58471e-13
4.58471e-13
4.58471e-13
4.58471e-13
4.58471e-13
4.58471e-13
4.58471e-13
4.58471e-13
4.58471e-13
4.58471e-13
4.58472e-13
4.58472e-13
4.58472e-13
4.58472e-13
4.58472e-13
4.58472e-13
4.58472e-13
4.58473e-13
4.58473e-13
4.58474e-13
4.58476e-13
4.58478e-13
4.58481e-13
4.58486e-13
4.58493e-13
4.58502e-13
4.58516e-13
4.58534e-13
4.58558e-13
4.58591e-13
4.58633e-13
4.58688e-13
4.58757e-13
4.58842e-13
4.58947e-13
4.59073e-13
4.59222e-13
4.59393e-13
4.59588e-13
4.59805e-13
4.60041e-13
4.60292e-13
4.60551e-13
4.60794e-13
4.61014e-13
4.61208e-13
4.61375e-13
4.61517e-13
4.61635e-13
4.61731e-13
4.61809e-13
4.6187e-13
4.61917e-13
4.61954e-13
4.61981e-13
4.62002e-13
4.62017e-13
4.62028e-13
4.62036e-13
4.62042e-13
4.62046e-13
4.62048e-13
4.6205e-13
4.62051e-13
4.62052e-13
4.62053e-13
4.62053e-13
4.62054e-13
4.62054e-13
4.62054e-13
4.62054e-13
4.62054e-13
4.62054e-13
4.62054e-13
4.62054e-13
4.62054e-13
4.62054e-13
4.62054e-13
4.62054e-13
4.62054e-13
4.62054e-13
4.62054e-13
4.62054e-13
4.62054e-13
4.62054e-13
4.62054e-13
4.62054e-13
4.62054e-13
4.62054e-13
4.62054e-13
4.62054e-13
4.62054e-13
4.62054e-13
4.62054e-13
4.62054e-13
4.62054e-13
4.62054e-13
4.62054e-13
4.62054e-13
4.62054e-13
4.62054e-13
4.62054e-13
4.62054e-13
4.62054e-13
4.62054e-13
4.62054e-13
4.62054e-13
4.62054e-13
4.62054e-13
4.62054e-13
4.62054e-13
4.62054e-13
4.62054e-13
4.62054e-13
4.62054e-13
4.62054e-13
4.62054e-13
4.62054e-13
4.62054e-13
4.62054e-13
4.62054e-13
4.62054e-13
4.62054e-13
4.62054e-13
4.62054e-13
4.62054e-13
4.62054e-13
4.62054e-13
4.62054e-13
4.62054e-13
4.62054e-13
4.62054e-13
4.62054e-13
4.62054e-13
4.62054e-13
4.62054e-13
4.62054e-13
4.62054e-13
4.62054e-13
4.62054e-13
4.62054e-13
4.62054e-13
4.62054e-13
4.62054e-13
4.62054e-13
4.62054e-13
4.62054e-13
4.62054e-13
4.62054e-13
4.62054e-13
4.62054e-13
4.62054e-13
4.62054e-13
4.62054e-13
4.62054e-13
4.62054e-13
4.62054e-13
4.62054e-13
4.62054e-13
4.62054e-13
4.62054e-13
4.62054e-13
4.62054e-13
4.62054e-13
4.62054e-13
4.62054e-13
4.62054e-13
4.62054e-13
4.62054e-13
4.62054e-13
4.62054e-13
4.62054e-13
4.62054e-13
4.62054e-13
4.62054e-13
4.62054e-13
4.62054e-13
4.62054e-13
4.62054e-13
4.62054e-13
4.62054e-13
4.62054e-13
4.62054e-13
4.62054e-13
4.62054e-13
4.62054e-13
4.62054e-13
4.62054e-13
4.62054e-13
4.62054e-13
4.62054e-13
4.62054e-13
4.62054e-13
4.62054e-13
4.62054e-13
4.62054e-13
4.62054e-13
4.62054e-13
4.62054e-13
4.62054e-13
4.62054e-13
4.62054e-13
4.62054e-13
4.62054e-13
4.62054e-13
4.62054e-13
4.62054e-13
4.62054e-13
4.62054e-13
4.62054e-13
4.62054e-13
4.62054e-13
4.62054e-13
4.62054e-13
4.62054e-13
4.62054e-13
4.62054e-13
4.62054e-13
4.62054e-13
4.62054e-13
4.62054e-13
4.62054e-13
4.62054e-13
4.62054e-13
4.62054e-13
4.62054e-13
4.62054e-13
4.62054e-13
4.62054e-13
4.62054e-13
4.62054e-13
4.62054e-13
4.62054e-13
4.62054e-13
4.62054e-13
4.62054e-13
4.62054e-13
4.62054e-13
4.62054e-13
4.62054e-13
4.62054e-13
4.62054e-13
4.62054e-13
4.62054e-13
4.62054e-13
4.62054e-13
4.62054e-13
4.62054e-13
4.62054e-13
4.62054e-13
4.62054e-13
4.62054e-13
4.62054e-13
4.62054e-13
4.62054e-13
4.62054e-13
4.62054e-13
4.62054e-13
4.62054e-13
4.62054e-13
4.62054e-13
4.62054e-13
4.62054e-13
4.62054e-13
4.62054e-13
4.62054e-13
4.62054e-13
4.62054e-13
4.62054e-13
4.62054e-13
4.62054e-13
4.62054e-13
4.62054e-13
4.62054e-13
4.62054e-13
4.62054e-13
4.62054e-13
4.62054e-13
4.62054e-13
4.62054e-13
4.62054e-13
4.62054e-13
4.62054e-13
4.62054e-13
4.62054e-13
4.62054e-13
4.62054e-13
4.62054e-13
4.62054e-13
4.62054e-13
4.62054e-13
4.62054e-13
4.62054e-13
4.62054e-13
4.62054e-13
4.62054e-13
4.62054e-13
4.62054e-13
4.62054e-13
4.62054e-13
4.62054e-13
4.62054e-13
4.62054e-13
4.62054e-13
4.62054e-13
4.62054e-13
4.62054e-13
4.62054e-13
4.62054e-13
4.62054e-13
4.62054e-13
4.62054e-13
4.62054e-13
4.62054e-13
4.62054e-13
4.62054e-13
4.62054e-13
4.62054e-13
4.62054e-13
4.62054e-13
4.62054e-13
4.62054e-13
4.62054e-13
)
;

boundaryField
{
    sides
    {
        type            calculated;
        value           nonuniform List<scalar> 2(4.62054e-13 4.58242e-13);
    }
    empty1
    {
        type            empty;
    }
    empty2
    {
        type            empty;
    }
}


// ************************************************************************* //
