/*--------------------------------*- C++ -*----------------------------------*\
| =========                 |                                                 |
| \\      /  F ield         | OpenFOAM: The Open Source CFD Toolbox           |
|  \\    /   O peration     | Version:  2312                                  |
|   \\  /    A nd           | Website:  www.openfoam.com                      |
|    \\/     M anipulation  |                                                 |
\*---------------------------------------------------------------------------*/
FoamFile
{
    version     2.0;
    format      ascii;
    arch        "LSB;label=32;scalar=64";
    class       volScalarField;
    location    "0.0008";
    object      p;
}
// * * * * * * * * * * * * * * * * * * * * * * * * * * * * * * * * * * * * * //

dimensions      [1 -1 -2 0 0 0 0];

internalField   nonuniform List<scalar> 
5000
(
1000000000
1000000000
1000000000
1000000000
1000000000
1000000000
1000000000
1000000000
1000000000
1000000000
1000000000
1000000000
1000000000
1000000000
1000000000
1000000000
1000000000
1000000000
1000000000
1000000000
1000000000
1000000000
1000000000
1000000000
1000000000
1000000000
1000000000
1000000000
1000000000
1000000000
1000000000
1000000000
1000000000
1000000000
1000000000
1000000000
1000000000
1000000000
1000000000
1000000000
1000000000
1000000000
1000000000
1000000000
1000000000
1000000000
1000000000
1000000000
1000000000
1000000000
1000000000
1000000000
1000000000
1000000000
1000000000
1000000000
1000000000
1000000000
1000000000
1000000000
1000000000
1000000000
1000000000
1000000000
1000000000
1000000000
1000000000
1000000000
1000000000
1000000000
1000000000
1000000000
1000000000
1000000000
999999999.9
999999999.6
999999999
999999997.8
999999995.4
999999990.6
999999981
999999962
999999925
999999853.5
999999717.2
999999460.8
999998984.7
999998111
999996528.7
999993702.9
999988728.7
999980103.3
999965377.2
999940638
999899770.1
999833432.2
999727709.4
999562433.2
999309240.7
998929567.1
998372943.9
997576187
996464280.1
994953948.8
992961122.4
990414084.2
987277120.8
983582850.6
979406560.6
974811622.8
969846453
964555593.2
958982718.2
953169770.9
947155714.9
940975681.4
934660598.5
928237212.3
921728367.4
915153425.4
908528732.6
901868080.7
895183129
888483775.1
881778470.5
875074486.3
868378134.1
861694950.1
855029848.8
848387253.7
841771210
835185485.5
828633664.9
822119317.4
815646497.8
809219781.5
802844219
796524252.5
790264324.1
784069851.9
777947143.5
771903542.7
765947771.1
760090301.3
754343830.8
748723890.8
743249589.5
737944320.9
732835907.7
727960701.2
723361997.1
719084074.6
715138473.2
711539498
706302341
699011073.1
690588413.7
682453719.2
674888832.8
667725826.3
660866747.6
654246256.8
647816826.3
641544781.5
635406724.2
629385026.7
623466083.5
617638944.2
611894551
606225514.2
600625952.3
595091235.9
589617967.9
584203663.2
578845942.5
573542834.5
568292585.2
563093620.4
557944629.2
552844569.4
547792544.8
542787793.8
537829660.6
532917482
528050675.1
523228939.3
518452154.8
513720081.7
509032331.7
504388557.4
499788587.1
495232586.3
490720943.2
486253791.7
481831267.7
477453845.2
473121625.1
468834878.2
464594840
460402281.4
456257916.9
452163232.1
448119920
444129890.2
440195157.8
436318099.7
432501614
428748699.5
425062955.5
421449393.2
417914595.4
414466177.8
411113241.8
407866798.8
404740068.2
401748633.6
398910374.1
396244958.2
393772704.7
391512783
389480918.8
387686941.8
386132651.9
384810597
383704291.4
382790026.1
382039880.8
381425111.4
380919034.1
380498825.8
380146133.1
379846729.4
379589659.3
379366332.6
379169861.8
378994744.6
378836762.7
378692884.1
378561061.3
378439907.1
378328360.6
378225451.6
378130170.7
378041465
377958298.6
377879754.3
377805123.2
377733947.9
377665991.5
377601163.1
377539437.3
377480741.2
377424945.9
377371864.5
377321290.7
377273042.9
377226952.8
377182904.4
377140769
377100353.9
377061487.2
377024013.9
376987794
376952743.5
376918847.8
376886089.1
376854393.3
376823737.7
376794114.4
376765539.1
376737915
376711108.7
376685146.6
376659879.8
376635207.9
376611068.9
376587537.4
376564699
376542492.8
376520754.2
376499722.5
376479402.5
376459388.3
376439858.4
376420552.1
376401692.2
376383266.1
376365129.7
376347604.6
376330639.4
376313519
376297224.7
376281286.6
376265703.1
376250287
376235044.8
376220014.7
376205020.1
376190283
376176115.7
376162424.4
376148782.4
376135602.3
376123046.2
376110281
376097817
376086059.7
376073961.7
376061967.9
376050889.5
376039142.4
376027228.8
376016718.9
376005057.3
375993398.3
375982904.3
375971407.6
375961239.9
375950620.8
375940524.1
375930926.3
375921055.6
375911928
375902613.8
375893565.7
375884712.1
375876054.7
375867739.7
375860039.6
375853220.7
375847704
375844187.2
375842888.8
375842986.7
375847094.3
375858202.3
375922328.2
375909150.7
375806217.2
375812178.5
375783858.5
375781804.6
375749411.7
375677864
375257311.6
375151129.6
375991827
376283989.9
375899825.3
375855715.9
375838385.8
375826105.8
375822693.9
375823406.3
375825035.1
375825680
375825413.7
375825189.1
375825372.5
375826106.9
375827502.8
375829233.2
375830766.2
375832021.7
375833157.2
375834293.6
375835538
375836982.4
375838612.1
375840243.9
375841765.9
375843218.5
375844649.6
375846085.2
375847541
375849030
375850556
375852093.3
375853618.7
375855139.3
375856657.7
375858167
375859693.2
375861206.4
375862822.2
375864404.9
375866036.6
375867636.5
375869194.6
375870784.2
375872399.9
375873983.6
375875600.2
375877255.3
375878906.4
375880571.9
375882246.9
375883929.8
375885623.6
375887331.8
375889054.9
375890792.1
375892540.4
375894294.9
375896051.7
375897808.7
375899565.7
375901323
375903080.6
375904838.2
375906594.6
375908348.7
375910100.1
375911849.3
375913596.6
375915342.8
375917088.2
375918832.7
375920575.4
375922314.8
375924050.3
375925781.9
375927509.5
375929233.7
375930955
375932674
375934391.7
375936108.9
375937826.7
375939545.7
375941266.6
375942989.4
375944713.8
375946439.3
375948165.1
375949890.5
375951614.9
375953337.7
375955058.9
375956778.8
375958498.3
375960217.6
375961936.2
375963654.1
375965371.6
375967089
375968806.8
375970525.6
375972246.6
375973971.1
375975701
375977437.9
375979182.5
375980935.2
375982696.3
375984466.3
375986246.5
375988037.9
375989841.7
375991659.4
375993493.1
375995344.7
375997215.3
375999104.8
376001011.7
376002933.7
376004869
376006816.2
376008774.5
376010743.4
376012721.9
376014709.2
376016704.7
376018708.1
376020718.4
376022734.1
376024753.6
376026776.2
376028802.4
376030833.6
376032871.2
376034915.7
376036967.2
376039026.1
376041092.7
376043166.1
376045245.2
376047328.4
376049414.5
376051503.3
376053596.4
376055697.4
376057807.3
376059926.4
376062053.8
376064188.3
376066328
376068471.3
376070617.2
376072765
376074913.5
376077062.4
376079211.9
376081363.3
376083517.8
376085674.8
376087830.5
376089982
376092128.8
376094270.7
376096408.5
376098543.7
376100678.1
376102813.3
376104952.5
376107096.8
376109246.1
376111397.7
376113548.3
376115697.6
376117846.9
376119997.9
376122153.4
376124317.4
376126494.3
376128688.5
376130901.3
376133131.1
376135374.4
376137628.2
376139892
376142166.6
376144452.8
376146751.2
376149064.2
376151394.2
376153741.6
376156104
376158477.6
376160858.8
376163244.2
376165632.9
376168027.4
376170434.3
376172859
376175303.1
376177765.7
376180246.8
376182745.9
376185258.6
376187777.7
376190299.3
376192825.4
376195361.4
376197911.3
376200476.6
376203059.7
376205663.6
376208287.3
376210924
376213567.5
376216214.7
376218862.4
376221511.7
376224165.8
376226830.4
376229513.5
376232213.5
376234927.7
376237653.4
376240386.6
376243119.3
376245846.2
376248570.3
376251294.2
376254020.2
376256755.5
376259508
376262276
376265056.4
376267845.1
376270630.1
376273404
376276169.6
376278930.8
376281691.1
376284453.9
376287227.3
376290021.8
376292836.4
376295668.6
376298510.7
376301348.7
376304177.3
376307002.4
376309828
376312658.8
376315504.6
376318381.5
376321291.5
376324231.3
376327195.6
376330178
376333170.7
376336165.4
376339158.3
376342154.4
376345162.1
376348195.6
376351265.2
376354366.4
376357493.6
376360637.2
376363776.6
376366900.1
376370014.2
376373125.2
376376237.4
376379358.3
376382508.1
376385697.3
376388920.1
376392170.8
376395438.6
376398699.9
376401942.2
376405173
376408399.5
376411627.3
376414866.4
376418143.8
376421463.8
376424820.3
376428206.4
376431608.9
376435001.1
376438372.7
376441732.6
376445088.8
376448448.6
376451834.2
376455271.4
376458758
376462284.9
376465843.7
376469412.2
376472957.9
376476478.9
376479986.4
376483490.1
376487000
376490549.8
376494161.5
376497830.6
376501545
376505292.1
376509033.4
376512736
376516406.6
376520058.1
376523703.3
376527355.8
376531057.1
376534829
376538665.8
376542552.8
376546470.9
376550372.7
376554226.7
376558040.9
376561830.2
376565611.1
376569404.1
376573263.1
376577203.9
376581220.2
376585294.1
376589402.4
376593494.6
376597535.7
376601535.1
376605510.1
376609479.8
376613482.3
376617575.7
376621767.6
376626043.7
376630381.3
376634737.4
376639038.2
376643264.8
376647431.9
376651564.3
376655689.7
376659855.3
376664136.4
376668541.8
376673053.1
376677642.2
376682257.6
376686808
376691271.9
376695668.3
376700026.7
376704379
376708790
376713338.4
376718031.9
376722846.9
376727744.4
376732653.2
376737470.1
376742176.9
376746793.8
376751356.8
376755909.3
376760541.8
376765329.1
376770283.8
376775378.1
376780560.4
376785746.6
376790824.7
376795773.2
376800611.7
376805385.7
376810149.8
376815025.1
376820081.9
376825332.8
376830739.8
376836235.6
376841699.7
376847004.4
376852135.6
376857126.3
376862037.5
376866937.4
376871976.7
376877254
376882782.9
376888514.5
376894372.3
376900211.2
376905861
376911311.6
376916609.5
376921828.8
376927046.7
376932451.7
376938164.2
376944188.9
376950461.4
376956889.7
376963286.1
376969453.8
376975390.6
376981157
376986842.6
376992546.6
376998517.2
377004866.7
377011590.3
377018605.2
377025788.3
377032895.5
377039716.8
377046255.1
377052581.5
377058808.7
377065075.2
377071672.5
377078712.4
377086188.2
377093995.4
377101961.7
377109785
377117239.2
377124315.9
377131095.1
377137723.7
377144390.9
377151430.4
377158981.5
377167048.7
377175507
377184130.2
377192570
377200554.3
377208052
377215155.8
377222052.3
377228988.5
377236355.8
377244328.9
377252915.7
377261961.6
377271188.4
377280170.2
377288590.4
377296417.9
377303775.1
377310893.9
377318083.5
377325816.6
377334301.1
377343533.6
377353318.6
377363313.4
377372988.6
377381972.9
377390245.7
377397962.3
377405402.7
377412939
377421155.5
377430296.1
377440357.7
377451104.8
377462122.3
377472762.9
377482561.1
377491476.9
377499688.8
377507537.7
377515469.1
377524201.8
377534055.6
377545045
377556892.6
377569097.4
377580875.8
377591612.6
377601251.8
377610015.1
377618323.8
377626720.7
377636140
377646989.7
377659272.2
377672631.3
377686452.6
377699736.3
377711748.1
377722484.3
377732251
377741555
377751052.1
377761898.9
377774537.5
377788933.1
377804630.1
377820854.8
377836326.5
377850246.9
377862632
377873848.7
377884520.9
377895478.8
377907920.4
377922345.2
377938793.5
377956761.4
377975254
377992871.9
378008575.6
378022151.3
378033941.6
378044775.5
378055790
378068206.4
378082783.2
378099705.7
378118393.3
378137520.8
378155520.3
378171109.6
378183936.6
378194374.8
378203339.1
378212057.1
378222136
378234843.5
378250830.6
378269611.7
378289245.9
378307098
378321158.5
378331749.9
378340281.5
378348161.6
378356454.6
378365926.2
378377617.1
378393249
378413808.7
378437972.9
378460707.1
378476110.9
378477953.7
378467625.6
378450168.1
378419539.1
378342661.2
378184899.9
377896155
377347045.4
376272914.8
374205754.8
370309123.4
363045000.3
349684546.2
325783509.3
285185290.3
221554314.4
136226844.5
68130920.59
31824744.44
14417334.16
6443017.183
2864052.377
1272585.008
567831.2184
256318.1234
118737.0307
57996.12866
31184.05772
19349.70824
14126.46862
11821.18423
10803.76776
10354.73773
10156.56898
10069.11466
10030.51306
10013.48486
10005.97039
10002.65261
10001.17973
10000.53656
10000.25237
10000.12488
10000.07306
10000.04881
10000.04095
10000.03523
10000.03369
10000.03166
10000.02726
10000.0297
10000.03236
10000.03058
10000.03104
10000.03071
10000.03674
10000.03409
10000.03162
10000.02931
10000.0276
10000.02234
10000.02615
10000.02647
10000.02705
10000.02948
10000.03034
10000.03455
10000.0268
10000.0302
10000.02771
10000.02608
10000.02858
10000.02995
10000.02988
10000.02672
10000.02622
10000.03085
10000.03291
10000.0319
10000.0348
10000.03734
10000.02931
10000.03348
10000.02883
10000.02765
10000.03078
10000.02744
10000.02973
10000.03276
10000.03558
10000.03367
10000.03441
10000.0362
10000.03614
10000.0373
10000.03501
10000.03787
10000.03474
10000.03494
10000.03728
10000.03664
10000.03504
10000.03463
10000.03541
10000.03629
10000.03578
10000.03831
10000.04388
10000.0405
10000.04134
10000.04283
10000.04636
10000.0446
10000.04553
10000.04148
10000.04503
10000.04537
10000.04669
10000.04653
10000.04534
10000.04713
10000.04813
10000.04551
10000.0432
10000.04492
10000.04379
10000.04157
10000.04194
10000.03985
10000.03825
10000.03665
10000.03784
10000.04376
10000.04047
10000.03926
10000.03817
10000.04349
10000.03988
10000.04017
10000.03901
10000.03411
10000.03638
10000.03643
10000.03729
10000.03733
10000.03906
10000.03918
10000.04078
10000.03788
10000.03851
10000.03981
10000.03883
10000.04016
10000.03723
10000.03747
10000.04277
10000.0395
10000.03908
10000.03694
10000.03862
10000.03851
10000.03812
10000.03807
10000.04494
10000.03901
10000.03918
10000.04107
10000.04058
10000.04161
10000.04269
10000.03619
10000.0386
10000.03615
10000.03915
10000.04113
10000.04185
10000.04549
10000.03829
10000.04117
10000.03907
10000.0395
10000.03833
10000.03977
10000.03605
10000.03164
10000.0307
10000.03213
10000.03262
10000.03438
10000.0378
10000.04259
10000.04397
10000.04902
10000.04688
10000.04942
10000.04756
10000.0507
10000.04456
10000.04279
10000.03874
10000.04528
10000.04547
10000.04374
10000.0398
10000.04304
10000.04339
10000.04345
10000.04442
10000.04472
10000.04
10000.03834
10000.03754
10000.041
10000.04039
10000.03965
10000.03644
10000.04041
10000.04154
10000.04009
10000.04236
10000.04033
10000.04386
10000.04816
10000.04655
10000.04761
10000.04105
10000.03766
10000.036
10000.03754
10000.0408
10000.04223
10000.03943
10000.03491
10000.03387
10000.03555
10000.03431
10000.03444
10000.03984
10000.03698
10000.04599
10000.0376
10000.0387
10000.03859
10000.0374
10000.03911
10000.04183
10000.04033
10000.04166
10000.04325
10000.0454
10000.04603
10000.04743
10000.04829
10000.04672
10000.04998
10000.04867
10000.04595
10000.04623
10000.04473
10000.0483
10000.04649
10000.05028
10000.04914
10000.04983
10000.05314
10000.05154
10000.05516
10000.0511
10000.05249
10000.05161
10000.05065
10000.0487
10000.04694
10000.05154
10000.05055
10000.04745
10000.04301
10000.04472
10000.0421
10000.04409
10000.04407
10000.04116
10000.04388
10000.03967
10000.04019
10000.04112
10000.0392
10000.04227
10000.03787
10000.03907
10000.04056
10000.04104
10000.04229
10000.04162
10000.04312
10000.04241
10000.04225
10000.04221
10000.04037
10000.03804
10000.03809
10000.04022
10000.04028
10000.03689
10000.04132
10000.03895
10000.04107
10000.03816
10000.04336
10000.04092
10000.04129
10000.04129
10000.04006
10000.04043
10000.04389
10000.04435
10000.0437
10000.03498
10000.03409
10000.03308
10000.03343
10000.03554
10000.03541
10000.03915
10000.03786
10000.03163
10000.03255
10000.03161
10000.03441
10000.03431
10000.03157
10000.03268
10000.02974
10000.0314
10000.03124
10000.03065
10000.03695
10000.0421
10000.03853
10000.03862
10000.03505
10000.03485
10000.03493
10000.04135
10000.03744
10000.03682
10000.0334
10000.03374
10000.0347
10000.0377
10000.03793
10000.03809
10000.03376
10000.03324
10000.03847
10000.03753
10000.03908
10000.03723
10000.03685
10000.03669
10000.03551
10000.03252
10000.03628
10000.03634
10000.03542
10000.03226
10000.03424
10000.03458
10000.03529
10000.03654
10000.03335
10000.03215
10000.03324
10000.0324
10000.03018
10000.03135
10000.0309
10000.03328
10000.03591
10000.03507
10000.03456
10000.0315
10000.03286
10000.02886
10000.03073
10000.03125
10000.02928
10000.02985
10000.02941
10000.03105
10000.02937
10000.02727
10000.03232
10000.03134
10000.02914
10000.02958
10000.03106
10000.03148
10000.03217
10000.03544
10000.03086
10000.03183
10000.0339
10000.03321
10000.03299
10000.03929
10000.0357
10000.03615
10000.03572
10000.03575
10000.03537
10000.03551
10000.0414
10000.03784
10000.03415
10000.03467
10000.03678
10000.03655
10000.03478
10000.03714
10000.0376
10000.03511
10000.03694
10000.03719
10000.03507
10000.03818
10000.04097
10000.03507
10000.03688
10000.0349
10000.04002
10000.03745
10000.03798
10000.03863
10000.04047
10000.03776
10000.03614
10000.03841
10000.04098
10000.04092
10000.04332
10000.04386
10000.04551
10000.04421
10000.04363
10000.04124
10000.04449
10000.04413
10000.04908
10000.04414
10000.04405
10000.04407
10000.0447
10000.04369
10000.0414
10000.04322
10000.04053
10000.03764
10000.04369
10000.04175
10000.04262
10000.04263
10000.04045
10000.04059
10000.03822
10000.03959
10000.03965
10000.04228
10000.04496
10000.04187
10000.04746
10000.04612
10000.04833
10000.04021
10000.0422
10000.03825
10000.03563
10000.03846
10000.035
10000.04057
10000.0474
10000.04063
10000.03991
10000.0428
10000.04257
10000.04467
10000.03812
10000.04041
10000.03803
10000.04593
10000.03953
10000.03641
10000.03731
10000.03696
10000.03826
10000.03467
10000.03484
10000.03585
10000.03842
10000.03928
10000.03683
10000.03902
10000.03861
10000.03773
10000.03624
10000.03906
10000.03376
10000.0386
10000.03772
10000.0382
10000.03534
10000.03746
10000.03613
10000.0327
10000.03253
10000.0367
10000.03393
10000.03562
10000.0334
10000.03288
10000.03737
10000.03647
10000.03642
10000.03853
10000.03856
10000.04024
10000.04011
10000.03875
10000.03636
10000.03717
10000.03865
10000.03477
10000.03398
10000.03241
10000.03358
10000.03551
10000.03013
10000.03056
10000.03079
10000.03262
10000.03273
10000.03318
10000.03415
10000.03332
10000.03051
10000.03217
10000.03437
10000.0316
10000.0359
10000.03813
10000.03347
10000.03461
10000.03551
10000.03333
10000.03614
10000.03433
10000.03887
10000.03469
10000.035
10000.03056
10000.03396
10000.0351
10000.03295
10000.03239
10000.03647
10000.03439
10000.03512
10000.03494
10000.03654
10000.03498
10000.03462
10000.03032
10000.03508
10000.03789
10000.03585
10000.03614
10000.03586
10000.03687
10000.03516
10000.03543
10000.03586
10000.03453
10000.03431
10000.03372
10000.03304
10000.03041
10000.03401
10000.03054
10000.03249
10000.03098
10000.03065
10000.03024
10000.0283
10000.02904
10000.03255
10000.03362
10000.03033
10000.03197
10000.03077
10000.03062
10000.02832
10000.02997
10000.02605
10000.02662
10000.02851
10000.02649
10000.0248
10000.02508
10000.02361
10000.02364
10000.02155
10000.01954
10000.02266
10000.02352
10000.02459
10000.02673
10000.02901
10000.02539
10000.02952
10000.02499
10000.02747
10000.02992
10000.02902
10000.02498
10000.02381
10000.02574
10000.02683
10000.03343
10000.03103
10000.02781
10000.02805
10000.02871
10000.0272
10000.02982
10000.02855
10000.03318
10000.03561
10000.03559
10000.0347
10000.03596
10000.03405
10000.03321
10000.03498
10000.03395
10000.03695
10000.03529
10000.03533
10000.03689
10000.03813
10000.03994
10000.03955
10000.03603
10000.03595
10000.03571
10000.03837
10000.03842
10000.037
10000.03896
10000.03777
10000.03945
10000.03871
10000.03579
10000.03626
10000.03891
10000.03856
10000.03474
10000.03952
10000.03203
10000.03449
10000.03224
10000.03398
10000.03388
10000.0334
10000.03563
10000.03426
10000.03576
10000.03184
10000.031
10000.03111
10000.02705
10000.02955
10000.02672
10000.02533
10000.0245
10000.02467
10000.02532
10000.02886
10000.02986
10000.02549
10000.02326
10000.02279
10000.02619
10000.02564
10000.02234
10000.02426
10000.0217
10000.02428
10000.02213
10000.02368
10000.02303
10000.02454
10000.0249
10000.01864
10000.01776
10000.01953
10000.0203
10000.02842
10000.02526
10000.02347
10000.02162
10000.02261
10000.02222
10000.0259
10000.0284
10000.02885
10000.03014
10000.03289
10000.0235
10000.02126
10000.02498
10000.02599
10000.02919
10000.02959
10000.03033
10000.03171
10000.03036
10000.02852
10000.03026
10000.02857
10000.03272
10000.03078
10000.02784
10000.02836
10000.03149
10000.03134
10000.02705
10000.02477
10000.02782
10000.02475
10000.02456
10000.03122
10000.0341
10000.03359
10000.03399
10000.03686
10000.03389
10000.03251
10000.02782
10000.02941
10000.02931
10000.0309
10000.03032
10000.0307
10000.02729
10000.02853
10000.03171
10000.03091
10000.0308
10000.02873
10000.03029
10000.03246
10000.03422
10000.03202
10000.03289
10000.02916
10000.03124
10000.02965
10000.02964
10000.02875
10000.03217
10000.03363
10000.03482
10000.03529
10000.03404
10000.03435
10000.03651
10000.03106
10000.03175
10000.03375
10000.03283
10000.03607
10000.0327
10000.03352
10000.03453
10000.03653
10000.03512
10000.03493
10000.03164
10000.03108
10000.03232
10000.03023
10000.03075
10000.03254
10000.03068
10000.03021
10000.03331
10000.03195
10000.03342
10000.02836
10000.02865
10000.03199
10000.03267
10000.0347
10000.0352
10000.03131
10000.03158
10000.03572
10000.03666
10000.03902
10000.03629
10000.03878
10000.03698
10000.0392
10000.04199
10000.04225
10000.03811
10000.03773
10000.0357
10000.0401
10000.03965
10000.04461
10000.04192
10000.04489
10000.04263
10000.04703
10000.04341
10000.04276
10000.04393
10000.04001
10000.04623
10000.04128
10000.04464
10000.03788
10000.0362
10000.03183
10000.02812
10000.02837
10000.03054
10000.03125
10000.03264
10000.03539
10000.03535
10000.03916
10000.03753
10000.03133
10000.03352
10000.03635
10000.02988
10000.02795
10000.02923
10000.02932
10000.02621
10000.02853
10000.02742
10000.03424
10000.03307
10000.03096
10000.03199
10000.03512
10000.03147
10000.03144
10000.02569
10000.02829
10000.02538
10000.02482
10000.02606
10000.02357
10000.03082
10000.03033
10000.03086
10000.03233
10000.03652
10000.03101
10000.03543
10000.02811
10000.03329
10000.03696
10000.03238
10000.02968
10000.02791
10000.02372
10000.02794
10000.02735
10000.03283
10000.0268
10000.02805
10000.03127
10000.02322
10000.0284
10000.02566
10000.02941
10000.02582
10000.02042
10000.02068
10000.02663
10000.02786
10000.02693
10000.02695
10000.02544
10000.02853
10000.02672
10000.02567
10000.02522
10000.02594
10000.02938
10000.0265
10000.0238
10000.02719
10000.027
10000.02597
10000.02336
10000.02726
10000.02839
10000.0268
10000.03012
10000.03214
10000.02614
10000.03334
10000.03379
10000.03001
10000.03503
10000.03299
10000.03115
10000.03308
10000.03478
10000.03487
10000.03841
10000.03363
10000.03173
10000.03076
10000.03457
10000.03356
10000.03299
10000.03161
10000.03287
10000.03482
10000.03255
10000.03113
10000.03442
10000.03838
10000.03859
10000.03651
10000.03421
10000.03749
10000.0324
10000.03208
10000.03632
10000.04072
10000.03686
10000.03488
10000.03584
10000.03175
10000.03159
10000.0301
10000.03155
10000.03148
10000.02963
10000.02825
10000.02503
10000.02877
10000.02292
10000.02311
10000.03031
10000.03169
10000.03431
10000.02931
10000.02808
10000.03013
10000.02768
10000.02487
10000.02365
10000.03189
10000.02483
10000.02698
10000.02568
10000.02704
10000.02715
10000.03164
10000.03095
10000.02948
10000.02867
10000.02973
10000.03004
10000.02508
10000.024
10000.02502
10000.02503
10000.02515
10000.02766
10000.03033
10000.02666
10000.02474
10000.02453
10000.02356
10000.02802
10000.02743
10000.02528
10000.02437
10000.02287
10000.02732
10000.0278
10000.02817
10000.0272
10000.02891
10000.02703
10000.02917
10000.02763
10000.02982
10000.02815
10000.03099
10000.03187
10000.03066
10000.0323
10000.03014
10000.03227
10000.03282
10000.03278
10000.03528
10000.03478
10000.03075
10000.03183
10000.03059
10000.02998
10000.0278
10000.02886
10000.03291
10000.03333
10000.03133
10000.03141
10000.03264
10000.03338
10000.03023
10000.03302
10000.02999
10000.02717
10000.02563
10000.02647
10000.02763
10000.02922
10000.02946
10000.02898
10000.03104
10000.02915
10000.03113
10000.02621
10000.02746
10000.0283
10000.02878
10000.0312
10000.02609
10000.02822
10000.02875
10000.02908
10000.0298
10000.03229
10000.03056
10000.02904
10000.0264
10000.02868
10000.03085
10000.02603
10000.029
10000.02195
10000.02227
10000.02595
10000.02838
10000.0254
10000.02533
10000.02542
10000.02824
10000.02941
10000.02547
10000.02609
10000.02338
10000.02783
10000.02731
10000.02758
10000.03051
10000.02769
10000.02548
10000.02593
10000.02532
10000.02325
10000.02494
10000.02683
10000.02533
10000.03046
10000.02718
10000.02921
10000.02905
10000.02816
10000.02962
10000.03137
10000.03125
10000.02854
10000.0286
10000.03159
10000.03331
10000.03216
10000.03029
10000.03087
10000.02903
10000.02935
10000.03279
10000.02879
10000.02759
10000.02748
10000.02903
10000.0272
10000.02889
10000.02799
10000.02872
10000.03092
10000.03147
10000.02872
10000.02806
10000.02976
10000.03211
10000.02979
10000.02743
10000.0298
10000.02741
10000.02655
10000.02822
10000.02521
10000.0237
10000.02358
10000.0242
10000.02074
10000.02686
10000.02566
10000.02708
10000.0248
10000.02357
10000.02302
10000.02373
10000.02234
10000.02124
10000.02322
10000.0261
10000.0249
10000.02408
10000.02625
10000.02323
10000.02217
10000.02287
10000.02083
10000.02138
10000.02238
10000.0268
10000.02506
10000.02848
10000.02866
10000.03035
10000.02329
10000.02807
10000.02612
10000.02854
10000.02967
10000.03234
10000.02736
10000.02314
10000.02335
10000.02291
10000.02223
10000.0235
10000.01882
10000.01652
10000.01863
10000.01872
10000.01676
10000.01757
10000.01785
10000.02542
10000.02587
10000.03051
10000.02712
10000.0235
10000.02244
10000.01851
10000.01926
10000.01876
10000.01737
10000.02004
10000.02278
10000.02363
10000.02347
10000.02605
10000.02095
10000.02077
10000.02325
10000.02172
10000.0216
10000.0172
10000.01742
10000.02434
10000.02935
10000.03522
10000.02536
10000.02928
10000.03215
10000.02442
10000.0252
10000.02164
10000.01621
10000.01911
10000.01563
10000.01587
10000.01592
10000.01987
10000.0252
10000.02603
10000.02821
10000.02558
10000.02712
10000.02528
10000.02358
10000.02901
10000.03202
10000.03259
10000.03535
10000.03329
10000.03626
10000.03983
10000.03243
10000.03264
10000.03129
10000.02762
10000.03088
10000.03194
10000.02762
10000.02907
10000.03031
10000.0297
10000.02763
10000.02843
10000.02998
10000.02505
10000.02292
10000.02544
10000.02661
10000.02599
10000.02688
10000.02314
10000.02667
10000.02741
10000.02735
10000.023
10000.02434
10000.02333
10000.02836
10000.02509
10000.02446
10000.02481
10000.02449
10000.02306
10000.02547
10000.02458
10000.02973
10000.02868
10000.02718
10000.0285
10000.03716
10000.03745
10000.03974
10000.04084
10000.04794
10000.04047
10000.04262
10000.04454
10000.04591
10000.043
10000.04446
10000.04202
10000.04027
10000.03415
10000.03523
10000.03847
10000.03972
10000.03564
10000.03438
10000.03606
10000.03619
10000.03755
10000.04144
10000.03661
10000.03511
10000.03604
10000.03118
10000.02852
10000.02656
10000.02911
10000.03376
10000.03527
10000.03345
10000.03912
10000.0367
10000.03519
10000.03423
10000.03538
10000.03498
10000.03512
10000.03632
10000.04076
10000.03763
10000.03888
10000.04027
10000.03926
10000.0333
10000.03406
10000.03564
10000.03712
10000.02634
10000.0255
10000.0243
10000.02592
10000.02725
10000.02395
10000.02405
10000.02657
10000.0301
10000.02556
10000.02678
10000.03039
10000.03026
10000.02308
10000.03262
10000.02823
10000.03133
10000.02829
10000.02433
10000.02751
10000.03355
10000.02574
10000.03073
10000.03197
10000.03041
10000.02936
10000.0312
10000.02836
10000.03088
10000.03041
10000.02854
10000.03123
10000.02997
10000.02947
10000.02707
10000.02931
10000.02684
10000.02799
10000.03073
10000.03215
10000.02957
10000.03086
10000.03148
10000.03391
10000.03674
10000.03777
10000.04034
10000.04059
10000.03656
10000.0364
10000.03787
10000.03724
10000.03562
10000.03514
10000.04159
10000.0381
10000.04145
10000.04103
10000.04134
10000.03928
10000.04452
10000.04406
10000.04482
10000.04436
10000.04352
10000.03929
10000.03949
10000.03734
10000.03645
10000.03551
10000.03597
10000.0394
10000.03788
10000.04749
10000.04432
10000.04291
10000.04449
10000.04078
10000.0392
10000.03629
10000.03824
10000.03901
10000.03996
10000.04382
10000.04023
10000.04039
10000.04138
10000.03955
10000.03557
10000.03413
10000.03502
10000.03194
10000.03779
10000.03811
10000.03754
10000.03497
10000.03667
10000.03336
10000.03272
10000.03161
10000.03656
10000.03452
10000.03303
10000.03039
10000.03102
10000.03025
10000.02212
10000.02665
10000.02453
10000.02738
10000.02602
10000.0246
10000.02247
10000.02111
10000.02029
10000.01802
10000.02047
10000.0183
10000.02599
10000.02449
10000.03013
10000.02456
10000.02625
10000.02651
10000.02851
10000.03204
10000.02472
10000.02377
10000.02406
10000.02478
10000.02398
10000.0198
10000.02444
10000.0343
10000.03143
10000.02995
10000.03092
10000.0329
10000.03703
10000.03723
10000.0386
10000.03798
10000.03765
10000.03556
10000.03332
10000.03577
10000.03223
10000.03512
10000.03496
10000.03404
10000.03809
10000.03671
10000.03169
10000.03066
10000.03731
10000.03362
10000.0355
10000.03494
10000.03705
10000.0334
10000.03388
10000.02904
10000.0328
10000.03212
10000.03282
10000.03232
10000.03602
10000.03427
10000.03898
10000.03469
10000.03843
10000.03555
10000.03516
10000.03344
10000.03632
10000.03518
10000.03449
10000.03254
10000.03301
10000.03069
10000.03348
10000.02969
10000.03208
10000.02432
10000.02655
10000.0251
10000.02874
10000.0214
10000.02709
10000.02815
10000.03146
10000.02659
10000.02569
10000.02418
10000.02507
10000.0253
10000.02298
10000.02542
10000.02614
10000.02337
10000.02489
10000.02606
10000.02937
10000.02773
10000.02861
10000.02977
10000.02627
10000.02353
10000.02278
10000.0246
10000.02604
10000.02617
10000.02521
10000.02492
10000.02292
10000.02388
10000.0234
10000.02739
10000.02769
10000.02907
10000.02941
10000.03008
10000.03209
10000.03038
10000.0307
10000.03194
10000.03408
10000.03359
10000.03826
10000.03709
10000.03489
10000.02995
10000.02984
10000.0245
10000.03266
10000.03247
10000.03536
10000.02818
10000.03141
10000.03338
10000.03361
10000.03298
10000.02608
10000.02814
10000.02841
10000.03603
10000.03467
10000.032
10000.03064
10000.02766
10000.02334
10000.02352
10000.02473
10000.02609
10000.02673
10000.02445
10000.02247
10000.02687
10000.02513
10000.02707
10000.02481
10000.02768
10000.03291
10000.03628
10000.0316
10000.03171
10000.03542
10000.03596
10000.03016
10000.0323
10000.03272
10000.03539
10000.03439
10000.03581
10000.03957
10000.03909
10000.03443
10000.03408
10000.03025
10000.02891
10000.02951
10000.02714
10000.03289
10000.03281
10000.0314
10000.02867
10000.02779
10000.02848
10000.03048
10000.02518
10000.02617
10000.02121
10000.02284
10000.02611
10000.02356
10000.02109
10000.02252
10000.02043
10000.02237
10000.02956
10000.02303
10000.02771
10000.02755
10000.02449
10000.02434
10000.02588
10000.02627
10000.02512
10000.02228
10000.02461
10000.02371
10000.01771
10000.01744
10000.01723
10000.01921
10000.02336
10000.02656
10000.03171
10000.02813
10000.02435
10000.02653
10000.02594
10000.02543
10000.03317
10000.02765
10000.02424
10000.02781
10000.02193
10000.01989
10000.02172
10000.02193
10000.02449
10000.02245
10000.02473
10000.02331
10000.0276
10000.02909
10000.0272
10000.02863
10000.03387
10000.03074
10000.03247
10000.03159
10000.02591
10000.02924
10000.03086
10000.02565
10000.03206
10000.03155
10000.03488
10000.02834
10000.02614
10000.03085
10000.03086
10000.03011
10000.03318
10000.02985
10000.03115
10000.02891
10000.02626
10000.02961
10000.03288
10000.03273
10000.0317
10000.03267
10000.03794
10000.03016
10000.02613
10000.02512
10000.0247
10000.02399
10000.02444
10000.02081
10000.02053
10000.02495
10000.02571
10000.02337
10000.02406
10000.02521
10000.02539
10000.02018
10000.02029
10000.02057
10000.01907
10000.0217
10000.02244
10000.02373
10000.02301
10000.02825
10000.0256
10000.02904
10000.02117
10000.02151
10000.02518
10000.02353
10000.02416
10000.02245
10000.0173
10000.01803
10000.01628
10000.01314
10000.01628
10000.01312
10000.01479
10000.01619
10000.01984
10000.02375
10000.01959
10000.01685
10000.01379
10000.01119
10000.01519
10000.01446
10000.01671
10000.0147
10000.01581
10000.02124
10000.02621
10000.02469
10000.02276
10000.02074
10000.01398
10000.01449
10000.01513
10000.01009
10000.01334
10000.01733
10000.01824
10000.02077
10000.02518
10000.02457
10000.02184
10000.02164
10000.01838
10000.01564
10000.02033
10000.01888
10000.02128
10000.02151
10000.02233
10000.01877
10000.01775
10000.02049
10000.02289
10000.02172
10000.01746
10000.01908
10000.01501
10000.01774
10000.01711
10000.0214
10000.02273
10000.02156
10000.02022
10000.02012
10000.02423
10000.02064
10000.02351
10000.01899
10000.01799
10000.01898
10000.01606
10000.01731
10000.02143
10000.02174
10000.02439
10000.02138
10000.02369
10000.02409
10000.02568
10000.02702
10000.02666
10000.02753
10000.02816
10000.02553
10000.02785
10000.02802
10000.02881
10000.03458
10000.03173
10000.03646
10000.03221
10000.02909
10000.03064
10000.0309
10000.02643
10000.02949
10000.03331
10000.0339
10000.03418
10000.03878
10000.03791
10000.03978
10000.03216
10000.03139
10000.03231
10000.02903
10000.02931
10000.02896
10000.02911
10000.02991
10000.02878
10000.02809
10000.0276
10000.02864
10000.03052
10000.02657
10000.02784
10000.02876
10000.0328
10000.0319
10000.0327
10000.02968
10000.02929
10000.02986
10000.02874
10000.02624
10000.02525
10000.025
10000.0284
10000.03488
10000.03115
10000.0289
10000.02106
10000.02102
10000.02432
10000.02652
10000.02716
10000.03496
10000.03042
10000.02911
10000.03582
10000.03379
10000.03297
10000.03117
10000.02997
10000.03041
10000.03001
10000.03529
10000.03126
10000.03477
10000.03638
10000.03646
10000.04105
10000.03855
10000.03241
10000.03418
10000.02938
10000.03397
10000.0328
10000.02968
10000.03551
10000.0361
10000.03215
10000.0331
10000.03722
10000.0371
10000.04163
10000.04
10000.03835
10000.03383
10000.03285
10000.03585
10000.03292
10000.03379
10000.03345
10000.03667
10000.03844
10000.03445
10000.03652
10000.03416
10000.0343
10000.03448
10000.0299
10000.03249
10000.02925
10000.02995
10000.02799
10000.02992
10000.03049
10000.03017
10000.03024
10000.02621
10000.02911
10000.02283
10000.02318
10000.02653
10000.02323
10000.02455
10000.02405
10000.02127
10000.02524
10000.02218
10000.02216
10000.02186
10000.02021
10000.02205
10000.02168
10000.02229
10000.0209
10000.01863
10000.022
10000.01991
10000.01557
10000.01514
10000.01698
10000.01512
10000.01283
10000.01619
10000.01923
10000.01684
10000.01595
10000.01383
10000.01688
10000.01662
10000.01455
10000.01519
10000.0119
10000.01167
10000.01039
10000.01285
10000.01212
10000.0128
10000.01435
10000.015
10000.02362
10000.03251
10000.02899
10000.0242
10000.02542
10000.02006
10000.02258
10000.02016
10000.02602
10000.02505
10000.02639
10000.02171
10000.01996
10000.01936
10000.01736
10000.02333
10000.02837
10000.02827
10000.0186
10000.02059
10000.01177
10000.0151
10000.0146
10000.01402
10000.0149
10000.01842
10000.01724
10000.01995
10000.02172
10000.02364
10000.02386
10000.02626
10000.02522
10000.02189
10000.02102
10000.01921
10000.02371
10000.02358
10000.02704
10000.02511
10000.027
10000.02632
10000.02834
10000.03045
10000.03115
10000.02997
10000.02643
10000.0295
10000.02302
10000.02003
10000.0212
10000.02358
10000.02598
10000.02768
10000.02708
10000.02213
10000.02432
10000.03094
10000.02881
10000.02359
10000.01934
10000.01721
10000.0207
10000.02558
10000.03286
10000.02735
10000.03059
10000.03232
10000.02853
10000.02809
10000.02778
10000.03203
10000.03084
10000.03506
10000.02986
10000.03228
10000.03306
10000.03197
10000.03262
10000.03616
10000.03552
10000.03527
10000.03375
10000.03571
10000.03518
10000.03549
10000.03136
10000.03062
10000.03002
10000.03002
10000.03386
10000.03221
10000.03528
10000.03369
10000.03321
10000.02937
10000.03337
10000.03401
10000.02815
10000.02849
10000.02909
10000.02765
10000.02906
10000.03059
10000.03286
10000.03423
10000.02988
10000.03169
10000.03172
10000.03968
10000.03169
10000.02676
10000.02928
10000.02819
10000.02808
10000.0279
10000.02919
10000.02983
10000.03256
10000.02937
10000.025
10000.02922
10000.02599
10000.02579
10000.02339
10000.02339
10000.02396
10000.02385
10000.0215
10000.02633
10000.02467
10000.0262
10000.02739
10000.02947
10000.02665
10000.02683
10000.02704
10000.02855
10000.02904
10000.02704
10000.02581
10000.0252
10000.02258
10000.0214
10000.02295
10000.02308
10000.02555
10000.02916
10000.02467
10000.02775
10000.02653
10000.0272
10000.02775
10000.03083
10000.02817
10000.02884
10000.02806
10000.02996
10000.02979
10000.03195
10000.03201
10000.03113
10000.03164
10000.03011
10000.0327
10000.03093
10000.03138
10000.03338
10000.03026
10000.03655
10000.03534
10000.02968
10000.03082
10000.03188
10000.03855
10000.03652
10000.04108
10000.03737
10000.0333
10000.03354
10000.03272
10000.03293
10000.03122
10000.03443
10000.03312
10000.03462
10000.03279
10000.03064
10000.03358
10000.02815
10000.02994
10000.0331
10000.03233
10000.03381
10000.03288
10000.03288
10000.03259
10000.03312
10000.03881
10000.03252
10000.03452
10000.0329
10000.03177
10000.02952
10000.03198
10000.03262
10000.03038
10000.03059
10000.03128
10000.03062
10000.03113
10000.02265
10000.02449
10000.02458
10000.02474
10000.0246
10000.02274
10000.02637
10000.02648
10000.02679
10000.02562
10000.02128
10000.02391
10000.02415
10000.02887
10000.02943
10000.03402
10000.03176
10000.02654
10000.02695
10000.02565
10000.02721
10000.03123
10000.02791
10000.03118
10000.02775
10000.02966
10000.02632
10000.02655
10000.02551
10000.02743
10000.03461
10000.03195
10000.03301
10000.03146
10000.02964
10000.02781
10000.02867
10000.02502
10000.02748
10000.02974
10000.03039
10000.0249
10000.02571
10000.02471
10000.02374
10000.02401
10000.02259
10000.02729
10000.02561
10000.02434
10000.02294
10000.02428
10000.0262
10000.02783
10000.02884
10000.02753
10000.02942
10000.02599
10000.02511
10000.02594
10000.02873
10000.02937
10000.02768
10000.02876
10000.02028
10000.02327
10000.01896
10000.02154
10000.02203
10000.02176
10000.02451
10000.02589
10000.02501
10000.02501
10000.02703
10000.02687
10000.02789
10000.0268
10000.02663
10000.02525
10000.02823
10000.02512
10000.02575
10000.02703
10000.02999
10000.02878
10000.02594
10000.02802
10000.0236
10000.02716
10000.02403
10000.02548
10000.02593
10000.02186
10000.02526
10000.02169
10000.01966
10000.02067
10000.02203
10000.03028
10000.02507
10000.02875
10000.02808
10000.02682
10000.02806
10000.02913
10000.02686
10000.02551
10000.02907
10000.02174
10000.02299
10000.02005
10000.01824
10000.02299
10000.02117
10000.02335
10000.02528
10000.02324
10000.0217
10000.02423
10000.02636
10000.02368
10000.03002
10000.02524
10000.02758
10000.02554
10000.02652
10000.0227
10000.02391
10000.01772
10000.02452
10000.0298
10000.03682
10000.0298
10000.03398
10000.0315
10000.02979
10000.02606
10000.02828
10000.02863
10000.03003
10000.02966
10000.03087
10000.02863
10000.03281
10000.03218
10000.03012
10000.02537
10000.02496
10000.02648
10000.02836
10000.0307
10000.02915
10000.02794
10000.03158
10000.0319
10000.02525
10000.03243
10000.03112
10000.03723
10000.03907
10000.03886
10000.03451
10000.03156
10000.03806
10000.03339
10000.03103
10000.03322
10000.03406
10000.03413
10000.03652
10000.03659
10000.04325
10000.0405
10000.03956
10000.03827
10000.03589
10000.04216
10000.04327
10000.0448
10000.04506
10000.03764
10000.03992
10000.03762
10000.03805
10000.03678
10000.0372
10000.03587
10000.03921
10000.04136
10000.0413
10000.03643
10000.03986
10000.03738
10000.04244
10000.03928
10000.03905
10000.03638
10000.03718
10000.03937
10000.04146
10000.04476
10000.04294
10000.04349
10000.04171
10000.04486
10000.04367
10000.04468
10000.04075
10000.045
10000.04567
10000.05145
10000.04644
10000.04509
10000.04539
10000.04172
10000.0376
10000.04151
10000.03908
10000.03651
10000.0378
10000.04288
10000.04092
10000.04116
10000.04184
10000.0391
10000.03691
10000.03882
10000.04049
10000.03618
10000.0364
10000.03577
10000.03483
10000.03407
10000.02998
10000.03337
10000.02687
10000.02911
10000.02934
10000.02994
10000.02795
10000.02781
10000.02792
10000.02795
10000.02908
10000.03178
10000.03244
10000.03332
10000.02788
10000.0282
10000.03049
10000.03081
10000.03519
10000.03724
10000.03097
10000.02844
10000.02778
10000.03028
10000.0299
10000.03249
10000.03017
10000.03096
10000.02917
10000.0288
10000.03025
10000.03317
10000.03333
10000.03158
10000.03273
10000.03679
10000.03754
10000.03285
10000.0327
10000.03044
10000.0269
10000.03409
10000.03278
10000.03215
10000.03354
10000.03604
10000.04002
10000.04585
10000.0441
10000.04201
10000.04038
10000.04075
10000.03993
10000.03946
10000.03719
10000.03587
10000.03451
10000.03813
10000.03761
10000.03776
10000.03669
10000.03579
10000.03942
10000.04112
10000.03703
10000.04238
10000.04065
10000.04537
10000.04575
10000.04614
10000.03823
10000.03803
10000.04226
10000.04089
10000.04079
10000.04223
10000.03968
10000.0424
10000.04158
10000.03772
10000.035
10000.03151
10000.03268
10000.03794
10000.03959
10000.035
10000.03272
10000.03646
10000.02927
10000.025
10000.02873
10000.03136
10000.0319
10000.03461
10000.03745
10000.03862
10000.03802
10000.03906
10000.03622
10000.0368
10000.03685
10000.03825
10000.03348
10000.03084
10000.03024
10000.03054
10000.02918
10000.03116
10000.03301
10000.03002
10000.03095
10000.02688
10000.02374
10000.02432
10000.03234
10000.02912
10000.03412
10000.03219
10000.03094
10000.03017
10000.02852
10000.02548
10000.02899
10000.02991
10000.03259
10000.03393
10000.03409
10000.0352
10000.03143
10000.02408
10000.02405
10000.0214
10000.02417
10000.02761
10000.02503
10000.02633
10000.02482
10000.02479
10000.02299
10000.02787
10000.02567
10000.0295
10000.03179
10000.0328
10000.03591
10000.03309
10000.0318
10000.03574
10000.03451
10000.03336
10000.03789
10000.03493
10000.03655
10000.03584
10000.03702
10000.03488
10000.03302
10000.03291
10000.03381
10000.03587
10000.03612
10000.03558
10000.03461
10000.03246
10000.04059
10000.03939
10000.03932
10000.03886
10000.03402
10000.03438
10000.03614
10000.03099
10000.0355
10000.03461
10000.03645
10000.03639
10000.03543
10000.03544
10000.03306
10000.03643
10000.03328
10000.03385
10000.03614
10000.03532
10000.03677
10000.03768
10000.0333
10000.03396
10000.03181
10000.03242
10000.03395
10000.03139
10000.0335
10000.03616
10000.03182
10000.03117
10000.03508
10000.03455
10000.03119
10000.03495
10000.03521
10000.03435
10000.03287
10000.02859
10000.02984
10000.03073
10000.02851
10000.02678
10000.02809
10000.0304
10000.03591
10000.03767
10000.0438
10000.03411
10000.03478
10000.03353
10000.03528
10000.0323
10000.04092
10000.03583
10000.0342
10000.03262
10000.03336
10000.02996
10000.03071
10000.02781
10000.03251
10000.03164
10000.03735
10000.03629
10000.03502
10000.04293
10000.0427
10000.04293
10000.04706
10000.03849
10000.03764
10000.03531
10000.04321
10000.03944
10000.03836
10000.03817
10000.04077
10000.04041
10000.03538
10000.03436
10000.03776
10000.0342
10000.03454
10000.03327
10000.03136
10000.03308
10000.03049
10000.0308
10000.03095
10000.03076
10000.03162
10000.03308
10000.03301
10000.03006
10000.03018
10000.02886
10000.0279
10000.03054
10000.03522
10000.03381
10000.03134
10000.03279
10000.03
10000.02932
10000.02984
10000.02989
10000.03398
10000.03249
10000.02756
10000.02838
10000.03134
10000.03085
10000.02981
10000.02778
10000.02812
10000.03083
10000.02866
10000.0245
10000.02488
10000.02651
10000.02659
10000.02633
10000.02655
10000.02578
10000.02584
10000.02976
10000.02772
10000.03113
10000.03327
10000.03008
10000.0293
10000.03328
10000.02788
10000.02765
10000.02529
10000.02711
10000.02795
10000.02946
10000.03108
10000.03279
10000.03326
10000.03348
10000.03561
10000.03217
10000.03316
10000.03048
10000.03523
10000.03729
10000.03926
10000.03302
10000.0392
10000.03585
10000.02787
10000.0304
10000.0364
10000.03217
10000.03343
10000.03046
10000.0324
10000.03476
10000.03829
10000.04201
10000.03415
10000.03163
10000.02466
10000.02507
10000.02854
10000.03
10000.02684
10000.02764
10000.0259
10000.02945
10000.03119
10000.02952
10000.02754
10000.03049
10000.02923
10000.02826
10000.0295
10000.02575
10000.0266
10000.02594
10000.024
10000.02347
10000.024
10000.02613
10000.02458
10000.02306
10000.02216
10000.01988
10000.02098
10000.02313
10000.02468
10000.02434
10000.02564
10000.02333
10000.02464
10000.02512
10000.02498
10000.02694
10000.03069
10000.03116
10000.03429
10000.03461
10000.03453
10000.03329
10000.03303
10000.03473
10000.03469
10000.03483
10000.03936
10000.03667
10000.036
10000.03545
10000.03103
10000.034
10000.03446
10000.0349
10000.03371
10000.03553
10000.03456
10000.03285
10000.03578
10000.03469
10000.03189
10000.03307
10000.03711
10000.03821
10000.03588
10000.03747
10000.0352
10000.03252
10000.03372
10000.03434
10000.03297
10000.03368
10000.03438
10000.0348
10000.03176
10000.03189
10000.03109
10000.03227
10000.03216
10000.03049
10000.0307
10000.03572
10000.03225
10000.02965
10000.03383
10000.03115
10000.03484
10000.03584
10000.03615
10000.03366
10000.0332
10000.03107
10000.03546
10000.03457
10000.0367
10000.03482
10000.0364
10000.03746
10000.03665
10000.03492
10000.04199
10000.03708
10000.03683
10000.03699
10000.04316
10000.03779
10000.03484
10000.0352
10000.03602
10000.03359
10000.03408
10000.03149
10000.03355
10000.03351
10000.0364
10000.03778
10000.03501
10000.03662
10000.0354
10000.04033
10000.04179
10000.04308
10000.04126
10000.03644
10000.03788
10000.03743
10000.03701
10000.03848
10000.0383
10000.04027
10000.04661
10000.04499
10000.03955
10000.03988
10000.03974
10000.03503
10000.03608
10000.03172
10000.03097
10000.03238
10000.0322
10000.03338
10000.03391
10000.03352
10000.02922
10000.03363
10000.03414
10000.03162
10000.02843
10000.03388
10000.02781
10000.03474
10000.02981
10000.02844
10000.0257
10000.02619
10000.02819
10000.03047
10000.02943
10000.02837
10000.0298
10000.02812
10000.0287
10000.02458
10000.02219
10000.02976
10000.03201
10000.03603
10000.03398
10000.03435
10000.03562
10000.03194
10000.03342
10000.0344
10000.03487
10000.03756
10000.03552
10000.03429
10000.03355
10000.02983
10000.03613
10000.02986
10000.03095
10000.03696
10000.03561
10000.03066
10000.03044
10000.03317
10000.03254
10000.0354
10000.03541
10000.03615
10000.03239
10000.0332
10000.0322
10000.03187
10000.02496
10000.02479
10000.02604
10000.02643
10000.02839
10000.03097
10000.02976
10000.03383
10000.03619
10000.03383
10000.03553
10000.03281
10000.03253
10000.04075
10000.03989
10000.0342
10000.039
10000.03577
10000.03846
10000.03281
10000.03517
10000.03868
10000.03767
10000.03817
10000.03958
10000.04089
10000.03563
10000.03676
10000.04166
10000.04294
10000.04361
10000.04174
10000.04072
10000.03895
10000.039
10000.03888
10000.04148
10000.03949
10000.03667
10000.04179
10000.04432
10000.04399
10000.04123
10000.03503
10000.0355
10000.035
10000.03733
10000.0426
10000.04176
10000.04058
10000.04197
10000.04378
10000.04021
10000.04501
10000.04308
10000.03784
10000.0381
10000.03993
10000.03695
10000.03755
10000.04
10000.03914
10000.04167
10000.04393
10000.04429
10000.04551
10000.0431
10000.03742
10000.03923
10000.03587
10000.03685
10000.03674
10000.03534
10000.03164
10000.03325
10000.04025
10000.04128
10000.04088
10000.04354
10000.04192
10000.04361
10000.04227
10000.03855
10000.03785
10000.03974
10000.04069
10000.03748
10000.03928
10000.04162
10000.0404
10000.03857
10000.04558
10000.04767
10000.0438
10000.04418
10000.04523
10000.04407
10000.04724
10000.04905
10000.04782
10000.04667
10000.04511
10000.04763
10000.04622
10000.04567
10000.04491
10000.04822
10000.04742
10000.04668
10000.04589
10000.04955
10000.04949
10000.04488
10000.05028
10000.04516
10000.04435
10000.04689
10000.04433
10000.04685
10000.04447
10000.0439
10000.03995
10000.0468
10000.04614
10000.04786
10000.04608
10000.04712
10000.0467
10000.04314
10000.04661
10000.04348
10000.04305
10000.04053
10000.04048
10000.04075
10000.04688
10000.04588
10000.04329
10000.04344
10000.03914
10000.0383
10000.03795
10000.0354
10000.04145
10000.04084
10000.03905
10000.03866
10000.03585
10000.03296
10000.03487
10000.03695
10000.03892
10000.03525
10000.03406
10000.03688
10000.03588
10000.03403
10000.0337
10000.03015
10000.03059
10000.03264
10000.03488
10000.03417
10000.0307
10000.03451
10000.03514
10000.03917
10000.03731
10000.03678
10000.03088
10000.03502
10000.03136
10000.03528
10000.03755
10000.0419
10000.03842
10000.03899
10000.0347
10000.03388
10000.03768
10000.03422
10000.03606
10000.03723
10000.03447
10000.03267
10000.03207
10000.03263
10000.03188
10000.03282
10000.03073
10000.02984
10000.03
10000.03286
10000.03168
10000.03417
10000.03439
10000.03425
10000.03139
10000.03316
10000.03249
10000.03197
10000.03228
10000.03479
10000.02995
10000.03198
10000.02908
10000.02528
10000.02531
10000.03218
10000.03091
10000.0294
10000.03058
10000.03
10000.02966
10000.02646
10000.02939
10000.03308
10000.0384
10000.03238
10000.0336
10000.03229
10000.03361
10000.03169
10000.03375
10000.03309
10000.03415
10000.03588
10000.03574
10000.03432
10000.03408
10000.03264
10000.03047
10000.032
10000.02809
10000.02885
10000.03161
10000.03136
10000.03031
10000.0334
10000.02706
10000.03121
10000.03216
10000.03194
10000.02522
10000.03374
10000.03745
10000.03461
10000.02923
10000.03555
10000.03112
10000.0288
10000.03016
10000.03319
10000.035
10000.03389
10000.03263
10000.03521
10000.03773
10000.03415
10000.03515
10000.03635
10000.03999
10000.03897
10000.03825
10000.03538
10000.03495
10000.03229
10000.03434
10000.02999
10000.03377
10000.03269
10000.03262
10000.03341
10000.02956
10000.03034
10000.03176
10000.03513
10000.03122
10000.03405
10000.0372
10000.03531
10000.03476
10000.03209
10000.03234
10000.03139
10000.03392
10000.03428
10000.03317
10000.03536
10000.03502
10000.03456
10000.03343
10000.03478
10000.03115
10000.03115
10000.03305
10000.03232
10000.03237
10000.02786
10000.02886
10000.03202
10000.03093
10000.03757
10000.03301
10000.03733
10000.03401
10000.0272
10000.02793
10000.02922
10000.03119
10000.0364
10000.03264
10000.02843
10000.02763
10000.02955
10000.03063
10000.03041
10000.03041
10000.02665
10000.03056
10000.03291
10000.03194
10000.02998
10000.03238
10000.03541
10000.03716
10000.03946
10000.02762
10000.0263
10000.02582
10000.02438
10000.02974
10000.03012
10000.03071
10000.02873
10000.03479
10000.03329
10000.03021
10000.03012
10000.03076
10000.0329
10000.03515
10000.03552
10000.03448
10000.03449
10000.03195
10000.03268
10000.02821
10000.03072
10000.03098
10000.03281
10000.03256
10000.03313
10000.0301
10000.03648
10000.0324
10000.03725
10000.03358
10000.03493
10000.03224
10000.03457
10000.03248
10000.03842
10000.03971
10000.03778
10000.03923
10000.04016
10000.04116
10000.04312
10000.03738
10000.03888
10000.04105
10000.03925
10000.03918
10000.03608
10000.03383
10000.03534
10000.03798
10000.03907
10000.03707
10000.0342
10000.03058
10000.03315
10000.03413
10000.03526
10000.03336
10000.03855
10000.03644
10000.03303
10000.03657
10000.03328
10000.03333
10000.02986
10000.03233
10000.02901
10000.0282
10000.02362
10000.02939
10000.03194
10000.02874
10000.03059
10000.03272
10000.03139
10000.02661
10000.02569
10000.02923
10000.02394
10000.02927
10000.02404
10000.02698
10000.02537
10000.03096
10000.02325
10000.02292
10000.02107
10000.01747
10000.0222
10000.02123
10000.02521
10000.02435
10000.02479
10000.02417
10000.02923
10000.02837
10000.03235
10000.02918
10000.0295
10000.02805
10000.02686
10000.02722
10000.03025
10000.02763
10000.02975
10000.02321
10000.02031
10000.02121
10000.02093
10000.02309
10000.02111
10000.02644
10000.02449
10000.0222
10000.02478
10000.02098
10000.0185
10000.021
10000.01926
10000.02157
10000.02287
10000.01845
10000.02307
10000.02012
10000.01692
10000.02207
10000.02
10000.01687
10000.01978
10000.02056
10000.0206
10000.02262
10000.02003
10000.0213
10000.01986
10000.01937
10000.01912
10000.01878
10000.02343
10000.02247
10000.02004
10000.02144
10000.01982
10000.02265
10000.02783
10000.02382
10000.01949
10000.02342
10000.02132
10000.01869
10000.02097
10000.0195
10000.02243
10000.02195
10000.02285
10000.0218
10000.01876
10000.02504
10000.02149
10000.02441
10000.02139
10000.02563
10000.02343
10000.02123
10000.02215
10000.02179
10000.01929
10000.0185
10000.01969
10000.0201
10000.01938
10000.02005
10000.02109
10000.02381
10000.02496
10000.0228
10000.02403
10000.02524
10000.02668
10000.02146
10000.02163
10000.02184
10000.02276
10000.02765
10000.02445
10000.02031
10000.02518
10000.02454
10000.02138
10000.02126
10000.02635
10000.03147
10000.03229
10000.02142
10000.03205
10000.03066
10000.02808
10000.02992
10000.02955
10000.03215
10000.03133
10000.03179
10000.0321
10000.03098
10000.0334
10000.03285
10000.03522
10000.03743
10000.03782
10000.04098
10000.04224
10000.0393
10000.03243
10000.0343
10000.03472
10000.03502
10000.03704
10000.03751
10000.03776
10000.03513
10000.03653
10000.03683
10000.03901
10000.03735
10000.03917
10000.03551
10000.03689
10000.03829
10000.03742
10000.03817
10000.03614
10000.03701
10000.03517
10000.04026
10000.03924
10000.03562
10000.03247
10000.03936
10000.0388
10000.04224
10000.03583
10000.03454
10000.03462
10000.03552
10000.03769
10000.03607
10000.03353
10000.0367
10000.03675
10000.03824
10000.03814
10000.03572
10000.03556
10000.03459
10000.02724
10000.03167
10000.03482
10000.03118
10000.03529
10000.03505
10000.03261
10000.03321
10000.03009
10000.0283
10000.02999
10000.03127
10000.0313
10000.02658
10000.03082
10000.02708
10000.02475
10000.02778
10000.02685
10000.02833
10000.02884
10000.02734
10000.02857
10000.02518
10000.0236
10000.02426
10000.02528
10000.02561
10000.02682
10000.0275
10000.02572
10000.02689
10000.02563
10000.02872
10000.02552
10000.02483
10000.0204
10000.0273
10000.02659
10000.02701
10000.02642
10000.02581
10000.02718
10000.02767
10000.02999
10000.03165
10000.0309
10000.03001
10000.02817
10000.02731
10000.02964
10000.03008
10000.03435
10000.03329
10000.03411
10000.03164
10000.03069
10000.03076
10000.03323
10000.03231
10000.03205
10000.03157
10000.03404
10000.03511
10000.03398
10000.03447
10000.03101
10000.03399
10000.03558
10000.03616
10000.03107
10000.03358
10000.03587
10000.03511
10000.03575
10000.03228
10000.03233
10000.03346
10000.03448
10000.03248
10000.03625
10000.03141
10000.0319
10000.03052
10000.03509
10000.03236
10000.0313
10000.03644
10000.03828
10000.03338
10000.03223
10000.0316
10000.0317
10000.03213
10000.03607
10000.04067
10000.03078
10000.03083
10000.03423
10000.03109
10000.03768
10000.03709
10000.03688
10000.03577
10000.03618
10000.03673
10000.03533
10000.03549
10000.03361
10000.03539
10000.03358
10000.03594
10000.0357
10000.03557
10000.03558
10000.03498
10000.03916
10000.03677
10000.03662
10000.03783
10000.0393
10000.0406
10000.03988
10000.04266
10000.04154
10000.03582
10000.03555
10000.04046
10000.03586
10000.03954
10000.03921
10000.03862
10000.0345
10000.04091
10000.04009
10000.04218
10000.03926
10000.04022
10000.03534
10000.03951
10000.04078
10000.03826
10000.03427
10000.03194
10000.03227
10000.03648
10000.03366
10000.03277
10000.03015
10000.02893
10000.03094
10000.03098
10000.03168
10000.03073
10000.03227
10000.03289
10000.03359
10000.03449
10000.03676
10000.03907
10000.03261
10000.03289
10000.03195
10000.03358
10000.03704
10000.03667
10000.03908
10000.04055
10000.03397
10000.03732
10000.03677
10000.03583
10000.03874
10000.03467
10000.03355
10000.03704
10000.03506
10000.03703
10000.03575
10000.03776
10000.03806
10000.02823
10000.03398
10000.03298
10000.03808
10000.03119
10000.03439
10000.03503
10000.02945
10000.03371
10000.03379
10000.03564
10000.02628
10000.02946
10000.03199
10000.03073
10000.02953
10000.03213
10000.03272
10000.02934
10000.03505
10000.03332
10000.03061
10000.03248
10000.03126
10000.03028
10000.03134
10000.03465
10000.03123
10000.03124
10000.02933
10000.03205
10000.03332
10000.02416
10000.02346
10000.02482
10000.02756
10000.02814
10000.02616
10000.02689
10000.02738
10000.02237
10000.02731
10000.02729
10000.02737
10000.02727
10000.02543
10000.02638
10000.02833
10000.03274
10000.03064
10000.03185
10000.02968
10000.0312
10000.03099
10000.03115
10000.03046
10000.0285
10000.02827
10000.03146
10000.0349
10000.03293
10000.03405
10000.02974
10000.02754
10000.02617
10000.03237
10000.02985
10000.03658
10000.03367
10000.03294
10000.03583
10000.03567
10000.03944
10000.03786
10000.03654
10000.03638
10000.04086
10000.04104
10000.04222
10000.04347
10000.04205
10000.04422
10000.03754
10000.04107
10000.03963
10000.03698
10000.03774
10000.03725
10000.04222
10000.03761
10000.03938
10000.04091
10000.04337
10000.04577
10000.04344
10000.04335
10000.04145
10000.03809
10000.03899
10000.04008
10000.03649
10000.0344
10000.03514
10000.03368
10000.0309
10000.03337
10000.03122
10000.03386
10000.03654
10000.03741
10000.03887
10000.03743
10000.04087
10000.03791
10000.03899
10000.04757
10000.04556
10000.04405
10000.04393
10000.04178
10000.043
10000.04344
10000.04525
10000.05147
10000.05073
10000.05185
10000.04871
10000.04883
10000.04963
10000.05002
10000.04904
10000.0497
10000.05315
10000.04587
10000.04537
10000.04573
10000.04642
10000.0475
10000.04442
10000.05037
10000.0501
10000.04332
10000.04442
10000.0399
10000.03726
10000.03644
10000.0337
10000.02857
10000.03104
10000.03101
10000.03095
10000.02961
10000.03124
10000.03078
10000.02929
10000.03585
10000.03144
10000.02969
10000.03185
10000.0312
10000.03238
10000.03509
10000.03171
10000.03078
10000.03175
10000.02828
10000.02795
10000.02963
10000.02833
10000.0291
10000.02795
10000.03595
10000.03328
10000.03105
10000.03367
10000.03825
10000.03191
10000.0321
10000.03023
10000.02847
10000.03135
10000.0351
10000.03403
10000.03344
10000.03524
10000.03202
10000.03597
10000.04111
10000.03774
10000.03987
10000.04007
10000.04228
10000.04368
10000.04401
10000.03842
10000.04224
10000.04052
10000.03699
10000.03952
10000.04043
10000.03631
10000.04007
10000.03808
10000.03686
10000.04271
10000.03915
10000.03906
10000.03689
10000.03793
10000.03596
10000.03805
10000.02994
10000.031
10000.03005
10000.03464
10000.03244
10000.035
10000.03103
10000.02949
10000.03354
10000.0328
10000.03454
10000.03287
10000.0338
10000.03307
10000.03393
10000.03258
10000.03246
10000.03549
10000.03564
10000.0384
10000.03739
10000.0362
10000.03589
10000.0336
10000.03343
10000.0362
10000.03884
10000.03589
10000.03955
10000.03713
10000.03986
10000.04078
10000.03879
10000.04285
10000.03533
10000.03758
10000.03977
10000.03734
10000.03806
10000.03783
10000.03588
10000.03638
10000.0349
10000.03636
10000.03462
10000.03744
10000.03354
10000.03063
10000.03408
10000.03426
10000.03406
10000.03584
10000.03148
10000.03578
10000.03422
10000.03568
10000.03399
10000.03237
10000.03446
10000.03236
10000.03056
10000.03457
10000.03121
10000.03185
10000.03085
10000.03314
10000.03038
10000.03626
10000.0308
10000.02787
10000.0307
10000.03099
10000.02917
10000.03102
10000.03359
10000.03401
10000.03061
10000.03195
10000.03206
10000.03061
10000.03194
10000.03449
10000.02883
10000.03037
10000.03006
10000.02905
10000.03188
10000.02895
10000.03219
10000.02965
10000.02631
10000.02904
10000.0312
10000.03066
10000.03075
10000.03065
10000.03053
10000.02805
10000.03076
10000.02956
10000.03337
10000.03066
10000.02741
10000.03127
10000.03359
10000.03116
10000.02873
10000.03033
10000.02998
10000.02994
10000.02768
10000.02801
10000.03076
10000.02965
10000.03589
10000.03712
10000.03142
10000.03044
10000.03591
10000.03002
10000.03353
10000.03272
10000.03534
10000.03355
10000.03562
10000.03433
10000.03552
10000.03644
10000.04296
10000.04074
10000.03841
10000.04231
10000.03868
10000.04083
10000.03571
10000.03783
10000.03839
10000.03442
10000.03725
10000.0407
10000.03981
10000.0396
10000.03944
10000.03607
10000.037
10000.03059
10000.03813
10000.04087
10000.03567
10000.03993
10000.03733
10000.03795
10000.04001
10000.03613
10000.03932
10000.04195
10000.03773
10000.0387
10000.04096
10000.03936
10000.04002
10000.0393
10000.04243
10000.04173
10000.04221
10000.04395
10000.04168
10000.04165
10000.04462
10000.04389
10000.04161
10000.04114
10000.04179
10000.04291
10000.04136
10000.04137
10000.04327
10000.04266
10000.03804
10000.04119
10000.03657
10000.03813
10000.04278
10000.04215
10000.0381
10000.03723
10000.0368
10000.03941
10000.03986
10000.03944
10000.0357
10000.03475
10000.03436
10000.03381
10000.03378
10000.03374
10000.03756
10000.0412
10000.04051
10000.04132
10000.03993
10000.03896
10000.0441
10000.04334
10000.04132
10000.05008
10000.05015
10000.04916
10000.0485
10000.05033
10000.04603
10000.04459
10000.04261
10000.04607
10000.04995
10000.04527
10000.04991
10000.04305
10000.04095
)
;

boundaryField
{
    sides
    {
        type            zeroGradient;
    }
    empty1
    {
        type            empty;
    }
    empty2
    {
        type            empty;
    }
}


// ************************************************************************* //
