/*--------------------------------*- C++ -*----------------------------------*\
| =========                 |                                                 |
| \\      /  F ield         | OpenFOAM: The Open Source CFD Toolbox           |
|  \\    /   O peration     | Version:  2312                                  |
|   \\  /    A nd           | Website:  www.openfoam.com                      |
|    \\/     M anipulation  |                                                 |
\*---------------------------------------------------------------------------*/
FoamFile
{
    version     2.0;
    format      ascii;
    arch        "LSB;label=32;scalar=64";
    class       volScalarField;
    location    "0.0008";
    object      rhoHat;
}
// * * * * * * * * * * * * * * * * * * * * * * * * * * * * * * * * * * * * * //

dimensions      [1 -3 0 0 0 0 0];

internalField   nonuniform List<scalar> 
5000
(
1.818989404e-12
0
0
0
0
1.818989404e-12
1.818989404e-12
1.818989404e-12
0
1.818989404e-12
0
0
0
1.818989404e-12
0
0
0
1.818989404e-12
1.818989404e-12
1.818989404e-12
1.818989404e-12
1.818989404e-12
1.818989404e-12
1.818989404e-12
1.818989404e-12
1.818989404e-12
1.818989404e-12
1.818989404e-12
1.818989404e-12
1.818989404e-12
0
1.818989404e-12
1.818989404e-12
1.818989404e-12
1.818989404e-12
1.818989404e-12
0
1.818989404e-12
0
1.818989404e-12
0
1.818989404e-12
0
1.818989404e-12
1.818989404e-12
1.818989404e-12
1.818989404e-12
1.818989404e-12
1.818989404e-12
1.818989404e-12
0
1.818989404e-12
0
1.818989404e-12
1.818989404e-12
1.818989404e-12
1.818989404e-12
1.818989404e-12
0
1.818989404e-12
1.818989404e-12
1.818989404e-12
0
1.818989404e-12
1.818989404e-12
1.818989404e-12
1.818989404e-12
1.818989404e-12
0
-1.818989404e-12
1.818989404e-12
0
1.818989404e-12
1.818989404e-12
0
0
0
1.818989404e-12
0
0
-1.818989404e-12
0
0
0
0
0
0
0
1.818989404e-12
-1.818989404e-12
0
0
0
0
0
0
0
0
-1.818989404e-12
0
1.818989404e-12
0
0
0
0
0
0
0
1.818989404e-12
1.818989404e-12
1.818989404e-12
0
-1.818989404e-12
0
1.818989404e-12
0
0
-1.818989404e-12
0
0
-1.818989404e-12
-1.818989404e-12
0
0
-1.818989404e-12
0
1.818989404e-12
-1.818989404e-12
0
1.818989404e-12
0
-1.818989404e-12
1.818989404e-12
0
-1.818989404e-12
0
1.818989404e-12
-1.818989404e-12
0
0
-1.818989404e-12
0
0
-1.818989404e-12
0
0
0
1.818989404e-12
0
0
0
0
-1.818989404e-12
1.818989404e-12
0
0
0
0
0
0
-3.637978807e-12
0
1.818989404e-12
0
1.818989404e-12
3.637978807e-12
0
0
0
0
0
0
0
-9.094947018e-13
-9.094947018e-13
-9.094947018e-13
0
9.094947018e-13
-9.094947018e-13
-9.094947018e-13
9.094947018e-13
9.094947018e-13
0
0
0
0
0
0
0
9.094947018e-13
0
9.094947018e-13
9.094947018e-13
-9.094947018e-13
9.094947018e-13
0
0
0
0
1.818989404e-12
0
0
-9.094947018e-13
-9.094947018e-13
-9.094947018e-13
9.094947018e-13
-9.094947018e-13
9.094947018e-13
0
0
0
0
0
-1.818989404e-12
-9.094947018e-13
0
0
9.094947018e-13
-1.818989404e-12
9.094947018e-13
0
-1.818989404e-12
9.094947018e-13
-9.094947018e-13
0
-9.094947018e-13
-1.818989404e-12
-1.818989404e-12
0
0
0
-1.818989404e-12
0
0
0
-1.818989404e-12
-9.094947018e-13
-1.818989404e-12
-9.094947018e-13
0
0
0
0
0
0
0
9.094947018e-13
9.094947018e-13
0
9.094947018e-13
9.094947018e-13
0
0
9.094947018e-13
-9.094947018e-13
0
0
0
0
0
0
0
1.818989404e-12
0
0
9.094947018e-13
0
0
0
9.094947018e-13
0
-9.094947018e-13
1.818989404e-12
0
0
0
0
-1.818989404e-12
0
0
0
0
0
1.818989404e-12
2.728484105e-12
3.637978807e-12
1.182343112e-11
2.910383046e-11
7.003109204e-11
1.718944986e-10
4.265530151e-10
1.043190423e-09
2.538399713e-09
6.133632269e-09
1.469561539e-08
3.490004019e-08
8.207643987e-08
1.910493665e-07
4.399034879e-07
1.001551936e-06
2.253871571e-06
5.011667781e-06
1.100802274e-05
2.387819768e-05
5.113999396e-05
0.000108118782
0.0002256039998
0.0004645428726
0.0009437885774
0.001891632211
0.003739849827
0.007292488788
0.01402347886
0.02659146745
0.04971531323
0.0916338846
0.1664904073
0.2981570551
0.5262209111
0.9151682613
1.568106467
2.646714357
4.399388072
7.199345898
11.59391165
18.36384687
28.587562
43.69743174
65.50419361
96.1514632
137.9513142
193.0551623
262.9483111
347.8341608
446.0943917
554.0621337
666.4072656
776.4934923
878.2147329
967.0606735
1039.533095
1094.3737
1131.495965
1151.961312
1156.998432
1150.235779
1135.595319
1116.734767
1097.610031
1080.468024
1065.500879
1052.716843
1041.956648
1032.991038
1025.578403
1019.48891
1014.514645
1010.472576
1007.204318
1004.57453
1002.468615
1000.79025
999.4590054
998.4081361
997.5825634
996.9370899
996.4348385
996.0458925
995.7461196
995.516165
995.3405948
995.2071713
995.1062452
995.0302509
994.9732891
994.930785
994.8992104
994.8758581
994.8586623
994.8460548
994.8368508
994.83016
994.8253165
994.8218249
994.8193183
994.8175261
994.8162498
994.8153447
994.8147052
994.8142553
994.81394
994.8137198
994.8135667
994.8134606
994.8133873
994.813337
994.8133025
994.8132789
994.8132629
994.8132521
994.8132447
994.8132398
994.8132365
994.8132343
994.8132328
994.8132319
994.8132312
994.8132308
994.8132305
994.8132303
994.8132302
994.8132301
994.8132301
994.8132301
994.81323
994.81323
994.81323
994.81323
994.81323
994.81323
994.81323
994.81323
994.81323
994.81323
994.81323
994.81323
994.81323
994.81323
994.81323
994.81323
994.81323
994.81323
994.81323
994.81323
994.81323
994.81323
994.81323
994.81323
994.81323
994.81323
994.81323
994.81323
994.81323
994.81323
994.81323
994.81323
994.81323
994.81323
994.81323
994.81323
994.81323
994.81323
994.81323
994.81323
994.81323
994.81323
994.81323
994.81323
994.81323
994.81323
994.81323
994.81323
994.81323
994.81323
994.81323
994.81323
994.81323
994.81323
994.81323
994.81323
994.81323
994.81323
994.81323
994.81323
994.81323
994.81323
994.81323
994.81323
994.81323
994.81323
994.81323
994.81323
994.81323
994.81323
994.81323
994.81323
994.81323
994.81323
994.81323
994.81323
994.81323
994.81323
994.81323
994.81323
994.81323
994.81323
994.81323
994.81323
994.81323
994.81323
994.81323
994.81323
994.81323
994.81323
994.81323
994.81323
994.81323
994.81323
994.81323
994.81323
994.81323
994.81323
994.81323
994.81323
994.81323
994.81323
994.81323
994.81323
994.81323
994.81323
994.81323
994.81323
994.81323
994.81323
994.81323
994.81323
994.81323
994.81323
994.81323
994.81323
994.81323
994.81323
994.81323
994.81323
994.81323
994.81323
994.81323
994.81323
994.81323
994.81323
994.81323
994.81323
994.81323
994.81323
994.81323
994.81323
994.81323
994.81323
994.81323
994.81323
994.81323
994.81323
994.81323
994.81323
994.81323
994.81323
994.81323
994.81323
994.81323
994.81323
994.81323
994.81323
994.81323
994.81323
994.81323
994.81323
994.81323
994.81323
994.81323
994.81323
994.81323
994.81323
994.81323
994.81323
994.81323
994.81323
994.81323
994.81323
994.81323
994.81323
994.81323
994.81323
994.81323
994.81323
994.81323
994.81323
994.81323
994.81323
994.81323
994.81323
994.81323
994.81323
994.81323
994.81323
994.81323
994.81323
994.81323
994.81323
994.81323
994.81323
994.81323
994.81323
994.81323
994.81323
994.81323
994.81323
994.81323
994.81323
994.81323
994.81323
994.81323
994.81323
994.81323
994.81323
994.81323
994.81323
994.81323
994.81323
994.81323
994.81323
994.81323
994.81323
994.81323
994.81323
994.81323
994.81323
994.81323
994.81323
994.81323
994.81323
994.81323
994.81323
994.81323
994.81323
994.81323
994.81323
994.81323
994.81323
994.81323
994.81323
994.81323
994.81323
994.81323
994.81323
994.81323
994.81323
994.81323
994.81323
994.81323
994.81323
994.81323
994.81323
994.81323
994.81323
994.81323
994.81323
994.81323
994.81323
994.81323
994.81323
994.81323
994.81323
994.81323
994.81323
994.81323
994.81323
994.81323
994.81323
994.81323
994.81323
994.81323
994.81323
994.81323
994.81323
994.81323
994.81323
994.81323
994.81323
994.81323
994.81323
994.81323
994.81323
994.81323
994.81323
994.81323
994.81323
994.81323
994.81323
994.81323
994.81323
994.81323
994.81323
994.81323
994.81323
994.81323
994.81323
994.81323
994.81323
994.81323
994.81323
994.81323
994.81323
994.81323
994.81323
994.81323
994.81323
994.81323
994.81323
994.81323
994.81323
994.81323
994.81323
994.81323
994.81323
994.81323
994.81323
994.81323
994.81323
994.81323
994.81323
994.81323
994.81323
994.81323
994.81323
994.81323
994.81323
994.81323
994.81323
994.81323
994.81323
994.81323
994.81323
994.81323
994.81323
994.81323
994.81323
994.81323
994.81323
994.81323
994.81323
994.81323
994.81323
994.81323
994.81323
994.81323
994.81323
994.81323
994.81323
994.81323
994.81323
994.81323
994.81323
994.81323
994.81323
994.81323
994.81323
994.81323
994.81323
994.81323
994.81323
994.81323
994.81323
994.81323
994.81323
994.81323
994.81323
994.81323
994.81323
994.81323
994.81323
994.81323
994.81323
994.81323
994.81323
994.81323
994.81323
994.81323
994.81323
994.81323
994.81323
994.81323
994.81323
994.81323
994.81323
994.81323
994.81323
994.81323
994.81323
994.81323
994.81323
994.81323
994.81323
994.81323
994.81323
994.81323
994.81323
994.81323
994.81323
994.81323
994.81323
994.81323
994.81323
994.81323
994.81323
994.81323
994.81323
994.81323
994.81323
994.81323
994.81323
994.81323
994.81323
994.81323
994.81323
994.81323
994.81323
994.81323
994.81323
994.81323
994.81323
994.81323
994.81323
994.81323
994.81323
994.81323
994.81323
994.81323
994.81323
994.81323
994.81323
994.81323
994.81323
994.81323
994.81323
994.81323
994.81323
994.81323
994.81323
994.81323
994.81323
994.81323
994.81323
994.81323
994.81323
994.81323
994.81323
994.81323
994.81323
994.81323
994.81323
994.81323
994.81323
994.81323
994.81323
994.81323
994.81323
994.81323
994.81323
994.81323
994.81323
994.81323
994.81323
994.81323
994.81323
994.81323
994.81323
994.81323
994.81323
994.81323
994.81323
994.81323
994.81323
994.81323
994.81323
994.81323
994.81323
994.81323
994.81323
994.81323
994.81323
994.81323
994.81323
994.81323
994.81323
994.81323
994.81323
994.81323
994.81323
994.81323
994.81323
994.81323
994.81323
994.81323
994.81323
994.81323
994.81323
994.81323
994.81323
994.81323
994.81323
994.81323
994.81323
994.81323
994.81323
994.81323
994.81323
994.81323
994.81323
994.81323
994.81323
994.81323
994.81323
994.81323
994.81323
994.81323
994.81323
994.81323
994.81323
994.81323
994.81323
994.81323
994.81323
994.81323
994.81323
994.81323
994.81323
994.81323
994.81323
994.81323
994.81323
994.81323
994.81323
994.81323
994.81323
994.81323
994.81323
994.81323
994.81323
994.81323
994.81323
994.81323
994.81323
994.81323
994.81323
994.81323
994.81323
994.81323
994.81323
994.81323
994.81323
994.81323
994.81323
994.81323
994.81323
994.81323
994.81323
994.81323
994.81323
994.81323
994.81323
994.81323
994.81323
994.81323
994.81323
994.81323
994.81323
994.81323
994.81323
994.81323
994.81323
994.81323
994.81323
994.81323
994.81323
994.81323
994.81323
994.81323
994.81323
994.81323
994.81323
994.81323
994.81323
994.81323
994.81323
994.81323
994.81323
994.81323
994.81323
994.81323
994.81323
994.81323
994.81323
994.81323
994.81323
994.81323
994.81323
994.81323
994.81323
994.81323
994.81323
994.81323
994.81323
994.81323
994.81323
994.81323
994.81323
994.81323
994.81323
994.81323
994.81323
994.81323
994.81323
994.81323
994.81323
994.81323
994.81323
994.81323
994.81323
994.81323
994.81323
994.81323
994.81323
994.81323
994.81323
994.81323
994.81323
994.81323
994.81323
994.81323
994.81323
994.81323
994.81323
994.81323
994.81323
994.81323
994.81323
994.81323
994.81323
994.81323
994.81323
994.81323
994.81323
994.81323
994.81323
994.81323
994.81323
994.81323
994.81323
994.81323
994.81323
994.81323
994.81323
994.81323
994.81323
994.81323
994.81323
994.81323
994.81323
994.81323
994.81323
994.81323
994.81323
994.81323
994.81323
994.81323
994.81323
994.81323
994.81323
994.81323
994.81323
994.81323
994.81323
994.81323
994.81323
994.81323
994.81323
994.81323
994.81323
994.81323
994.81323
994.81323
994.81323
994.81323
994.81323
994.81323
994.81323
994.81323
994.81323
994.81323
994.81323
994.81323
994.81323
994.81323
994.81323
994.81323
994.81323
994.81323
994.81323
994.81323
994.81323
994.81323
994.81323
994.81323
994.81323
994.81323
994.81323
994.81323
994.81323
994.81323
994.81323
994.81323
994.81323
994.81323
994.81323
994.81323
994.81323
994.81323
994.81323
994.81323
994.81323
994.81323
994.81323
994.81323
994.81323
994.81323
994.81323
994.81323
994.81323
994.81323
994.81323
994.81323
994.81323
994.81323
994.81323
994.81323
994.81323
994.81323
994.81323
994.8132299
994.81323
994.81323
994.81323
994.81323
994.81323
994.81323
994.81323
994.81323
994.81323
994.81323
994.81323
994.81323
994.81323
994.81323
994.81323
994.81323
994.81323
994.81323
994.81323
994.81323
994.81323
994.81323
994.81323
994.81323
994.81323
994.81323
994.81323
994.81323
994.81323
994.81323
994.81323
994.81323
994.81323
994.81323
994.81323
994.81323
994.81323
994.81323
994.81323
994.81323
994.81323
994.81323
994.81323
994.81323
994.81323
994.81323
994.81323
994.81323
994.81323
994.81323
994.81323
994.81323
994.81323
994.81323
994.81323
994.81323
994.81323
994.81323
994.81323
994.81323
994.81323
994.81323
994.81323
994.81323
994.81323
994.81323
994.81323
994.81323
994.81323
994.81323
994.81323
994.81323
994.81323
994.81323
994.81323
994.81323
994.81323
994.81323
994.81323
994.81323
994.81323
994.81323
994.81323
994.81323
994.81323
994.81323
994.81323
994.81323
994.81323
994.81323
994.81323
994.81323
994.81323
994.81323
994.81323
994.81323
994.81323
994.81323
994.81323
994.81323
994.81323
994.81323
994.81323
994.81323
994.81323
994.81323
994.81323
994.81323
994.81323
994.81323
994.81323
994.81323
994.81323
994.81323
994.81323
994.81323
994.81323
994.81323
994.81323
994.81323
994.81323
994.81323
994.81323
994.81323
994.81323
994.81323
994.81323
994.81323
994.81323
994.81323
994.81323
994.81323
994.81323
994.81323
994.81323
994.81323
994.81323
994.81323
994.81323
994.81323
994.81323
994.81323
994.81323
994.81323
994.81323
994.81323
994.81323
994.81323
994.81323
994.81323
994.81323
994.81323
994.81323
994.81323
994.81323
994.81323
994.81323
994.81323
994.81323
994.81323
994.81323
994.81323
994.81323
994.81323
994.81323
994.81323
994.81323
994.81323
994.81323
994.81323
994.81323
994.81323
994.81323
994.81323
994.81323
994.81323
994.81323
994.81323
994.81323
994.81323
994.81323
994.81323
994.81323
994.81323
994.81323
994.81323
994.81323
994.81323
994.81323
994.81323
994.81323
994.81323
994.81323
994.81323
994.81323
994.81323
994.81323
994.81323
994.81323
994.81323
994.81323
994.81323
994.81323
994.81323
994.81323
994.81323
994.81323
994.81323
994.81323
994.81323
994.81323
994.81323
994.81323
994.81323
994.81323
994.81323
994.81323
994.81323
994.81323
994.81323
994.81323
994.81323
994.81323
994.81323
994.81323
994.81323
994.81323
994.81323
994.81323
994.81323
994.81323
994.81323
994.81323
994.81323
994.81323
994.81323
994.81323
994.81323
994.81323
994.81323
994.81323
994.81323
994.81323
994.81323
994.81323
994.81323
994.81323
994.81323
994.81323
994.81323
994.81323
994.81323
994.81323
994.81323
994.81323
994.81323
994.81323
994.81323
994.81323
994.81323
994.81323
994.81323
994.81323
994.81323
994.81323
994.81323
994.81323
994.81323
994.81323
994.81323
994.81323
994.81323
994.81323
994.81323
994.81323
994.81323
994.81323
994.81323
994.81323
994.81323
994.81323
994.81323
994.81323
994.81323
994.81323
994.81323
994.81323
994.81323
994.81323
994.81323
994.81323
994.81323
994.81323
994.81323
994.81323
994.81323
994.81323
994.81323
994.81323
994.81323
994.81323
994.81323
994.81323
994.81323
994.81323
994.81323
994.81323
994.81323
994.81323
994.81323
994.81323
994.81323
994.81323
994.81323
994.81323
994.81323
994.81323
994.81323
994.81323
994.81323
994.81323
994.81323
994.81323
994.81323
994.81323
994.81323
994.81323
994.81323
994.81323
994.81323
994.81323
994.81323
994.81323
994.81323
994.81323
994.81323
994.81323
994.81323
994.81323
994.81323
994.81323
994.81323
994.81323
994.81323
994.81323
994.81323
994.81323
994.81323
994.81323
994.81323
994.81323
994.81323
994.81323
994.81323
994.81323
994.81323
994.81323
994.81323
994.81323
994.81323
994.81323
994.81323
994.81323
994.81323
994.81323
994.81323
994.81323
994.81323
994.81323
994.81323
994.81323
994.81323
994.81323
994.81323
994.81323
994.81323
994.81323
994.81323
994.81323
994.81323
994.81323
994.81323
994.81323
994.81323
994.81323
994.81323
994.81323
994.81323
994.81323
994.81323
994.81323
994.81323
994.81323
994.81323
994.81323
994.81323
994.81323
994.81323
994.81323
994.81323
994.81323
994.81323
994.81323
994.81323
994.81323
994.81323
994.81323
994.81323
994.81323
994.81323
994.81323
994.81323
994.81323
994.81323
994.81323
994.81323
994.81323
994.81323
994.81323
994.81323
994.81323
994.81323
994.81323
994.81323
994.81323
994.81323
994.81323
994.81323
994.81323
994.81323
994.81323
994.81323
994.81323
994.81323
994.81323
994.81323
994.81323
994.81323
994.81323
994.81323
994.81323
994.81323
994.81323
994.81323
994.81323
994.81323
994.81323
994.81323
994.81323
994.81323
994.81323
994.81323
994.81323
994.81323
994.81323
994.81323
994.81323
994.81323
994.81323
994.81323
994.81323
994.81323
994.81323
994.81323
994.81323
994.81323
994.81323
994.81323
994.81323
994.81323
994.81323
994.81323
994.81323
994.81323
994.81323
994.81323
994.81323
994.81323
994.81323
994.81323
994.81323
994.81323
994.81323
994.81323
994.81323
994.81323
994.81323
994.81323
994.81323
994.81323
994.81323
994.81323
994.81323
994.81323
994.81323
994.81323
994.81323
994.81323
994.81323
994.81323
994.81323
994.81323
994.81323
994.81323
994.81323
994.81323
994.81323
994.81323
994.81323
994.81323
994.81323
994.81323
994.81323
994.81323
994.81323
994.81323
994.81323
994.81323
994.81323
994.81323
994.81323
994.81323
994.81323
994.81323
994.81323
994.81323
994.81323
994.81323
994.81323
994.81323
994.81323
994.81323
994.81323
994.81323
994.81323
994.81323
994.81323
994.81323
994.81323
994.81323
994.81323
994.81323
994.81323
994.81323
994.81323
994.81323
994.81323
994.81323
994.81323
994.81323
994.81323
994.81323
994.81323
994.81323
994.81323
994.81323
994.81323
994.81323
994.81323
994.81323
994.81323
994.81323
994.81323
994.81323
994.81323
994.81323
994.81323
994.81323
994.81323
994.81323
994.81323
994.81323
994.81323
994.81323
994.81323
994.81323
994.81323
994.81323
994.81323
994.81323
994.81323
994.81323
994.81323
994.81323
994.81323
994.81323
994.81323
994.81323
994.81323
994.81323
994.81323
994.81323
994.81323
994.81323
994.81323
994.81323
994.81323
994.81323
994.81323
994.81323
994.81323
994.81323
994.81323
994.81323
994.81323
994.81323
994.81323
994.81323
994.81323
994.81323
994.81323
994.81323
994.81323
994.81323
994.81323
994.81323
994.81323
994.81323
994.81323
994.81323
994.81323
994.81323
994.81323
994.81323
994.81323
994.81323
994.81323
994.81323
994.81323
994.81323
994.81323
994.81323
994.81323
994.81323
994.81323
994.81323
994.81323
994.81323
994.81323
994.81323
994.81323
994.81323
994.81323
994.81323
994.81323
994.81323
994.81323
994.81323
994.81323
994.81323
994.81323
994.81323
994.81323
994.81323
994.81323
994.81323
994.81323
994.81323
994.81323
994.81323
994.81323
994.81323
994.81323
994.81323
994.81323
994.81323
994.81323
994.81323
994.81323
994.81323
994.81323
994.81323
994.81323
994.81323
994.81323
994.81323
994.81323
994.81323
994.81323
994.81323
994.81323
994.81323
994.81323
994.81323
994.81323
994.81323
994.81323
994.81323
994.81323
994.81323
994.81323
994.81323
994.81323
994.81323
994.81323
994.81323
994.81323
994.81323
994.81323
994.81323
994.81323
994.81323
994.81323
994.81323
994.81323
994.81323
994.81323
994.81323
994.81323
994.81323
994.81323
994.81323
994.81323
994.81323
994.81323
994.81323
994.81323
994.81323
994.81323
994.81323
994.81323
994.81323
994.81323
994.81323
994.81323
994.81323
994.81323
994.81323
994.81323
994.81323
994.81323
994.81323
994.81323
994.81323
994.81323
994.81323
994.81323
994.81323
994.81323
994.81323
994.81323
994.81323
994.81323
994.81323
994.81323
994.81323
994.81323
994.81323
994.81323
994.81323
994.81323
994.81323
994.81323
994.81323
994.81323
994.81323
994.81323
994.81323
994.81323
994.81323
994.81323
994.81323
994.81323
994.81323
994.81323
994.81323
994.81323
994.81323
994.81323
994.81323
994.81323
994.81323
994.81323
994.81323
994.81323
994.81323
994.81323
994.81323
994.81323
994.81323
994.81323
994.81323
994.81323
994.81323
994.81323
994.81323
994.81323
994.81323
994.81323
994.81323
994.81323
994.81323
994.81323
994.81323
994.81323
994.81323
994.81323
994.81323
994.81323
994.81323
994.81323
994.81323
994.81323
994.81323
994.81323
994.81323
994.81323
994.81323
994.81323
994.81323
994.81323
994.81323
994.81323
994.81323
994.81323
994.81323
994.81323
994.81323
994.81323
994.81323
994.81323
994.81323
994.81323
994.81323
994.81323
994.81323
994.81323
994.81323
994.81323
994.81323
994.81323
994.81323
994.81323
994.81323
994.81323
994.81323
994.81323
994.81323
994.81323
994.81323
994.81323
994.81323
994.81323
994.81323
994.81323
994.81323
994.81323
994.81323
994.81323
994.81323
994.81323
994.81323
994.81323
994.81323
994.81323
994.81323
994.81323
994.81323
994.81323
994.81323
994.81323
994.81323
994.81323
994.81323
994.81323
994.81323
994.81323
994.81323
994.81323
994.81323
994.81323
994.81323
994.81323
994.81323
994.81323
994.81323
994.81323
994.81323
994.81323
994.81323
994.81323
994.81323
994.81323
994.81323
994.81323
994.81323
994.81323
994.81323
994.81323
994.81323
994.81323
994.81323
994.81323
994.81323
994.81323
994.81323
994.81323
994.81323
994.81323
994.81323
994.81323
994.81323
994.81323
994.81323
994.81323
994.81323
994.81323
994.81323
994.81323
994.81323
994.81323
994.81323
994.81323
994.81323
994.81323
994.81323
994.81323
994.81323
994.81323
994.81323
994.81323
994.81323
994.81323
994.81323
994.81323
994.81323
994.81323
994.81323
994.81323
994.81323
994.81323
994.81323
994.81323
994.81323
994.81323
994.81323
994.81323
994.81323
994.81323
994.81323
994.81323
994.81323
994.81323
994.81323
994.81323
994.81323
994.81323
994.81323
994.81323
994.81323
994.81323
994.81323
994.81323
994.81323
994.81323
994.81323
994.81323
994.81323
994.81323
994.81323
994.81323
994.81323
994.81323
994.81323
994.81323
994.81323
994.81323
994.81323
994.81323
994.81323
994.81323
994.81323
994.81323
994.81323
994.81323
994.81323
994.81323
994.81323
994.81323
994.81323
994.81323
994.81323
994.81323
994.81323
994.81323
994.81323
994.81323
994.81323
994.81323
994.81323
994.81323
994.81323
994.81323
994.81323
994.81323
994.81323
994.81323
994.81323
994.81323
994.81323
994.81323
994.81323
994.81323
994.81323
994.81323
994.81323
994.81323
994.81323
994.81323
994.81323
994.81323
994.81323
994.81323
994.81323
994.81323
994.81323
994.81323
994.81323
994.81323
994.81323
994.81323
994.81323
994.81323
994.81323
994.81323
994.81323
994.81323
994.81323
994.81323
994.81323
994.81323
994.81323
994.81323
994.81323
994.81323
994.81323
994.81323
994.81323
994.81323
994.81323
994.81323
994.81323
994.81323
994.81323
994.81323
994.81323
994.81323
994.81323
994.81323
994.81323
994.81323
994.81323
994.81323
994.81323
994.81323
994.81323
994.81323
994.81323
994.81323
994.81323
994.81323
994.81323
994.81323
994.81323
994.81323
994.81323
994.81323
994.81323
994.81323
994.81323
994.81323
994.81323
994.81323
994.81323
994.81323
994.81323
994.81323
994.81323
994.81323
994.81323
994.81323
994.81323
994.81323
994.81323
994.81323
994.81323
994.81323
994.81323
994.81323
994.81323
994.81323
994.81323
994.81323
994.81323
994.81323
994.81323
994.81323
994.81323
994.81323
994.81323
994.81323
994.81323
994.81323
994.81323
994.81323
994.81323
994.81323
994.81323
994.81323
994.81323
994.81323
994.81323
994.81323
994.81323
994.81323
994.81323
994.81323
994.81323
994.81323
994.81323
994.81323
994.81323
994.81323
994.81323
994.81323
994.81323
994.81323
994.81323
994.81323
994.81323
994.81323
994.81323
994.81323
994.81323
994.81323
994.81323
994.81323
994.81323
994.81323
994.81323
994.81323
994.81323
994.81323
994.81323
994.81323
994.81323
994.81323
994.81323
994.81323
994.81323
994.81323
994.81323
994.81323
994.81323
994.81323
994.81323
994.81323
994.81323
994.81323
994.81323
994.81323
994.81323
994.81323
994.81323
994.81323
994.81323
994.81323
994.81323
994.81323
994.81323
994.81323
994.81323
994.81323
994.81323
994.81323
994.81323
994.81323
994.81323
994.81323
994.81323
994.81323
994.81323
994.81323
994.81323
994.81323
994.81323
994.81323
994.81323
994.81323
994.81323
994.81323
994.81323
994.81323
994.81323
994.81323
994.81323
994.81323
994.81323
994.81323
994.81323
994.81323
994.81323
994.81323
994.81323
994.81323
994.81323
994.81323
994.81323
994.81323
994.81323
994.81323
994.81323
994.81323
994.81323
994.81323
994.81323
994.81323
994.81323
994.81323
994.81323
994.81323
994.81323
994.81323
994.81323
994.81323
994.81323
994.81323
994.81323
994.81323
994.81323
994.81323
994.81323
994.81323
994.81323
994.81323
994.81323
994.81323
994.81323
994.81323
994.81323
994.81323
994.81323
994.81323
994.81323
994.81323
994.81323
994.81323
994.81323
994.81323
994.81323
994.81323
994.81323
994.81323
994.81323
994.81323
994.81323
994.81323
994.81323
994.81323
994.81323
994.81323
994.81323
994.81323
994.81323
994.81323
994.81323
994.81323
994.81323
994.81323
994.81323
994.81323
994.81323
994.81323
994.81323
994.81323
994.81323
994.81323
994.81323
994.81323
994.81323
994.81323
994.81323
994.81323
994.81323
994.81323
994.81323
994.81323
994.81323
994.81323
994.81323
994.81323
994.81323
994.81323
994.81323
994.81323
994.81323
994.81323
994.81323
994.81323
994.81323
994.81323
994.81323
994.81323
994.81323
994.81323
994.81323
994.81323
994.81323
994.81323
994.81323
994.81323
994.81323
994.81323
994.81323
994.81323
994.81323
994.81323
994.81323
994.81323
994.81323
994.81323
994.81323
994.81323
994.81323
994.81323
994.81323
994.81323
994.81323
994.81323
994.81323
994.81323
994.81323
994.81323
994.81323
994.81323
994.81323
994.81323
994.81323
994.81323
994.81323
994.81323
994.81323
994.81323
994.81323
994.81323
994.81323
994.81323
994.81323
994.81323
994.81323
994.81323
994.81323
994.81323
994.81323
994.81323
994.81323
994.81323
994.81323
994.81323
994.81323
994.81323
994.81323
994.81323
994.81323
994.81323
994.81323
994.81323
994.81323
994.81323
994.81323
994.81323
994.81323
994.81323
994.81323
994.81323
994.81323
994.81323
994.81323
994.81323
994.81323
994.81323
994.81323
994.81323
994.81323
994.81323
994.81323
994.81323
994.81323
994.81323
994.81323
994.81323
994.81323
994.81323
994.81323
994.81323
994.81323
994.81323
994.81323
994.81323
994.81323
994.81323
994.81323
994.81323
994.81323
994.81323
994.81323
994.81323
994.81323
994.81323
994.81323
994.81323
994.81323
994.81323
994.81323
994.81323
994.81323
994.81323
994.81323
994.81323
994.81323
994.81323
994.81323
994.81323
994.81323
994.81323
994.81323
994.81323
994.81323
994.81323
994.81323
994.81323
994.81323
994.81323
994.81323
994.81323
994.81323
994.81323
994.81323
994.81323
994.81323
994.81323
994.81323
994.81323
994.81323
994.81323
994.81323
994.81323
994.81323
994.81323
994.81323
994.81323
994.81323
994.81323
994.81323
994.81323
994.81323
994.81323
994.81323
994.81323
994.81323
994.81323
994.81323
994.81323
994.81323
994.81323
994.81323
994.81323
994.81323
994.81323
994.81323
994.81323
994.81323
994.81323
994.81323
994.81323
994.81323
994.81323
994.81323
994.81323
994.81323
994.81323
994.81323
994.81323
994.81323
994.81323
994.81323
994.81323
994.81323
994.81323
994.81323
994.81323
994.81323
994.81323
994.81323
994.81323
994.81323
994.81323
994.81323
994.81323
994.81323
994.81323
994.81323
994.81323
994.81323
994.81323
994.81323
994.81323
994.81323
994.81323
994.81323
994.81323
994.81323
994.81323
994.81323
994.81323
994.81323
994.81323
994.81323
994.81323
994.81323
994.81323
994.81323
994.81323
994.81323
994.81323
994.81323
994.81323
994.81323
994.81323
994.81323
994.81323
994.81323
994.81323
994.81323
994.81323
994.81323
994.81323
994.81323
994.81323
994.81323
994.81323
994.81323
994.81323
994.81323
994.81323
994.81323
994.81323
994.81323
994.81323
994.81323
994.81323
994.81323
994.81323
994.81323
994.81323
994.81323
994.81323
994.81323
994.81323
994.81323
994.81323
994.81323
994.81323
994.81323
994.81323
994.81323
994.81323
994.81323
994.81323
994.81323
994.81323
994.81323
994.81323
994.81323
994.81323
994.81323
994.81323
994.81323
994.81323
994.81323
994.81323
994.81323
994.81323
994.81323
994.81323
994.81323
994.81323
994.81323
994.81323
994.81323
994.81323
994.81323
994.81323
994.81323
994.81323
994.81323
994.81323
994.81323
994.81323
994.81323
994.81323
994.81323
994.81323
994.81323
994.81323
994.81323
994.81323
994.81323
994.81323
994.81323
994.81323
994.81323
994.81323
994.81323
994.81323
994.81323
994.81323
994.81323
994.81323
994.81323
994.81323
994.81323
994.81323
994.81323
994.81323
994.81323
994.81323
994.81323
994.81323
994.81323
994.81323
994.81323
994.81323
994.81323
994.81323
994.81323
994.81323
994.81323
994.81323
994.81323
994.81323
994.81323
994.81323
994.81323
994.81323
994.81323
994.81323
994.81323
994.81323
994.81323
994.81323
994.81323
994.81323
994.81323
994.81323
994.81323
994.81323
994.81323
994.81323
994.81323
994.81323
994.81323
994.81323
994.81323
994.81323
994.81323
994.81323
994.81323
994.81323
994.81323
994.81323
994.81323
994.81323
994.81323
994.81323
994.81323
994.81323
994.81323
994.81323
994.81323
994.81323
994.81323
994.81323
994.81323
994.81323
994.81323
994.81323
994.81323
994.81323
994.81323
994.81323
994.81323
994.81323
994.81323
994.81323
994.81323
994.81323
994.81323
994.81323
994.81323
994.81323
994.81323
994.81323
994.81323
994.81323
994.81323
994.81323
994.81323
994.81323
994.81323
994.81323
994.81323
994.81323
994.81323
994.81323
994.81323
994.81323
994.81323
994.81323
994.81323
994.81323
994.81323
994.81323
994.81323
994.81323
994.81323
994.81323
994.81323
994.81323
994.81323
994.81323
994.81323
994.81323
994.81323
994.81323
994.81323
994.81323
994.81323
994.81323
994.81323
994.81323
994.81323
994.81323
994.81323
994.81323
994.81323
994.81323
994.81323
994.81323
994.81323
994.81323
994.81323
994.81323
994.81323
994.81323
994.81323
994.81323
994.81323
994.81323
994.81323
994.81323
994.81323
994.81323
994.81323
994.81323
994.81323
994.81323
994.81323
994.81323
994.81323
994.81323
994.81323
994.81323
994.81323
994.81323
994.81323
994.81323
994.81323
994.81323
994.81323
994.81323
994.81323
994.81323
994.81323
994.81323
994.81323
994.81323
994.81323
994.81323
994.81323
994.81323
994.81323
994.81323
994.81323
994.81323
994.81323
994.81323
994.81323
994.81323
994.81323
994.81323
994.81323
994.81323
994.81323
994.81323
994.81323
994.81323
994.81323
994.81323
994.81323
994.81323
994.81323
994.81323
994.81323
994.81323
994.81323
994.81323
994.81323
994.81323
994.81323
994.81323
994.81323
994.81323
994.81323
994.81323
994.81323
994.81323
994.81323
994.81323
994.81323
994.81323
994.81323
994.81323
994.81323
994.81323
994.81323
994.81323
994.81323
994.81323
994.81323
994.81323
994.81323
994.81323
994.81323
994.81323
994.81323
994.81323
994.81323
994.81323
994.81323
994.81323
994.81323
994.81323
994.81323
994.81323
994.81323
994.81323
994.81323
994.81323
994.81323
994.81323
994.81323
994.81323
994.81323
994.81323
994.81323
994.81323
994.81323
994.81323
994.81323
994.81323
994.81323
994.81323
994.81323
994.81323
994.81323
994.81323
994.81323
994.81323
994.81323
994.81323
994.81323
994.81323
994.81323
994.81323
994.81323
994.81323
994.81323
994.81323
994.81323
994.81323
994.81323
994.81323
994.81323
994.81323
994.81323
994.81323
994.81323
994.81323
994.81323
994.81323
994.81323
994.81323
994.81323
994.81323
994.81323
994.81323
994.81323
994.81323
994.81323
994.81323
994.81323
994.81323
994.81323
994.81323
994.81323
994.81323
994.81323
994.81323
994.81323
994.81323
994.81323
994.81323
994.81323
994.81323
994.81323
994.81323
994.81323
994.81323
994.81323
994.81323
994.81323
994.81323
994.81323
994.81323
994.81323
994.81323
994.81323
994.81323
994.81323
994.81323
994.81323
994.81323
994.81323
994.81323
994.81323
994.81323
994.81323
994.81323
994.81323
994.81323
994.81323
994.81323
994.81323
994.81323
994.81323
994.81323
994.81323
994.81323
994.81323
994.81323
994.81323
994.81323
994.81323
994.81323
994.81323
994.81323
994.81323
994.81323
994.81323
994.81323
994.81323
994.81323
994.81323
994.81323
994.81323
994.81323
994.81323
994.81323
994.81323
994.81323
994.81323
994.81323
994.81323
994.81323
994.81323
994.81323
994.81323
994.81323
994.81323
994.81323
994.81323
994.81323
994.81323
994.81323
994.81323
994.81323
994.81323
994.81323
994.81323
994.81323
994.81323
994.81323
994.81323
994.81323
994.81323
994.81323
994.81323
994.81323
994.81323
994.81323
994.81323
994.81323
994.81323
994.81323
994.81323
994.81323
994.81323
994.81323
994.81323
994.81323
994.81323
994.81323
994.81323
994.81323
994.81323
994.81323
994.81323
994.81323
994.81323
994.81323
994.81323
994.81323
994.81323
994.81323
994.81323
994.81323
994.81323
994.81323
994.81323
994.81323
994.81323
994.81323
994.81323
994.81323
994.81323
994.81323
994.81323
994.81323
994.81323
994.81323
994.81323
994.81323
994.81323
994.81323
994.81323
994.81323
994.81323
994.81323
994.81323
994.81323
994.81323
994.81323
994.81323
994.81323
994.81323
994.81323
994.81323
994.81323
994.81323
994.81323
994.81323
994.81323
994.81323
994.81323
994.81323
994.81323
994.81323
994.81323
994.81323
994.81323
994.81323
994.81323
994.81323
994.81323
994.81323
994.81323
994.81323
994.81323
994.81323
994.81323
994.81323
994.81323
994.81323
994.81323
994.81323
994.81323
994.81323
994.81323
994.81323
994.81323
994.81323
994.81323
994.81323
994.81323
994.81323
994.81323
994.81323
994.81323
994.81323
994.81323
994.81323
994.81323
994.81323
994.81323
994.81323
994.81323
994.81323
994.81323
994.8132299
994.81323
994.81323
994.81323
994.81323
994.81323
994.81323
994.81323
994.81323
994.81323
994.81323
994.81323
994.81323
994.81323
994.81323
994.81323
994.81323
994.81323
994.81323
994.81323
994.81323
994.81323
994.81323
994.81323
994.81323
994.81323
994.81323
994.81323
994.81323
994.81323
994.81323
994.81323
994.81323
994.81323
994.81323
994.81323
994.81323
994.81323
994.81323
994.81323
994.81323
994.81323
994.81323
994.81323
994.81323
994.81323
994.81323
994.81323
994.81323
994.81323
994.81323
994.81323
994.81323
994.81323
994.81323
994.81323
994.81323
994.81323
994.81323
994.81323
994.81323
994.81323
994.81323
994.81323
994.81323
994.81323
994.81323
994.81323
994.81323
994.81323
994.81323
994.81323
994.81323
994.81323
994.81323
994.81323
994.81323
994.81323
994.81323
994.81323
994.81323
994.81323
994.81323
994.81323
994.81323
994.81323
994.81323
994.81323
994.81323
994.81323
994.81323
994.81323
994.81323
994.81323
994.81323
994.81323
994.81323
994.81323
994.81323
994.81323
994.81323
994.81323
994.81323
994.81323
994.81323
994.81323
994.81323
994.81323
994.81323
994.81323
994.81323
994.81323
994.81323
994.81323
994.81323
994.81323
994.81323
994.81323
994.81323
994.81323
994.81323
994.81323
994.81323
994.81323
994.81323
994.81323
994.81323
994.81323
994.81323
994.81323
994.81323
994.81323
994.81323
994.81323
994.81323
994.81323
994.81323
994.81323
994.81323
994.81323
994.81323
994.81323
994.81323
994.81323
994.81323
994.81323
994.81323
994.81323
994.81323
994.81323
994.81323
994.81323
994.81323
994.81323
994.81323
994.81323
994.81323
994.81323
994.81323
994.81323
994.81323
994.81323
994.81323
994.81323
994.81323
994.81323
994.81323
994.81323
994.81323
994.81323
994.81323
994.81323
994.81323
994.81323
994.81323
994.81323
994.81323
994.81323
994.81323
994.81323
994.81323
994.81323
994.81323
994.81323
994.81323
994.81323
994.81323
994.81323
994.81323
994.81323
994.81323
994.81323
994.81323
994.81323
994.81323
994.81323
994.81323
994.81323
994.81323
994.81323
994.81323
994.81323
994.81323
994.81323
994.81323
994.81323
994.81323
994.81323
994.81323
994.81323
994.81323
994.81323
994.81323
994.81323
994.81323
994.81323
994.81323
994.81323
994.81323
994.81323
994.81323
994.81323
994.81323
994.81323
994.81323
994.81323
994.81323
994.81323
994.81323
994.81323
994.81323
994.81323
994.81323
994.81323
994.81323
994.81323
994.81323
994.81323
994.81323
994.81323
994.81323
994.81323
994.81323
994.81323
994.81323
994.81323
994.81323
994.81323
994.81323
994.81323
994.81323
994.81323
994.81323
994.81323
994.81323
994.81323
994.81323
994.81323
994.81323
994.81323
994.81323
994.81323
994.81323
994.81323
994.81323
994.81323
994.81323
994.81323
994.81323
994.81323
994.81323
994.81323
994.81323
994.81323
994.81323
994.81323
994.81323
994.81323
994.81323
994.81323
994.81323
994.81323
994.81323
994.81323
994.81323
994.81323
994.81323
994.81323
994.81323
994.81323
994.81323
994.81323
994.81323
994.81323
994.81323
994.81323
994.81323
994.81323
994.81323
994.81323
994.81323
994.81323
994.81323
994.81323
994.81323
994.81323
994.81323
994.81323
994.81323
994.81323
994.81323
994.81323
994.81323
994.81323
994.81323
994.81323
994.81323
994.81323
994.81323
994.81323
994.81323
994.81323
994.81323
994.81323
994.81323
994.81323
994.81323
994.81323
994.81323
994.81323
994.81323
994.81323
994.81323
994.81323
994.81323
994.81323
994.81323
994.81323
994.81323
994.81323
994.81323
994.81323
994.81323
994.81323
994.81323
994.81323
994.81323
994.81323
994.81323
994.81323
994.81323
994.81323
994.81323
994.81323
994.81323
994.81323
994.81323
994.81323
994.81323
994.81323
994.81323
994.81323
994.81323
994.81323
994.81323
994.81323
994.81323
994.81323
994.81323
994.81323
994.81323
994.81323
994.81323
994.81323
994.81323
994.81323
994.81323
994.81323
994.81323
994.81323
994.81323
994.81323
994.81323
994.81323
994.81323
994.81323
994.81323
994.81323
994.81323
994.81323
994.81323
994.81323
994.81323
994.81323
994.81323
994.81323
994.81323
994.81323
994.81323
994.81323
994.81323
994.81323
994.81323
994.81323
994.81323
994.81323
994.81323
994.81323
994.81323
994.81323
994.81323
994.81323
994.81323
994.81323
994.81323
994.81323
994.81323
994.81323
994.81323
994.81323
994.81323
994.81323
994.81323
994.81323
994.81323
994.81323
994.81323
994.81323
994.81323
994.81323
994.81323
994.81323
994.81323
994.81323
994.81323
994.81323
994.81323
994.81323
994.81323
994.81323
994.81323
994.81323
994.81323
994.81323
994.81323
994.81323
994.81323
994.81323
994.81323
994.81323
994.81323
994.81323
994.81323
994.81323
994.81323
994.81323
994.81323
994.81323
994.81323
994.81323
994.81323
994.81323
994.81323
994.81323
994.81323
994.81323
994.81323
994.81323
994.81323
994.81323
994.81323
994.81323
994.81323
994.81323
994.81323
994.81323
994.81323
994.81323
994.81323
994.81323
994.81323
994.81323
994.81323
994.81323
994.81323
994.81323
994.81323
994.81323
994.81323
994.81323
994.81323
994.81323
994.81323
994.81323
994.81323
994.81323
994.81323
994.81323
994.81323
994.81323
994.81323
994.81323
994.81323
994.81323
994.81323
994.81323
994.81323
994.81323
994.81323
994.81323
994.81323
994.81323
994.81323
994.81323
994.81323
994.81323
994.81323
994.81323
994.81323
994.81323
994.81323
994.81323
994.81323
994.81323
994.81323
994.81323
994.81323
994.81323
994.81323
994.81323
994.81323
994.81323
994.81323
994.81323
994.81323
994.81323
994.81323
994.81323
994.81323
994.81323
994.81323
994.81323
994.81323
994.81323
994.81323
994.81323
994.81323
994.81323
994.81323
994.81323
994.81323
994.81323
994.81323
994.81323
994.81323
994.81323
994.81323
994.81323
994.81323
994.81323
994.81323
994.81323
994.81323
994.81323
994.81323
994.81323
994.81323
994.81323
994.81323
994.81323
994.81323
994.81323
994.81323
994.81323
994.81323
994.81323
994.81323
994.81323
994.81323
994.81323
994.81323
994.81323
994.81323
994.81323
994.81323
994.81323
994.81323
994.81323
994.81323
994.81323
994.81323
994.81323
994.81323
994.81323
994.81323
994.81323
994.81323
994.81323
994.81323
994.81323
994.81323
994.81323
994.81323
994.81323
994.81323
994.81323
994.81323
994.81323
994.81323
994.81323
994.81323
994.81323
994.81323
994.81323
994.81323
994.81323
994.81323
994.81323
994.81323
994.81323
994.81323
994.81323
994.81323
994.81323
994.81323
994.81323
994.81323
994.81323
994.81323
994.81323
994.81323
994.81323
994.81323
994.81323
994.81323
994.81323
994.81323
994.81323
994.81323
994.81323
994.81323
994.81323
994.81323
994.81323
994.81323
994.81323
994.81323
994.81323
994.81323
994.81323
994.81323
994.81323
994.81323
994.81323
994.81323
994.81323
994.81323
994.81323
994.81323
994.81323
994.81323
994.81323
994.81323
994.81323
994.81323
994.81323
994.81323
994.81323
994.81323
994.81323
994.81323
994.8132299
994.8132299
994.8132299
994.8132299
994.8132299
994.8132299
994.8132299
994.8132299
994.8132299
994.8132299
994.8132299
994.8132299
994.8132299
994.8132299
994.8132299
994.81323
994.81323
994.81323
994.81323
994.81323
994.81323
994.81323
994.81323
994.81323
994.81323
994.81323
994.81323
994.81323
994.81323
994.81323
994.81323
994.81323
994.81323
994.81323
994.81323
994.81323
994.81323
994.81323
994.81323
994.81323
994.81323
994.81323
994.81323
994.81323
994.81323
994.81323
994.81323
994.81323
994.81323
994.81323
994.81323
994.81323
994.81323
994.81323
994.81323
994.81323
994.81323
994.81323
994.81323
994.81323
994.81323
994.81323
994.81323
994.81323
994.81323
994.81323
994.81323
994.81323
994.81323
994.81323
994.81323
994.81323
994.81323
994.81323
994.81323
994.81323
994.81323
994.81323
994.81323
994.81323
994.81323
994.81323
994.81323
994.81323
994.81323
994.81323
994.81323
994.81323
994.81323
994.81323
994.81323
994.81323
994.81323
994.81323
994.81323
994.81323
994.81323
994.81323
994.81323
994.81323
994.81323
994.81323
994.81323
994.81323
994.81323
994.81323
994.81323
994.81323
994.81323
994.81323
994.81323
994.81323
994.81323
994.81323
994.81323
994.81323
994.81323
994.81323
994.81323
994.81323
994.81323
994.81323
994.81323
994.81323
994.81323
994.81323
994.81323
994.81323
994.81323
994.81323
994.81323
994.81323
994.81323
994.81323
994.81323
994.81323
994.81323
994.81323
994.81323
994.81323
994.81323
994.81323
994.81323
994.81323
994.81323
994.81323
994.81323
994.81323
994.81323
994.81323
994.81323
994.81323
994.81323
994.81323
994.81323
994.81323
994.81323
994.81323
994.81323
994.81323
994.81323
994.81323
994.81323
994.81323
994.81323
994.81323
994.81323
994.81323
994.81323
994.81323
994.81323
994.81323
994.81323
994.81323
994.81323
994.81323
994.81323
994.81323
994.81323
994.81323
994.81323
994.81323
994.81323
994.81323
994.81323
994.81323
994.81323
994.81323
994.81323
994.81323
994.81323
994.81323
994.81323
994.81323
994.81323
994.81323
994.81323
994.81323
994.81323
994.81323
994.81323
994.81323
994.81323
994.81323
994.81323
994.81323
994.81323
994.81323
994.81323
994.81323
994.81323
994.81323
994.81323
994.81323
994.81323
994.81323
994.81323
994.81323
994.81323
994.81323
994.81323
994.81323
994.81323
994.81323
994.81323
994.81323
994.81323
994.81323
994.81323
994.81323
994.81323
994.81323
994.81323
994.81323
994.81323
994.81323
994.81323
994.81323
994.81323
994.81323
994.81323
994.81323
994.81323
994.81323
994.81323
994.81323
994.81323
994.81323
994.81323
994.81323
994.81323
994.81323
994.81323
994.81323
994.81323
994.81323
994.81323
994.81323
994.81323
994.81323
994.81323
994.81323
994.81323
994.81323
994.81323
994.81323
994.81323
994.81323
994.81323
994.81323
994.81323
994.81323
994.81323
994.81323
994.81323
994.81323
994.81323
994.81323
994.81323
994.81323
994.81323
994.81323
994.81323
994.81323
994.81323
994.81323
994.81323
994.81323
994.81323
994.81323
994.81323
994.81323
994.81323
994.81323
994.81323
994.81323
994.81323
994.81323
994.81323
994.81323
994.81323
994.81323
994.81323
994.81323
994.81323
994.81323
994.81323
994.81323
994.81323
994.81323
994.81323
994.81323
994.81323
994.81323
994.81323
994.81323
994.81323
994.81323
994.81323
994.81323
994.81323
994.81323
994.81323
994.81323
994.81323
994.81323
994.81323
994.81323
994.81323
994.81323
994.81323
994.81323
994.81323
994.81323
994.81323
994.81323
994.81323
994.81323
994.81323
994.81323
994.81323
994.81323
994.81323
994.81323
994.81323
994.81323
994.81323
994.81323
994.81323
994.81323
994.81323
994.81323
994.81323
994.81323
994.81323
994.81323
994.81323
994.81323
994.81323
994.81323
994.81323
994.81323
994.81323
994.81323
994.81323
994.81323
994.81323
994.81323
994.81323
994.81323
994.81323
994.81323
994.81323
994.81323
994.81323
994.81323
994.81323
994.81323
994.81323
994.81323
994.81323
994.81323
994.81323
994.81323
994.81323
994.81323
994.81323
994.81323
994.81323
994.81323
994.81323
994.81323
994.81323
994.81323
994.81323
994.81323
994.81323
994.81323
994.81323
994.81323
994.81323
994.81323
994.81323
994.81323
994.81323
994.81323
994.81323
994.81323
994.81323
994.81323
994.81323
994.81323
994.81323
994.81323
994.81323
994.81323
994.81323
994.81323
994.81323
994.81323
994.81323
994.81323
994.81323
994.81323
994.81323
994.81323
994.81323
994.81323
994.81323
994.81323
994.81323
994.81323
994.81323
994.81323
994.81323
994.81323
994.81323
994.81323
994.81323
994.81323
994.81323
994.81323
994.81323
994.81323
994.81323
994.81323
994.81323
994.81323
994.81323
994.81323
994.81323
994.81323
994.81323
994.81323
994.81323
994.81323
994.81323
994.81323
994.81323
994.81323
994.81323
994.81323
994.81323
994.81323
994.81323
994.81323
994.81323
994.81323
994.81323
994.81323
994.81323
994.81323
994.81323
994.81323
994.81323
994.81323
994.81323
994.81323
994.81323
994.81323
994.81323
994.81323
994.81323
994.81323
994.81323
994.81323
994.81323
994.81323
994.81323
994.81323
994.81323
994.81323
994.81323
994.81323
994.81323
994.81323
994.81323
994.81323
994.81323
994.81323
994.81323
994.81323
994.81323
994.81323
994.81323
994.81323
994.81323
994.81323
994.81323
994.81323
994.81323
994.81323
994.81323
994.81323
994.81323
994.81323
994.81323
994.81323
994.81323
994.81323
994.81323
994.81323
994.81323
994.81323
994.81323
994.81323
994.81323
994.81323
994.81323
994.81323
994.81323
994.81323
994.81323
994.81323
994.81323
994.81323
994.81323
994.81323
994.81323
994.81323
994.81323
994.81323
994.81323
994.81323
994.81323
994.81323
994.81323
994.81323
994.81323
994.81323
994.81323
994.81323
994.81323
994.81323
994.81323
994.81323
994.81323
994.81323
994.81323
994.81323
994.81323
994.81323
994.81323
994.81323
994.81323
994.81323
994.81323
994.81323
994.81323
994.81323
994.81323
994.81323
994.81323
994.81323
994.81323
994.81323
994.81323
994.81323
994.81323
994.81323
994.81323
994.81323
994.81323
994.81323
994.81323
994.81323
994.81323
994.81323
994.81323
994.81323
994.81323
994.81323
994.81323
994.81323
994.81323
994.81323
994.81323
994.81323
994.81323
994.81323
994.81323
994.81323
994.81323
994.81323
994.81323
994.81323
994.81323
994.81323
994.81323
994.81323
994.81323
994.81323
994.81323
994.81323
994.81323
994.81323
994.81323
994.81323
994.81323
994.81323
994.81323
994.81323
994.81323
994.81323
994.81323
994.81323
994.81323
994.81323
994.81323
994.81323
994.81323
994.81323
994.81323
994.81323
994.81323
994.81323
994.81323
994.81323
994.81323
994.81323
994.81323
994.81323
994.81323
994.81323
994.81323
994.81323
994.81323
994.81323
994.81323
994.81323
994.81323
994.81323
994.81323
994.81323
994.81323
994.81323
994.81323
994.81323
994.81323
994.81323
994.81323
994.81323
994.81323
994.81323
994.81323
994.81323
994.81323
994.81323
994.81323
994.81323
994.81323
994.81323
994.81323
994.81323
994.81323
994.81323
994.81323
994.81323
994.81323
994.81323
994.81323
994.81323
994.81323
994.81323
994.81323
994.81323
994.81323
994.81323
994.81323
994.81323
994.81323
994.81323
994.81323
994.81323
994.81323
994.81323
994.81323
994.81323
994.81323
994.81323
994.81323
994.81323
994.81323
994.81323
994.81323
994.81323
994.81323
994.81323
994.81323
994.81323
994.81323
994.81323
994.81323
994.81323
994.81323
994.81323
994.81323
994.81323
994.81323
994.81323
994.81323
994.81323
994.81323
994.81323
994.81323
994.81323
994.81323
994.81323
994.81323
994.81323
994.81323
994.81323
994.81323
994.81323
994.81323
994.81323
994.81323
994.81323
994.81323
994.81323
994.81323
994.81323
994.81323
994.81323
994.81323
994.81323
994.81323
994.81323
994.81323
994.81323
994.81323
994.81323
994.81323
994.81323
994.81323
994.81323
994.81323
994.81323
994.81323
994.81323
994.81323
994.81323
994.81323
994.81323
994.81323
994.81323
994.81323
994.81323
994.81323
994.81323
994.81323
994.81323
994.81323
994.81323
994.81323
994.81323
994.81323
994.81323
994.81323
994.81323
994.81323
994.81323
994.81323
994.81323
994.81323
994.81323
994.81323
994.81323
994.81323
994.81323
994.81323
994.81323
994.81323
994.81323
994.81323
994.81323
994.81323
994.81323
994.81323
994.81323
994.81323
994.81323
994.81323
994.81323
994.81323
994.81323
994.81323
994.81323
994.81323
994.81323
994.81323
994.81323
994.81323
994.81323
994.81323
994.81323
994.81323
994.81323
994.81323
994.81323
994.81323
994.81323
994.81323
994.81323
994.81323
994.81323
994.81323
994.81323
994.81323
994.81323
994.81323
994.81323
994.81323
994.81323
994.81323
994.81323
994.81323
994.81323
994.81323
994.81323
994.81323
994.81323
994.81323
994.81323
994.81323
994.81323
994.81323
994.81323
994.81323
994.81323
994.81323
994.81323
994.81323
994.81323
994.81323
994.81323
994.81323
994.81323
994.81323
994.81323
994.81323
994.81323
994.81323
994.81323
994.81323
994.81323
994.81323
994.81323
994.81323
994.81323
994.81323
994.81323
994.81323
994.81323
994.81323
994.81323
994.81323
994.81323
994.81323
994.81323
994.81323
994.81323
994.81323
994.81323
994.81323
994.81323
994.81323
994.81323
994.81323
994.81323
994.81323
994.81323
994.81323
994.81323
994.81323
994.81323
994.81323
994.81323
994.81323
994.81323
994.81323
994.81323
994.81323
994.81323
994.81323
994.81323
994.81323
994.81323
994.81323
994.81323
994.81323
994.81323
994.81323
994.81323
994.81323
994.81323
994.81323
994.81323
994.81323
994.81323
994.81323
994.81323
994.81323
994.81323
994.81323
994.81323
994.81323
994.81323
994.81323
994.81323
994.81323
994.81323
994.81323
994.81323
994.81323
994.81323
994.81323
994.81323
994.81323
994.81323
994.81323
994.81323
994.81323
994.81323
994.81323
994.81323
994.81323
994.81323
994.81323
994.81323
994.81323
994.81323
994.81323
994.81323
994.81323
994.81323
994.81323
994.81323
994.81323
994.81323
994.81323
994.81323
994.81323
994.81323
994.81323
994.81323
994.81323
994.81323
994.81323
994.81323
994.81323
994.81323
994.81323
994.81323
994.81323
994.81323
994.81323
994.81323
994.81323
994.81323
994.81323
994.81323
994.81323
994.81323
994.81323
994.81323
994.81323
994.81323
994.81323
994.81323
994.81323
994.81323
994.81323
994.81323
994.81323
994.81323
994.81323
994.81323
994.81323
994.81323
994.81323
994.81323
994.81323
994.81323
994.81323
994.81323
994.81323
994.81323
994.81323
994.81323
994.81323
994.81323
994.81323
994.81323
994.81323
994.81323
994.81323
994.81323
994.81323
994.81323
994.81323
994.81323
994.81323
994.81323
994.81323
994.81323
994.81323
994.81323
994.81323
994.81323
994.81323
994.81323
994.81323
994.81323
994.81323
994.81323
994.81323
994.81323
994.81323
994.81323
994.81323
994.81323
994.81323
994.81323
994.81323
994.81323
994.81323
994.81323
994.81323
994.81323
994.81323
994.81323
994.81323
994.81323
994.81323
994.81323
994.81323
994.81323
994.81323
994.81323
994.81323
994.81323
994.81323
994.81323
994.81323
994.81323
994.81323
994.81323
994.81323
994.81323
994.81323
)
;

boundaryField
{
    sides
    {
        type            calculated;
        value           nonuniform List<scalar> 2(994.81323 1.818989404e-12);
    }
    empty1
    {
        type            empty;
    }
    empty2
    {
        type            empty;
    }
}


// ************************************************************************* //
