/*--------------------------------*- C++ -*----------------------------------*\
| =========                 |                                                 |
| \\      /  F ield         | OpenFOAM: The Open Source CFD Toolbox           |
|  \\    /   O peration     | Version:  2312                                  |
|   \\  /    A nd           | Website:  www.openfoam.com                      |
|    \\/     M anipulation  |                                                 |
\*---------------------------------------------------------------------------*/
FoamFile
{
    version     2.0;
    format      ascii;
    arch        "LSB;label=32;scalar=64";
    class       volScalarField;
    location    "0.0008";
    object      T;
}
// * * * * * * * * * * * * * * * * * * * * * * * * * * * * * * * * * * * * * //

dimensions      [0 0 0 1 0 0 0];

internalField   nonuniform List<scalar> 
5000
(
300
300
300
300
300
300
300
300
300
300
300
300
300
300
300
300
300
300
300
300
300
300
300
300
300
300
300
300
300
300
300
300
300
300
300
300
300
300
300
300
300
300
300
300
300
300
300
300
300
300
300
300
300
300
300
300
300
300
300
300
300
300
300
300
300
300
300
300
300
300
300
300
300
300
300
300
299.9999999
299.9999998
299.9999996
299.9999992
299.9999984
299.9999967
299.9999936
299.9999874
299.9999757
299.9999537
299.9999128
299.9998378
299.999702
299.9994595
299.9990326
299.9982923
299.9970283
299.9949047
299.9913964
299.985701
299.9766233
299.9624299
299.9406818
299.9080601
299.8602151
299.791691
299.69599
299.5658648
299.3939421
299.1738374
298.9021943
298.5815051
298.2179357
297.8166363
297.3814877
296.9160559
296.423858
295.9082948
295.3725455
294.8194931
294.2516882
293.6713471
293.0803716
292.4803809
291.8727488
291.2586407
290.6390478
290.0148174
289.3866793
288.7552674
288.1211384
287.4847873
286.8466603
286.2071666
285.5666875
284.9255862
284.2842154
283.642918
283.0021177
282.3622934
281.7239828
281.0876734
280.4538601
279.8231484
279.1962486
278.5739928
277.957373
277.3475841
276.7460784
276.1546353
275.5754454
275.0112669
274.4653076
273.9417233
273.4455234
272.9819001
272.5528198
272.14541
271.5379206
270.7392139
269.8240923
268.916706
268.0624655
267.2466194
266.4589672
265.6929898
264.9436779
264.2072511
263.4813738
262.7642736
262.054566
261.3511144
260.6529652
259.95934
259.2696151
258.5833024
257.9000902
257.2197598
256.5420816
255.8668714
255.1939733
254.5232519
253.8545939
253.1879185
252.5231671
251.8602946
251.1992742
250.5400843
249.8827049
249.2271425
248.5734343
247.9216069
247.2716564
246.6235781
245.9773957
245.3331751
244.6910286
244.0510571
243.4133229
242.7779422
242.1450376
241.5146768
240.8870774
240.2625058
239.6410843
239.0230873
238.4088986
237.7988948
237.1934844
236.5931236
235.9983482
235.4099079
234.828549
234.2550497
233.6906313
233.1366871
232.5948799
232.0672232
231.5561392
231.0644927
230.5955872
230.1530842
229.7408113
229.3624476
229.0211098
228.7189016
228.4565153
228.2329959
228.0457655
227.8909369
227.7638466
227.6596578
227.5738734
227.5026517
227.4429085
227.3922517
227.348831
227.3111842
227.2781303
227.2487198
227.2222226
227.1981147
227.1760446
227.1557788
227.1371417
227.1199691
227.1040861
227.0893096
227.0754692
227.0624244
227.0500743
227.0383591
227.0272591
227.01678
227.0069217
226.9976439
226.9888652
226.980509
226.9725407
226.9649665
226.9577839
226.950955
226.9444342
226.9382078
226.9323093
226.9267644
226.9215201
226.9164602
226.9114992
226.9066652
226.9020734
226.8978202
226.8938946
226.8901735
226.8865104
226.8828409
226.8792571
226.87589
226.8728196
226.8700155
226.867385
226.8648348
226.8622688
226.8596608
226.8571909
226.8550082
226.8531272
226.8515183
226.8500196
226.848599
226.8471535
226.8456574
226.8442845
226.8431561
226.8422573
226.8417789
226.8415221
226.8413045
226.841065
226.840886
226.8408662
226.8408892
226.8410153
226.8413356
226.8418721
226.8426594
226.8437871
226.8452149
226.8468691
226.8488419
226.8510785
226.8534792
226.8561777
226.8591646
226.8623608
226.8660317
226.8703232
226.8752038
226.8811823
226.8885302
226.8976107
226.9092907
226.924696
226.9459689
226.9762887
227.0208265
227.087762
227.1894888
227.3445652
227.5799094
227.9336658
228.4584862
229.2249594
230.3247157
231.8724015
234.0052394
236.8786234
240.6570597
245.4980599
251.5299934
258.8316991
267.3958215
277.0945321
287.7522953
299.0533761
310.6432501
322.1425362
333.2147764
343.5890844
352.977156
360.7035178
366.2425455
370.3079609
373.3975702
375.7654385
377.6031553
379.0435437
380.1795918
381.0790423
381.7926303
382.3591514
382.8087805
383.1651135
383.4467567
383.6685435
383.8423289
383.977628
384.0821792
384.1622921
384.2230751
384.2686531
384.3023447
384.3267955
384.3440887
384.3558797
384.3634965
384.3679877
384.3701701
384.3706756
384.369991
384.3684867
384.3664395
384.3640584
384.3615039
384.3588942
384.356319
384.3538629
384.3516127
384.3496337
384.3479988
384.3465878
384.3450773
384.3432514
384.3409839
384.3382349
384.3350853
384.3319626
384.3292761
384.3269288
384.3248361
384.3229348
384.3211799
384.3195401
384.3179929
384.316522
384.3151149
384.3137621
384.3124558
384.3111903
384.3099616
384.3087671
384.307605
384.3064744
384.3053746
384.3043053
384.303266
384.3022568
384.3012777
384.3003283
384.2994085
384.2985176
384.2976543
384.2968172
384.2960045
384.2952142
384.2944446
384.2936935
384.2929591
384.2922396
384.2915331
384.2908381
384.2901533
384.2894776
384.2888101
384.2881505
384.2874983
384.2868535
384.2862163
384.2855871
384.2849664
384.2843551
384.2837537
384.283163
384.2825839
384.282017
384.2814621
384.2809188
384.2803865
384.2798643
384.279351
384.2788454
384.278346
384.2778516
384.2773611
384.2768734
384.2763881
384.2759046
384.2754229
384.2749433
384.2744668
384.2739945
384.2735277
384.273068
384.272617
384.2721765
384.2717482
384.271334
384.2709352
384.2705526
384.2701867
384.2698379
384.2695063
384.2691919
384.2688944
384.2686129
384.2683466
384.2680943
384.2678548
384.2676264
384.2674075
384.2671966
384.2669928
384.2667958
384.2666058
384.2664229
384.2662471
384.2660782
384.2659165
384.2657623
384.2656166
384.2654804
384.2653548
384.2652407
384.2651391
384.2650509
384.2649768
384.2649172
384.2648726
384.2648433
384.2648279
384.2648227
384.2648228
384.2648268
384.2648375
384.2648572
384.2648878
384.2649305
384.2649844
384.2650472
384.2651155
384.2651859
384.2652572
384.2653306
384.265409
384.2654957
384.2655936
384.2657038
384.2658262
384.2659598
384.2661029
384.2662538
384.266411
384.2665732
384.2667405
384.2669129
384.2670912
384.2672761
384.267469
384.2676711
384.2678836
384.2681069
384.2683407
384.268584
384.2688358
384.2690956
384.2693627
384.269637
384.2699184
384.2702072
384.2705042
384.2708093
384.2711225
384.2714433
384.2717709
384.2721048
384.2724447
384.2727909
384.2731444
384.2735058
384.2738754
384.2742529
384.2746384
384.2750315
384.2754312
384.2758362
384.2762458
384.27666
384.2770795
384.2775047
384.2779356
384.2783726
384.2788157
384.2792645
384.2797177
384.280174
384.2806328
384.2810936
384.2815568
384.2820229
384.2824935
384.2829698
384.2834517
384.2839386
384.2844298
384.2849243
384.2854202
384.2859151
384.2864083
384.2869001
384.2873916
384.2878848
384.2883812
384.2888811
384.2893845
384.289891
384.2903991
384.2909083
384.2914196
384.2919338
384.2924517
384.2929737
384.2935007
384.2940331
384.2945693
384.2951076
384.2956456
384.2961798
384.2967102
384.2972383
384.2977653
384.2982926
384.298822
384.2993566
384.2998969
384.3004426
384.3009932
384.3015476
384.3021047
384.3026631
384.3032226
384.3037839
384.3043483
384.3049182
384.3054944
384.3060763
384.306663
384.3072528
384.3078417
384.3084286
384.3090155
384.3096032
384.3101916
384.310781
384.3113741
384.3119721
384.3125738
384.3131789
384.3137853
384.3143883
384.3149869
384.3155844
384.3161823
384.3167813
384.3173831
384.3179914
384.3186062
384.319226
384.31985
384.3204755
384.3210972
384.3217153
384.3223334
384.3229536
384.3235785
384.3242125
384.3248582
384.3255127
384.326172
384.3268328
384.3274879
384.3281304
384.3287633
384.3293923
384.3300213
384.3306541
384.3312985
384.3319591
384.3326361
384.3333274
384.3340299
384.3347315
384.3354189
384.3360926
384.3367564
384.3374167
384.338079
384.3387522
384.3394417
384.3401483
384.3408704
384.341605
384.3423407
384.343064
384.3437703
384.3444608
384.3451415
384.3458213
384.3465116
384.3472173
384.34794
384.3486796
384.3494335
384.3501943
384.350959
384.35173
384.3524999
384.3532585
384.354012
384.3547703
384.3555352
384.3563065
384.3570843
384.3578619
384.3586287
384.3593891
384.3601507
384.3609205
384.3617065
384.3625194
384.3633662
384.3642382
384.365122
384.3660067
384.3668747
384.3677082
384.3685106
384.3692951
384.3700762
384.3708652
384.3716791
384.3725347
384.3734374
384.3743837
384.375366
384.3763636
384.3773374
384.3782653
384.3791489
384.3799991
384.3808355
384.3816828
384.3825563
384.3834644
384.3844075
384.3853808
384.3863711
384.3873638
384.3883571
384.3893446
384.3903203
384.3912872
384.3922634
384.3932577
384.3942717
384.3953022
384.3963409
384.397363
384.3983473
384.3993011
384.4002414
384.4011862
384.4021505
384.4031622
384.4042356
384.4053673
384.4065424
384.4077433
384.4089272
384.410049
384.4111091
384.4121202
384.4131079
384.414098
384.415128
384.4162227
384.4173876
384.4186157
384.4198926
384.4211823
384.4224453
384.4236741
384.424872
384.4260505
384.4272289
384.428447
384.4297221
384.4310524
384.4324274
384.4338278
384.4352015
384.4365089
384.4377639
384.4389937
384.4402296
384.4415011
384.442859
384.4443219
384.4458813
384.447515
384.4491853
384.4508142
384.4523403
384.4537618
384.4550971
384.4563916
384.4576972
384.4590724
384.4605506
384.4621355
384.4638107
384.4655407
384.467255
384.4688917
384.4704427
384.4719239
384.4733767
384.4748498
384.4764016
384.4780621
384.479825
384.4816665
384.4835342
384.4853268
384.4869758
384.4884856
384.4898978
384.4912845
384.4927176
384.494278
384.4960106
384.4979114
384.4999464
384.5020513
384.5041007
384.5059936
384.5077192
384.5093053
384.510825
384.5123662
384.5140243
384.5158511
384.5178454
384.5199753
384.522171
384.5242944
384.5262448
384.5280258
384.5296861
384.5313143
384.5330021
384.5348625
384.536953
384.539263
384.5417438
384.5443011
384.5467452
384.5489282
384.5508468
384.5525572
384.5541822
384.5558556
384.557734
384.5599048
384.5623667
384.5650669
384.5679
384.570646
384.5731316
384.5753595
384.5773934
384.5793588
384.5813984
384.5836944
384.586332
384.589293
384.5925087
384.5958311
384.5989685
384.6017398
384.6041673
384.6063521
384.6084702
384.6107032
384.6132484
384.6162146
384.6196004
384.6233207
384.6271994
384.6309138
384.6341989
384.637008
384.6394205
384.6416596
384.6439667
384.6465357
384.6495212
384.6529471
384.6567246
384.6606317
384.6642874
384.6673831
384.6698925
384.6719348
384.6737486
384.6755906
384.6777172
384.6803814
384.6837005
384.6876389
384.691881
384.695662
384.6983946
384.7003778
384.7021288
384.703898
384.7057005
384.7075679
384.7097484
384.7127041
384.7167603
384.7222255
384.7274497
384.7294605
384.7290009
384.7278984
384.7254907
384.7194056
384.7045414
384.674857
384.6196415
384.5132056
384.3050022
383.9048516
383.148434
381.7309598
379.1031775
374.3375832
366.0359274
352.5012283
333.986851
317.6293684
308.4169967
303.8522555
301.7283055
300.7684001
300.3402456
300.1503884
300.0664183
300.0293227
300.0129434
300.005713
300.0025215
300.0011129
300.0004912
300.0002168
300.0000957
300.0000422
300.0000186
300.0000082
300.0000036
300.0000016
300.0000007
300.0000003
300.0000002
300.0000001
300
300
300
300
300
300
300
300
300
300
300
300
300
300
300
300
300
300
300
300
300
300
300
300
300
300
300
300
300
300
300
300
300
300
300
300
300
300
300
300
300
300
300
300
300
300
300
300
300
300
300
300
300
300
300
300
300
300
300
300
300
300
300
300
300
300
300
300
300
300
300
300
300
300
300
300
300
300
300
300
300
300
300
300
300
300
300
300
300
300
300
300
300
300
300
300
300
300
300
300
300
300
300
300
300
300
300
300
300
300
300
300
300
300
300
300
300
300
300
300
300
300
300
300
300
300
300
300
300
300
300
300
300
300
300
300
300
300
300
300
300
300
300
300
300
300
300
300
300
300
300
300
300
300
300
300
300
300
300
300
300
300
300
300
300
300
300
300
300
300
300
300
300
300
300
300
300
300
300
300
300
300
300
300
300
300
300
300
300
300
300
300
300
300
300
300
300
300
300
300
300
300
300
300
300
300
300
300
300
300
300
300
300
300
300
300
300
300
300
300
300
300
300
300
300
300
300
300
300
300
300
300
300
300
300
300
300
300
300
300
300
300
300
300
300
300
300
300
300
300
300
300
300
300
300
300
300
300
300
300
300
300
300
300
300
300
300
300
300
300
300
300
300
300
300
300
300
300
300
300
300
300
300
300
300
300
300
300
300
300
300
300
300
300
300
300
300
300
300
300
300
300
300
300
300
300
300
300
300
300
300
300
300
300
300
300
300
300
300
300
300
300
300
300
300
300
300
300
300
300
300
300
300
300
300
300
300
300
300
300
300
300
300
300
300
300
300
300
300
300
300
300
300
300
300
300
300
300
300
300
300
300
300
300
300
300
300
300
300
300
300
300
300
300
300
300
300
300
300
300
300
300
300
300
300
300
300
300
300
300
300
300
300
300
300
300
300
300
300
300
300
300
300
300
300
300
300
300
300
300
300
300
300
300
300
300
300
300
300
300
300
300
300
300
300
300
300
300
300
300
300
300
300
300
300
300
300
300
300
300
300
300
300
300
300
300
300
300
300
300
300
300
300
300
300
300
300
300
300
300
300
300
300
300
300
300
300
300
300
300
300
300
300
300
300
300
300
300
300
300
300
300
300
300
300
300
300
300
300
300
300
300
300
300
300
300
300
300
300
300
300
300
300
300
300
300
300
300
300
300
300
300
300
300
300
300
300
300
300
300
300
300
300
300
300
300
300
300
300
300
300
300
300
300
300
300
300
300
300
300
300
300
300
300
300
300
300
300
300
300
300
300
300
300
300
300
300
300
300
300
300
300
300
300
300
300
300
300
300
300
300
300
300
300
300
300
300
300
300
300
300
300
300
300
300
300
300
300
300
300
300
300
300
300
300
300
300
300
300
300
300
300
300
300
300
300
300
300
300
300
300
300
300
300
300
300
300
300
300
300
300
300
300
300
300
300
300
300
300
300
300
300
300
300
300
300
300
300
300
300
300
300
300
300
300
300
300
300
300
300
300
300
300
300
300
300
300
300
300
300
300
300
300
300
300
300
300
300
300
300
300
300
300
300
300
300
300
300
300
300
300
300
300
300
300
300
300
300
300
300
300
300
300
300
300
300
300
300
300
300
300
300
300
300
300
300
300
300
300
300
300
300
300
300
300
300
300
300
300
300
300
300
300
300
300
300
300
300
300
300
300
300
300
300
300
300
300
300
300
300
300
300
300
300
300
300
300
300
300
300
300
300
300
300
300
300
300
300
300
300
300
300
300
300
300
300
300
300
300
300
300
300
300
300
300
300
300
300
300
300
300
300
300
300
300
300
300
300
300
300
300
300
300
300
300
300
300
300
300
300
300
300
300
300
300
300
300
300
300
300
300
300
300
300
300
300
300
300
300
300
300
300
300
300
300
300
300
300
300
300
300
300
300
300
300
300
300
300
300
300
300
300
300
300
300
300
300
300
300
300
300
300
300
300
300
300
300
300
300
300
300
300
300
300
300
300
300
300
300
300
300
300
300
300
300
300
300
300
300
300
300
300
300
300
300
300
300
300
300
300
300
300
300
300
300
300
300
300
300
300
300
300
300
300
300
300
300
300
300
300
300
300
300
300
300
300
300
300
300
300
300
300
300
300
300
300
300
300
300
300
300
300
300
300
300
300
300
300
300
300
300
300
300
300
300
300
300
300
300
300
300
300
300
300
300
300
300
300
300
300
300
300
300
300
300
300
300
300
300
300
300
300
300
300
300
300
300
300
300
300
300
300
300
300
300
300
300
300
300
300
300
300
300
300
300
300
300
300
300
300
300
300
300
300
300
300
300
300
300
300
300
300
300
300
300
300
300
300
300
300
300
300
300
300
300
300
300
300
300
300
300
300
300
300
300
300
300
300
300
300
300
300
300
300
300
300
300
300
300
300
300
300
300
300
300
300
300
300
300
300
300
300
300
300
300
300
300
300
300
300
300
300
300
300
300
300
300
300
300
300
300
300
300
300
300
300
300
300
300
300
300
300
300
300
300
300
300
300
300
300
300
300
300
300
300
300
300
300
300
300
300
300
300
300
300
300
300
300
300
300
300
300
300
300
300
300
300
300
300
300
300
300
300
300
300
300
300
300
300
300
300
300
300
300
300
300
300
300
300
300
300
300
300
300
300
300
300
300
300
300
300
300
300
300
300
300
300
300
300
300
300
300
300
300
300
300
300
300
300
300
300
300
300
300
300
300
300
300
300
300
300
300
300
300
300
300
300
300
300
300
300
300
300
300
300
300
300
300
300
300
300
300
300
300
300
300
300
300
300
300
300
300
300
300
300
300
300
300
300
300
300
300
300
300
300
300
300
300
300
300
300
300
300
300
300
300
300
300
300
300
300
300
300
300
300
300
300
300
300
300
300
300
300
300
300
300
300
300
300
300
300
300
300
300
300
300
300
300
300
300
300
300
300
300
300
300
300
300
300
300
300
300
300
300
300
300
300
300
300
300
300
300
300
300
300
300
300
300
300
300
300
300
300
300
300
300
300
300
300
300
300
300
300
300
300
300
300
300
300
300
300
300
300
300
300
300
300
300
300
300
300
300
300
300
300
300
300
300
300
300
300
300
300
300
300
300
300
300
300
300
300
300
300
300
300
300
300
300
300
300
300
300
300
300
300
300
300
300
300
300
300
300
300
300
300
300
300
300
300
300
300
300
300
300
300
300
300
300
300
300
300
300
300
300
300
300
300
300
300
300
300
300
300
300
300
300
300
300
300
300
300
300
300
300
300
300
300
300
300
300
300
300
300
300
300
300
300
300
300
300
300
300
300
300
300
300
300
300
300
300
300
300
300
300
300
300
300
300
300
300
300
300
300
300
300
300
300
300
300
300
300
300
300
300
300
300
300
300
300
300
300
300
300
300
300
300
300
300
300
300
300
300
300
300
300
300
300
300
300
300
300
300
300
300
300
300
300
300
300
300
300
300
300
300
300
300
300
300
300
300
300
300
300
300
300
300
300
300
300
300
300
300
300
300
300
300
300
300
300
300
300
300
300
300
300
300
300
300
300
300
300
300
300
300
300
300
300
300
300
300
300
300
300
300
300
300
300
300
300
300
300
300
300
300
300
300
300
300
300
300
300
300
300
300
300
300
300
300
300
300
300
300
300
300
300
300
300
300
300
300
300
300
300
300
300
300
300
300
300
300
300
300
300
300
300
300
300
300
300
300
300
300
300
300
300
300
300
300
300
300
300
300
300
300
300
300
300
300
300
300
300
300
300
300
300
300
300
300
300
300
300
300
300
300
300
300
300
300
300
300
300
300
300
300
300
300
300
300
300
300
300
300
300
300
300
300
300
300
300
300
300
300
300
300
300
300
300
300
300
300
300
300
300
300
300
300
300
300
300
300
300
300
300
300
300
300
300
300
300
300
300
300
300
300
300
300
300
300
300
300
300
300
300
300
300
300
300
300
300
300
300
300
300
300
300
300
300
300
300
300
300
300
300
300
300
300
300
300
300
300
300
300
300
300
300
300
300
300
300
300
300
300
300
300
300
300
300
300
300
300
300
300
300
300
300
300
300
300
300
300
300
300
300
300
300
300
300
300
300
300
300
300
300
300
300
300
300
300
300
300
300
300
300
300
300
300
300
300
300
300
300
300
300
300
300
300
300
300
300
300
300
300
300
300
300
300
300
300
300
300
300
300
300
300
300
300
300
300
300
300
300
300
300
300
300
300
300
300
300
300
300
300
300
300
300
300
300
300
300
300
300
300
300
300
300
300
300
300
300
300
300
300
300
300
300
300
300
300
300
300
300
300
300
300
300
300
300
300
300
300
300
300
300
300
300
300
300
300
300
300
300
300
300
300
300
300
300
300
300
300
300
300
300
300
300
300
300
300
300
300
300
300
300
300
300
300
300
300
300
300
300
300
300
300
300
300
300
300
300
300
300
300
300
300
300
300
300
300
300
300
300
300
300
300
300
300
300
300
300
300
300
300
300
300
300
300
300
300
300
300
300
300
300
300
300
300
300
300
300
300
300
300
300
300
300
300
300
300
300
300
300
300
300
300
300
300
300
300
300
300
300
300
300
300
300
300
300
300
300
300
300
300
300
300
300
300
300
300
300
300
300
300
300
300
300
300
300
300
300
300
300
300
300
300
300
300
300
300
300
300
300
300
300
300
300
300
300
300
300
300
300
300
300
300
300
300
300
300
300
300
300
300
300
300
300
300
300
300
300
300
300
300
300
300
300
300
300
300
300
300
300
300
300
300
300
300
300
300
300
300
300
300
300
300
300
300
300
300
300
300
300
300
300
300
300
300
300
300
300
300
300
300
300
300
300
300
300
300
300
300
300
300
300
300
300
300
300
300
300
300
300
300
300
300
300
300
300
300
300
300
300
300
300
300
300
300
300
300
300
300
300
300
300
300
300
300
300
300
300
300
300
300
300
300
300
300
300
300
300
300
300
300
300
300
300
300
300
300
300
300
300
300
300
300
300
300
300
300
300
300
300
300
300
300
300
300
300
300
300
300
300
300
300
300
300
300
300
300
300
300
300
300
300
300
300
300
300
300
300
300
300
300
300
300
300
300
300
300
300
300
300
300
300
300
300
300
300
300
300
300
300
300
300
300
300
300
300
300
300
300
300
300
300
300
300
300
300
300
300
300
300
300
300
300
300
300
300
300
300
300
300
300
300
300
300
300
300
300
300
300
300
300
300
300
300
300
300
300
300
300
300
300
300
300
300
300
300
300
300
300
300
300
300
300
300
300
300
300
300
300
300
300
300
300
300
300
300
300
300
300
300
300
300
300
300
300
300
300
300
300
300
300
300
300
300
300
300
300
300
300
300
300
300
300
300
300
300
300
300
300
300
300
300
300
300
300
300
300
300
300
300
300
300
300
300
300
300
300
300
300
300
300
300
300
300
300
300
300
300
300
300
300
300
300
300
300
300
300
300
300
300
300
300
300
300
300
300
300
300
300
300
300
300
300
300
300
300
300
300
300
300
300
300
300
300
300
300
300
300
300
300
300
300
300
300
300
300
300
300
300
300
300
300
300
300
300
300
300
300
300
300
300
300
300
300
300
300
300
300
300
300
300
300
300
300
300
300
300
300
300
300
300
300
300
300
300
300
300
300
300
300
300
300
300
300
300
300
300
300
300
300
300
300
300
300
300
300
300
300
300
300
300
300
300
300
300
300
300
300
300
300
300
300
300
300
300
300
300
300
300
300
300
300
300
300
300
300
300
300
300
300
300
300
300
300
300
300
300
300
300
300
300
300
300
300
300
300
300
300
300
300
300
300
300
300
300
300
300
300
300
300
300
300
300
300
300
300
300
300
300
300
300
300
300
300
300
300
300
300
300
300
300
300
300
300
300
300
300
300
300
300
300
300
300
300
300
300
300
300
300
300
300
300
300
300
300
300
300
300
300
300
300
300
300
300
300
300
300
300
300
300
300
300
300
300
300
300
300
300
300
300
300
300
300
300
300
300
300
300
300
300
300
300
300
300
300
300
300
300
300
300
300
300
300
300
300
300
300
300
300
300
300
300
300
300
300
300
300
300
300
300
300
300
300
300
300
300
300
300
300
300
300
300
300
300
300
300
300
300
300
300
300
300
300
300
300
300
300
300
300
300
300
300
300
300
300
300
300
300
300
300
300
300
300
300
300
300
300
300
300
300
300
300
300
300
300
300
300
300
300
300
300
300
300
300
300
300
300
300
300
300
300
300
300
300
300
300
300
300
300
300
300
300
300
300
300
300
300
300
300
300
300
300
300
300
300
300
300
300
300
300
300
300
300
300
300
300
300
300
300
300
300
300
300
300
300
300
300
300
300
300
300
300
300
300
300
300
300
300
300
300
300
300
300
300
300
300
300
300
300
300
300
300
300
300
300
300
300
300
300
300
300
300
300
300
300
300
300
300
300
300
300
300
300
300
300
300
300
300
300
300
300
300
300
300
300
300
300
300
300
300
300
300
300
300
300
300
300
300
300
300
300
300
300
300
300
300
300
300
300
300
300
300
300
300
300
300
300
300
300
300
300
300
300
300
300
300
300
300
300
300
300
300
300
300
300
300
300
300
300
300
300
300
300
300
300
300
300
300
300
300
300
300
300
300
300
300
300
300
300
300
300
300
300
300
300
300
300
300
300
300
300
300
300
300
300
300
300
300
300
300
300
300
300
300
300
300
300
300
300
300
300
300
300
300
300
300
300
300
300
300
300
300
300
300
300
300
300
300
300
300
300
300
300
300
300
300
300
300
300
300
300
300
300
300
300
300
300
300
300
300
300
300
300
300
300
300
300
300
300
300
300
300
300
300
300
300
300
300
300
300
300
300
300
300
300
300
300
300
300
300
300
300
300
300
300
300
300
300
300
300
300
300
300
300
300
300
300
300
300
300
300
300
300
300
300
300
300
300
300
300
300
300
300
300
300
300
300
300
300
300
300
300
300
300
300
300
300
300
300
300
300
300
300
300
300
300
300
300
300
300
300
300
300
300
300
300
300
300
300
300
300
300
300
300
300
300
300
300
300
300
300
300
300
300
300
300
300
300
300
300
300
300
300
300
300
300
300
300
300
300
300
300
300
300
300
300
300
300
300
300
300
300
300
300
300
300
300
300
300
300
300
300
300
300
300
300
300
300
300
300
300
300
300
300
300
300
300
300
300
300
300
300
300
300
300
300
300
300
300
300
300
300
300
300
300
300
300
300
300
300
300
300
300
300
300
300
300
300
300
300
300
300
300
300
300
300
300
300
300
300
300
300
300
300
300
300
300
300
300
300
300
300
300
300
300
300
300
300
300
300
300
300
300
300
300
300
300
300
300
300
300
300
300
300
300
300
300
300
300
300
300
300
300
300
300
300
300
300
300
300
300
300
300
300
300
300
300
300
300
300
300
300
300
300
300
300
300
300
300
300
300
300
300
300
300
300
300
300
300
300
300
300
300
300
300
300
300
300
300
300
300
300
300
300
300
300
300
300
300
300
300
300
300
300
300
300
300
300
300
300
300
300
300
300
300
300
300
300
300
300
300
300
300
300
300
300
300
300
300
300
300
300
300
300
300
300
300
300
300
300
300
300
300
300
300
300
300
300
300
300
300
300
300
300
300
300
300
300
300
300
300
300
300
300
300
300
300
300
300
300
300
300
300
300
300
300
300
300
300
300
300
300
300
300
300
300
300
300
300
300
300
300
300
300
300
300
300
300
300
300
300
300
300
300
300
300
300
300
300
300
300
300
300
300
300
300
300
300
300
300
300
300
300
300
300
300
300
300
300
300
300
300
300
300
300
300
300
300
300
300
300
300
300
300
300
300
300
300
300
300
300
300
300
300
300
300
300
300
300
300
300
300
300
300
300
300
300
300
300
300
300
300
300
300
300
300
300
300
300
300
300
300
300
300
300
300
300
300
300
300
300
300
300
300
300
300
300
300
300
300
300
300
300
300
300
300
300
300
300
300
300
300
300
300
300
300
300
300
300
300
300
300
300
300
300
300
300
300
300
300
300
300
300
300
300
300
300
300
300
300
300
300
300
300
300
300
300
300
300
300
300
300
300
300
300
300
300
300
300
300
300
300
300
300
300
300
300
300
300
300
300
300
300
300
300
300
300
300
300
300
300
300
300
300
300
300
300
300
300
300
300
300
300
300
300
300
300
300
300
300
300
300
300
300
300
300
300
300
300
300
300
300
300
300
300
300
300
300
300
300
300
300
300
300
300
300
300
300
300
300
300
300
300
300
300
300
300
300
300
300
300
300
300
300
300
300
300
300
300
300
300
300
300
300
300
300
300
300
300
300
300
300
300
300
300
300
300
300
300
300
300
300
300
300
300
300
300
300
300
300
300
300
300
300
300
300
300
300
300
300
300
300
300
300
300
300
300
300
300
300
300
300
300
300
300
300
300
300
300
300
300
300
300
300
300
300
300
300
300
300
300
300
300
300
300
300
300
300
300
300
300
300
300
300
300
300
300
300
300
300
300
300
300
300
300
300
300
300
300
300
300
300
300
300
300
300
300
300
300
300
300
300
300
300
300
300
300
300
300
300
300
300
300
300
300
300
300
300
300
300
300
300
300
300
300
300
300
300
300
300
300
300
300
300
300
300
300
300
300
300
300
300
300
300
300
300
300
300
300
300
300
300
300
300
300
300
300
300
300
300
300
300
300
300
300
300
300
300
300
300
300
300
300
300
300
300
300
300
300
300
300
300
300
300
300
300
300
300
300
300
300
300
300
300
300
300
300
300
300
300
300
300
300
300
300
300
300
300
300
300
300
300
300
300
300
300
300
300
300
300
300
300
300
300
300
300
300
300
300
300
300
300
300
300
300
300
300
300
300
300
300
300
300
300
300
300
300
300
300
300
300
300
300
300
300
300
300
300
300
300
300
300
300
300
300
300
300
300
300
300
300
300
300
300
300
300
300
300
300
300
300
300
300
300
300
300
300
300
300
300
300
300
300
300
300
300
300
300
300
300
300
300
300
300
300
300
300
300
300
300
300
300
300
300
300
300
300
300
300
300
300
300
300
300
300
300
300
300
300
300
300
300
300
300
300
300
300
300
300
300
300
300
300
300
300
300
300
300
300
300
300
300
300
300
300
300
300
300
300
300
300
300
300
300
300
300
300
300
300
300
300
300
300
300
300
300
300
300
300
300
300
300
300
300
300
300
300
300
300
300
300
300
300
300
300
300
300
300
300
300
300
300
300
300
300
300
300
300
)
;

boundaryField
{
    sides
    {
        type            zeroGradient;
    }
    empty1
    {
        type            empty;
    }
    empty2
    {
        type            empty;
    }
}


// ************************************************************************* //
