/*--------------------------------*- C++ -*----------------------------------*\
| =========                 |                                                 |
| \\      /  F ield         | OpenFOAM: The Open Source CFD Toolbox           |
|  \\    /   O peration     | Version:  2312                                  |
|   \\  /    A nd           | Website:  www.openfoam.com                      |
|    \\/     M anipulation  |                                                 |
\*---------------------------------------------------------------------------*/
FoamFile
{
    version     2.0;
    format      ascii;
    arch        "LSB;label=32;scalar=64";
    class       volScalarField;
    location    "0.0008";
    object      thermo:psiGasEff;
}
// * * * * * * * * * * * * * * * * * * * * * * * * * * * * * * * * * * * * * //

dimensions      [-2 4 2 0 0 0 0];

internalField   nonuniform List<scalar> 
5000
(
8.634e-14
8.634e-14
8.634e-14
8.634e-14
8.634e-14
8.634e-14
8.634e-14
8.634e-14
8.634e-14
8.634e-14
8.634e-14
8.634e-14
8.634e-14
8.634e-14
8.634e-14
8.634e-14
8.634e-14
8.634e-14
8.634e-14
8.634e-14
8.634e-14
8.634e-14
8.634e-14
8.634e-14
8.634e-14
8.634e-14
8.634e-14
8.634e-14
8.634e-14
8.634e-14
8.634e-14
8.634e-14
8.634e-14
8.634e-14
8.634e-14
8.634e-14
8.634e-14
8.634e-14
8.634e-14
8.634e-14
8.634e-14
8.634e-14
8.634e-14
8.634e-14
8.634e-14
8.634e-14
8.634e-14
8.634e-14
8.634e-14
8.634e-14
8.634e-14
8.634e-14
8.634e-14
8.634e-14
8.634e-14
8.634e-14
8.634e-14
8.634e-14
8.634e-14
8.634e-14
8.634e-14
8.634e-14
8.634e-14
8.634e-14
8.634e-14
8.634e-14
8.634e-14
8.634e-14
8.634e-14
8.634e-14
8.634e-14
8.634e-14
8.634e-14
8.634000001e-14
8.634000002e-14
8.634000006e-14
8.634000014e-14
8.634000032e-14
8.634000068e-14
8.634000139e-14
8.634000281e-14
8.634000562e-14
8.63400111e-14
8.634002168e-14
8.634004184e-14
8.634007977e-14
8.634015022e-14
8.63402795e-14
8.634051364e-14
8.634093179e-14
8.634166786e-14
8.634294424e-14
8.634512345e-14
8.634878461e-14
8.635483317e-14
8.636465271e-14
8.638030569e-14
8.640478476e-14
8.644230614e-14
8.649861901e-14
8.658128119e-14
8.669982144e-14
8.68656776e-14
8.709176796e-14
8.739151219e-14
8.777699901e-14
8.825548253e-14
8.882429147e-14
8.947433803e-14
9.019829209e-14
9.099106091e-14
9.184804631e-14
9.276461916e-14
9.373621106e-14
9.475849149e-14
9.58275048e-14
9.693974665e-14
9.809218652e-14
9.928225166e-14
1.005077878e-13
1.01767009e-13
1.030584443e-13
1.043808869e-13
1.057333479e-13
1.071150154e-13
1.085252194e-13
1.099634013e-13
1.114290876e-13
1.129218665e-13
1.144413671e-13
1.159872392e-13
1.175591339e-13
1.191566826e-13
1.207794488e-13
1.224268114e-13
1.240979264e-13
1.257917202e-13
1.275071678e-13
1.292431324e-13
1.309980813e-13
1.327700763e-13
1.34556694e-13
1.363548824e-13
1.38160792e-13
1.399695607e-13
1.417750359e-13
1.435694294e-13
1.453429969e-13
1.470837831e-13
1.487760872e-13
1.504008399e-13
1.51937625e-13
1.533773437e-13
1.54701101e-13
1.566535013e-13
1.594680744e-13
1.628293782e-13
1.661736657e-13
1.69380085e-13
1.725069864e-13
1.755874019e-13
1.786439914e-13
1.81693722e-13
1.847487834e-13
1.878179574e-13
1.909080797e-13
1.940246331e-13
1.971722613e-13
2.003550543e-13
2.035765774e-13
2.068398619e-13
2.10147473e-13
2.135014738e-13
2.169035096e-13
2.203552639e-13
2.238582704e-13
2.274140204e-13
2.310239742e-13
2.346894812e-13
2.384117652e-13
2.421919996e-13
2.460313002e-13
2.499307435e-13
2.538914547e-13
2.579145202e-13
2.62000804e-13
2.661510251e-13
2.703660089e-13
2.746467094e-13
2.789940495e-13
2.834087973e-13
2.878913718e-13
2.924419399e-13
2.970608965e-13
3.017485431e-13
3.06504765e-13
3.113298556e-13
3.162237588e-13
3.211852055e-13
3.26213449e-13
3.31307481e-13
3.364652021e-13
3.416840878e-13
3.469609663e-13
3.522921972e-13
3.576732414e-13
3.63098361e-13
3.685614395e-13
3.74054745e-13
3.795673813e-13
3.850853626e-13
3.90591884e-13
3.960664032e-13
4.01483666e-13
4.068128676e-13
4.120170401e-13
4.170528662e-13
4.218713944e-13
4.264201414e-13
4.30646773e-13
4.345041393e-13
4.379560048e-13
4.409824118e-13
4.435832732e-13
4.457788686e-13
4.476067293e-13
4.49115629e-13
4.503584321e-13
4.513857422e-13
4.522417019e-13
4.529622742e-13
4.535755821e-13
4.54103414e-13
4.545629346e-13
4.549679622e-13
4.553295732e-13
4.556562785e-13
4.559542027e-13
4.56227481e-13
4.564789172e-13
4.567106597e-13
4.569246727e-13
4.571230027e-13
4.57307795e-13
4.574811867e-13
4.576450944e-13
4.578010158e-13
4.579499262e-13
4.580923485e-13
4.582285051e-13
4.583584484e-13
4.584822649e-13
4.586000948e-13
4.587122306e-13
4.58819097e-13
4.589211423e-13
4.590187656e-13
4.591121682e-13
4.592015666e-13
4.592873991e-13
4.593701485e-13
4.594502424e-13
4.59527912e-13
4.596031247e-13
4.596757412e-13
4.597458598e-13
4.598138927e-13
4.598800895e-13
4.599444456e-13
4.600066716e-13
4.600667059e-13
4.60124742e-13
4.60180901e-13
4.602358116e-13
4.602898806e-13
4.603431977e-13
4.603953912e-13
4.604460624e-13
4.604951641e-13
4.60543045e-13
4.605894848e-13
4.606347735e-13
4.606799335e-13
4.607244679e-13
4.607686854e-13
4.608119749e-13
4.608541583e-13
4.608955352e-13
4.609356711e-13
4.609749373e-13
4.610150556e-13
4.610540098e-13
4.610925463e-13
4.611302981e-13
4.611675997e-13
4.612046026e-13
4.612414136e-13
4.61278229e-13
4.613146267e-13
4.613500263e-13
4.613847021e-13
4.614197706e-13
4.614544022e-13
4.614881168e-13
4.615228087e-13
4.615574132e-13
4.615908231e-13
4.616254073e-13
4.616603443e-13
4.616936245e-13
4.617289765e-13
4.617657055e-13
4.618002547e-13
4.618388363e-13
4.618796485e-13
4.619203915e-13
4.619671297e-13
4.620158994e-13
4.620733694e-13
4.621415083e-13
4.622268516e-13
4.623418295e-13
4.625006075e-13
4.627307213e-13
4.630688674e-13
4.635700677e-13
4.643120412e-13
4.654017154e-13
4.669822574e-13
4.692397234e-13
4.724066689e-13
4.767609084e-13
4.826184023e-13
4.903162739e-13
5.001682935e-13
5.124270147e-13
5.271221881e-13
5.446014019e-13
5.646634672e-13
5.863627667e-13
6.094827376e-13
6.331098239e-13
6.566589591e-13
6.794868075e-13
7.022117329e-13
7.218038674e-13
7.343044348e-13
7.44431987e-13
7.542403356e-13
7.607109277e-13
7.656059488e-13
7.69401059e-13
7.723502972e-13
7.746623667e-13
7.764884814e-13
7.779398206e-13
7.790952168e-13
7.800122579e-13
7.807374898e-13
7.813082122e-13
7.817542185e-13
7.821010211e-13
7.823702356e-13
7.825779562e-13
7.827363932e-13
7.828554484e-13
7.829430768e-13
7.830056611e-13
7.830486498e-13
7.830770557e-13
7.830947113e-13
7.831041574e-13
7.83107328e-13
7.831057788e-13
7.831007325e-13
7.830931249e-13
7.830836938e-13
7.830731124e-13
7.830619014e-13
7.830503584e-13
7.830387127e-13
7.830271763e-13
7.830158116e-13
7.830049226e-13
7.829941573e-13
7.829842334e-13
7.82974559e-13
7.829648173e-13
7.829546052e-13
7.829433635e-13
7.829310325e-13
7.829180193e-13
7.829049225e-13
7.828925572e-13
7.828808971e-13
7.828696959e-13
7.828588459e-13
7.828482612e-13
7.828378659e-13
7.828275995e-13
7.82817426e-13
7.828073243e-13
7.827972871e-13
7.827873188e-13
7.827774244e-13
7.82767604e-13
7.827578535e-13
7.827481683e-13
7.827385455e-13
7.827289861e-13
7.827194934e-13
7.827100722e-13
7.827007232e-13
7.82691445e-13
7.826822354e-13
7.826730909e-13
7.826640081e-13
7.82654986e-13
7.826460247e-13
7.826371269e-13
7.826282912e-13
7.826195141e-13
7.826107911e-13
7.826021168e-13
7.825934849e-13
7.825848889e-13
7.825763224e-13
7.825677785e-13
7.82559251e-13
7.82550735e-13
7.825422275e-13
7.825337274e-13
7.825252357e-13
7.82516755e-13
7.825082892e-13
7.824998429e-13
7.824914198e-13
7.824830237e-13
7.824746562e-13
7.82466318e-13
7.824580063e-13
7.8244972e-13
7.824414604e-13
7.824332263e-13
7.824250143e-13
7.824168209e-13
7.824086419e-13
7.824004711e-13
7.823923017e-13
7.823841257e-13
7.823759332e-13
7.823677166e-13
7.823594715e-13
7.823511966e-13
7.823428915e-13
7.823345551e-13
7.823261853e-13
7.823177803e-13
7.823093383e-13
7.82300856e-13
7.822923288e-13
7.822837522e-13
7.82275125e-13
7.822664508e-13
7.822577375e-13
7.822489954e-13
7.822402329e-13
7.822314562e-13
7.822226682e-13
7.822138708e-13
7.822050661e-13
7.821962559e-13
7.821874402e-13
7.821786179e-13
7.821697895e-13
7.821609582e-13
7.821521274e-13
7.821432983e-13
7.821344685e-13
7.821256322e-13
7.821167839e-13
7.821079212e-13
7.820990438e-13
7.820901502e-13
7.820812405e-13
7.820723193e-13
7.820633943e-13
7.820544738e-13
7.820455649e-13
7.820366706e-13
7.820277854e-13
7.820188961e-13
7.820099997e-13
7.820010961e-13
7.819921885e-13
7.819832803e-13
7.819743714e-13
7.819654582e-13
7.819565422e-13
7.819476325e-13
7.819387379e-13
7.819298646e-13
7.819210131e-13
7.819121766e-13
7.819033456e-13
7.818945154e-13
7.818856951e-13
7.818768945e-13
7.818681177e-13
7.818593715e-13
7.818506597e-13
7.818419812e-13
7.818333315e-13
7.818247033e-13
7.818160818e-13
7.818074579e-13
7.817988297e-13
7.817902046e-13
7.817815945e-13
7.817729998e-13
7.817644158e-13
7.817558368e-13
7.817472527e-13
7.817386499e-13
7.817300121e-13
7.817213239e-13
7.817125803e-13
7.817037876e-13
7.816949583e-13
7.816861028e-13
7.81677222e-13
7.816683113e-13
7.816593676e-13
7.816503874e-13
7.816413621e-13
7.816322825e-13
7.816231476e-13
7.816139671e-13
7.816047553e-13
7.815955264e-13
7.815862925e-13
7.815770577e-13
7.815678113e-13
7.815585289e-13
7.815491886e-13
7.815397844e-13
7.815303198e-13
7.815207946e-13
7.815112102e-13
7.815015831e-13
7.814919405e-13
7.814822969e-13
7.814726437e-13
7.814629608e-13
7.814532321e-13
7.814434509e-13
7.814336083e-13
7.81423692e-13
7.814137052e-13
7.814036738e-13
7.813936204e-13
7.81383557e-13
7.813734956e-13
7.813634329e-13
7.813533565e-13
7.813432454e-13
7.813330695e-13
7.813228348e-13
7.813125521e-13
7.813022302e-13
7.812918839e-13
7.812815428e-13
7.812712243e-13
7.812609137e-13
7.812506016e-13
7.812402806e-13
7.812299244e-13
7.812195033e-13
7.812090254e-13
7.811985032e-13
7.811879536e-13
7.811774223e-13
7.811669395e-13
7.811564957e-13
7.811460764e-13
7.811356689e-13
7.811252593e-13
7.811148159e-13
7.811042965e-13
7.810937013e-13
7.810830376e-13
7.810723322e-13
7.810616368e-13
7.810509724e-13
7.810403184e-13
7.810296607e-13
7.810189815e-13
7.81008245e-13
7.8099739e-13
7.809864095e-13
7.809753169e-13
7.809641322e-13
7.809528809e-13
7.80941592e-13
7.809302986e-13
7.809190142e-13
7.809077209e-13
7.80896386e-13
7.808849554e-13
7.808733882e-13
7.808617016e-13
7.808499171e-13
7.808380712e-13
7.808262413e-13
7.808144736e-13
7.808027448e-13
7.807910313e-13
7.807793144e-13
7.807675633e-13
7.807557005e-13
7.807436842e-13
7.807315369e-13
7.807192805e-13
7.807069563e-13
7.806946523e-13
7.806824188e-13
7.806702308e-13
7.806580619e-13
7.806458901e-13
7.806336775e-13
7.806213196e-13
7.806087981e-13
7.805961363e-13
7.805833601e-13
7.805705193e-13
7.805577141e-13
7.80544987e-13
7.805323093e-13
7.805196514e-13
7.805069885e-13
7.804942367e-13
7.804812958e-13
7.804681678e-13
7.804548832e-13
7.804414694e-13
7.804280044e-13
7.804146092e-13
7.80401296e-13
7.803880321e-13
7.803747845e-13
7.80361519e-13
7.803481119e-13
7.803344814e-13
7.80320647e-13
7.803066538e-13
7.802925482e-13
7.802784654e-13
7.802645152e-13
7.802506686e-13
7.802368829e-13
7.802231162e-13
7.802093241e-13
7.801953517e-13
7.801811204e-13
7.80166655e-13
7.801520137e-13
7.801372692e-13
7.801225951e-13
7.801080944e-13
7.800937243e-13
7.800794259e-13
7.800651433e-13
7.800508086e-13
7.800362219e-13
7.800213284e-13
7.800061571e-13
7.799907819e-13
7.799752938e-13
7.799598866e-13
7.799446995e-13
7.799296983e-13
7.799147968e-13
7.798998954e-13
7.798848471e-13
7.798694328e-13
7.798536246e-13
7.798374813e-13
7.798210964e-13
7.798046355e-13
7.79788383e-13
7.797724236e-13
7.79756715e-13
7.797411667e-13
7.797256816e-13
7.797100836e-13
7.796940775e-13
7.796776082e-13
7.796607252e-13
7.796435221e-13
7.796261771e-13
7.796090327e-13
7.795921818e-13
7.795755762e-13
7.795591217e-13
7.795427094e-13
7.795261035e-13
7.795090151e-13
7.794914219e-13
7.794734153e-13
7.794551405e-13
7.794368513e-13
7.794188953e-13
7.794013001e-13
7.7938399e-13
7.793668351e-13
7.793496972e-13
7.793322498e-13
7.793142161e-13
7.792955603e-13
7.792763989e-13
7.792569357e-13
7.792374913e-13
7.792184998e-13
7.792000451e-13
7.791820364e-13
7.791642709e-13
7.791465301e-13
7.791283465e-13
7.791094503e-13
7.790897928e-13
7.790695235e-13
7.790489045e-13
7.790283828e-13
7.79008447e-13
7.789891648e-13
7.789704389e-13
7.789520518e-13
7.789337513e-13
7.789149701e-13
7.788953316e-13
7.788747714e-13
7.788534629e-13
7.788316851e-13
7.788099518e-13
7.787888777e-13
7.787684988e-13
7.787486562e-13
7.78729091e-13
7.787095377e-13
7.78689291e-13
7.786679062e-13
7.786453752e-13
7.786219486e-13
7.785979793e-13
7.785741677e-13
7.785512504e-13
7.785292145e-13
7.785078252e-13
7.784867299e-13
7.78465561e-13
7.78443369e-13
7.784197298e-13
7.783946594e-13
7.783684774e-13
7.783416534e-13
7.783150891e-13
7.78289576e-13
7.782651221e-13
7.782414977e-13
7.782182956e-13
7.781950025e-13
7.781705211e-13
7.78144425e-13
7.781167289e-13
7.78087815e-13
7.780583215e-13
7.780293336e-13
7.780016655e-13
7.779753428e-13
7.779500778e-13
7.779253524e-13
7.779004911e-13
7.778742343e-13
7.778460766e-13
7.778160092e-13
7.777845124e-13
7.777524488e-13
7.777211093e-13
7.776914968e-13
7.776637166e-13
7.776374248e-13
7.776119314e-13
7.775863165e-13
7.775590828e-13
7.77529572e-13
7.774977428e-13
7.774641803e-13
7.774299287e-13
7.773965343e-13
7.773651705e-13
7.773359667e-13
7.773085098e-13
7.772819847e-13
7.772552615e-13
7.772265576e-13
7.771951062e-13
7.771609174e-13
7.771247247e-13
7.770878138e-13
7.770521065e-13
7.770189337e-13
7.769883541e-13
7.769597886e-13
7.769322278e-13
7.769043143e-13
7.768738385e-13
7.768398999e-13
7.768025126e-13
7.767625785e-13
7.767216699e-13
7.766821644e-13
7.766457853e-13
7.766126934e-13
7.765822632e-13
7.765532629e-13
7.765240441e-13
7.764918769e-13
7.764555626e-13
7.76415027e-13
7.763713072e-13
7.763262783e-13
7.762827734e-13
7.762430349e-13
7.76207273e-13
7.761747037e-13
7.761438324e-13
7.761126972e-13
7.760777714e-13
7.760375566e-13
7.759920494e-13
7.759425984e-13
7.758915247e-13
7.758424828e-13
7.757981532e-13
7.757585423e-13
7.757225361e-13
7.756882933e-13
7.756534045e-13
7.756134938e-13
7.755669151e-13
7.755137812e-13
7.75455819e-13
7.7539592e-13
7.753387408e-13
7.752871948e-13
7.752412645e-13
7.751996526e-13
7.751601424e-13
7.751196874e-13
7.750737841e-13
7.750205913e-13
7.749599562e-13
7.74893767e-13
7.74825758e-13
7.747610039e-13
7.747032478e-13
7.7465326e-13
7.746098076e-13
7.745699277e-13
7.745294469e-13
7.74483748e-13
7.744300373e-13
7.743676125e-13
7.742986727e-13
7.742282019e-13
7.741618469e-13
7.741042518e-13
7.740567793e-13
7.740181713e-13
7.739851396e-13
7.739531819e-13
7.739162173e-13
7.738695636e-13
7.738108312e-13
7.737419077e-13
7.736701151e-13
7.73604687e-13
7.73552687e-13
7.735133534e-13
7.73482001e-13
7.73453349e-13
7.734230631e-13
7.733881196e-13
7.733447107e-13
7.732867616e-13
7.732108924e-13
7.731231142e-13
7.730407006e-13
7.729817549e-13
7.729732858e-13
7.730132412e-13
7.730796974e-13
7.731924443e-13
7.734765275e-13
7.740616758e-13
7.751325294e-13
7.771730491e-13
7.811895991e-13
7.890145534e-13
8.041060779e-13
8.334875978e-13
8.921690599e-13
1.014886796e-12
1.295005975e-12
2.066696439e-12
5.179179374e-12
1.96953835e-11
8.764757915e-11
4.207678351e-10
2.092161974e-09
1.055434312e-08
5.338284334e-08
2.679550205e-07
1.314676582e-06
6.125595436e-06
2.567394536e-05
8.879821683e-05
0.0002306225591
0.0004326806774
0.000617876702
0.0007397203021
0.0008052603006
0.0008369879023
0.000851588641
0.0008581551677
0.0008610760273
0.0008623697696
0.0008629421973
0.0008631962272
0.0008633077665
0.0008633563694
0.0008633784633
0.0008633873793
0.0008633915764
0.000863392927
0.0008633939105
0.0008633938923
0.0008633942718
0.0008633943768
0.0008633948555
0.0008633947098
0.0008633947037
0.0008633946373
0.0008633947177
0.0008633942133
0.0008633947348
0.0008633939355
0.0008633952866
0.0008633958254
0.0008633961198
0.0008633958009
0.000863395125
0.0008633953454
0.0008633942752
0.000863394787
0.0008633943082
0.0008633953695
0.0008633953868
0.0008633946144
0.0008633951914
0.0008633950551
0.0008633948385
0.0008633945514
0.0008633951025
0.0008633954485
0.0008633955968
0.0008633943006
0.0008633944944
0.0008633943171
0.0008633934848
0.0008633947178
0.0008633941284
0.0008633950489
0.0008633946259
0.000863394713
0.0008633949591
0.0008633948992
0.0008633940062
0.0008633938475
0.0008633941818
0.0008633940684
0.0008633937417
0.0008633937474
0.0008633935675
0.0008633936767
0.0008633943457
0.0008633937082
0.0008633939758
0.0008633935323
0.0008633936663
0.0008633936657
0.0008633937191
0.0008633938922
0.0008633940081
0.0008633935253
0.0008633930942
0.0008633927252
0.0008633932838
0.0008633925547
0.000863392325
0.0008633917095
0.0008633922925
0.0008633921346
0.0008633922371
0.0008633922249
0.0008633921807
0.0008633928075
0.0008633919796
0.0008633921987
0.0008633918533
0.0008633919875
0.0008633921089
0.0008633925563
0.0008633925672
0.0008633921196
0.0008633925185
0.0008633924319
0.0008633931417
0.0008633933882
0.0008633940049
0.000863392843
0.0008633930506
0.0008633932798
0.0008633929244
0.0008633931462
0.0008633921696
0.0008633928203
0.0008633927645
0.0008633932619
0.0008633937891
0.000863393115
0.000863393417
0.0008633932772
0.0008633932539
0.0008633935294
0.0008633938267
0.0008633926516
0.0008633931738
0.0008633930553
0.0008633931175
0.0008633929854
0.0008633924823
0.0008633932724
0.0008633938121
0.0008633926302
0.0008633931745
0.000863393545
0.0008633933401
0.0008633927162
0.0008633930456
0.0008633937058
0.0008633934158
0.0008633925876
0.0008633926425
0.0008633935318
0.0008633928938
0.0008633932994
0.0008633931124
0.0008633929364
0.0008633940522
0.000863393636
0.0008633934827
0.0008633935178
0.0008633928854
0.0008633924804
0.000863391853
0.0008633933883
0.0008633931866
0.0008633935551
0.0008633934717
0.0008633930951
0.0008633934588
0.0008633937575
0.0008633942227
0.0008633944055
0.0008633941369
0.0008633943554
0.0008633940506
0.0008633935342
0.0008633926114
0.0008633923813
0.0008633918506
0.000863391596
0.0008633911844
0.000863391488
0.0008633912006
0.0008633929424
0.0008633929161
0.0008633926952
0.0008633922002
0.0008633921404
0.0008633921398
0.0008633928134
0.0008633929076
0.0008633933759
0.0008633927982
0.0008633923539
0.0008633922884
0.0008633924836
0.0008633937027
0.0008633938018
0.000863393193
0.0008633927213
0.000863393773
0.0008633937645
0.0008633929638
0.000863392838
0.0008633927692
0.0008633927092
0.0008633927013
0.0008633921539
0.0008633913717
0.0008633919621
0.0008633923693
0.0008633934838
0.0008633932281
0.0008633935097
0.0008633934955
0.0008633932476
0.0008633927292
0.0008633928879
0.0008633936664
0.0008633938274
0.0008633941738
0.0008633940813
0.0008633940606
0.0008633928245
0.0008633939008
0.0008633923212
0.0008633932534
0.0008633933235
0.0008633933168
0.0008633932377
0.0008633929676
0.0008633927817
0.0008633927251
0.0008633928066
0.0008633931227
0.0008633924607
0.0008633923458
0.0008633918187
0.0008633916563
0.0008633919515
0.0008633916529
0.0008633915756
0.0008633920907
0.0008633920287
0.0008633919439
0.0008633916755
0.0008633913645
0.0008633913446
0.000863391505
0.0008633916788
0.0008633914277
0.0008633910865
0.0008633904956
0.0008633908675
0.0008633909567
0.0008633919839
0.0008633918567
0.0008633915817
0.0008633918921
0.0008633914022
0.0008633912653
0.0008633920863
0.000863392017
0.0008633922935
0.0008633924118
0.0008633926836
0.0008633926849
0.0008633925844
0.0008633921508
0.0008633925379
0.0008633930587
0.0008633928878
0.0008633929486
0.0008633926783
0.0008633931738
0.0008633932389
0.0008633929978
0.0008633926237
0.0008633926948
0.0008633931055
0.0008633931496
0.0008633926895
0.0008633927054
0.000863392705
0.0008633933274
0.0008633934413
0.0008633934097
0.0008633933662
0.0008633930517
0.00086339363
0.000863393183
0.0008633929725
0.0008633928925
0.0008633931516
0.0008633928336
0.0008633937918
0.0008633925619
0.000863392849
0.0008633928153
0.0008633932882
0.0008633927057
0.0008633920721
0.0008633927747
0.0008633936457
0.0008633940997
0.0008633939949
0.0008633945316
0.00086339385
0.000863394165
0.0008633938632
0.0008633934369
0.0008633942807
0.000863394373
0.0008633948628
0.0008633937297
0.0008633941022
0.0008633942002
0.0008633946826
0.0008633948592
0.000863394888
0.0008633943154
0.000863394103
0.0008633936142
0.0008633933132
0.0008633936374
0.0008633927518
0.0008633936415
0.0008633936783
0.0008633936792
0.0008633931287
0.0008633935562
0.0008633933453
0.0008633939295
0.0008633941617
0.0008633940058
0.0008633934961
0.0008633934568
0.0008633930939
0.0008633941907
0.0008633942436
0.0008633936599
0.0008633932413
0.0008633932548
0.0008633929731
0.0008633939387
0.0008633936482
0.0008633938733
0.0008633947085
0.0008633940131
0.0008633940124
0.0008633938964
0.0008633938399
0.0008633940746
0.00086339404
0.0008633939052
0.0008633939717
0.0008633942359
0.0008633941558
0.0008633942538
0.0008633941122
0.0008633941896
0.0008633942884
0.0008633940599
0.000863393955
0.0008633940943
0.0008633942414
0.000863393759
0.0008633942188
0.0008633949701
0.0008633953012
0.0008633943919
0.0008633948796
0.0008633943584
0.0008633945439
0.0008633943367
0.0008633949151
0.0008633949103
0.0008633946965
0.0008633947322
0.0008633948716
0.0008633941052
0.0008633948925
0.0008633940233
0.0008633945492
0.0008633944343
0.0008633942052
0.0008633940728
0.0008633942063
0.0008633944312
0.000863394263
0.0008633942917
0.0008633941411
0.0008633938246
0.0008633937579
0.0008633935422
0.0008633938249
0.0008633939108
0.0008633932099
0.000863392881
0.0008633934656
0.000863394124
0.0008633936981
0.0008633936488
0.0008633939751
0.0008633936921
0.0008633935925
0.0008633937996
0.0008633936501
0.0008633939206
0.0008633938762
0.000863393622
0.0008633934387
0.000863392919
0.0008633939366
0.0008633933355
0.0008633936868
0.000863393399
0.0008633935271
0.0008633937292
0.0008633930584
0.0008633933199
0.0008633934279
0.0008633940657
0.0008633933553
0.0008633926525
0.0008633932198
0.0008633925293
0.0008633927036
0.0008633924459
0.0008633920549
0.0008633927974
0.0008633925486
0.0008633923411
0.0008633920687
0.0008633921952
0.0008633923455
0.0008633926739
0.0008633926823
0.0008633922765
0.0008633921507
0.0008633925711
0.0008633925204
0.0008633929982
0.0008633928741
0.000863392807
0.000863392773
0.0008633923514
0.000863392654
0.0008633929915
0.0008633929697
0.0008633937007
0.0008633934662
0.0008633932095
0.0008633923713
0.0008633922563
0.0008633924442
0.0008633921112
0.0008633914046
0.0008633923331
0.0008633930074
0.0008633927141
0.0008633933877
0.0008633938515
0.000863393643
0.0008633936685
0.0008633936421
0.0008633926639
0.0008633929977
0.000863393115
0.000863392605
0.0008633923366
0.0008633926023
0.0008633931153
0.0008633930171
0.0008633934382
0.0008633923688
0.0008633925269
0.0008633937409
0.0008633932634
0.0008633933075
0.0008633936959
0.0008633940163
0.0008633936958
0.0008633938332
0.0008633933355
0.0008633932196
0.0008633936407
0.0008633938418
0.0008633930391
0.0008633934775
0.000863393443
0.0008633935709
0.0008633941919
0.0008633936237
0.0008633934715
0.0008633930986
0.000863393602
0.0008633938314
0.0008633937538
0.0008633940759
0.0008633940868
0.0008633942302
0.000863393547
0.0008633935358
0.0008633939377
0.0008633937058
0.0008633932544
0.0008633937123
0.0008633937068
0.0008633936713
0.0008633933171
0.0008633930605
0.0008633930831
0.0008633933068
0.0008633937047
0.0008633926965
0.0008633930186
0.000863393997
0.0008633944149
0.000863394135
0.0008633944853
0.0008633938564
0.0008633945017
0.0008633944274
0.000863394677
0.0008633943717
0.0008633946254
0.0008633942722
0.0008633941258
0.0008633942487
0.0008633947336
0.0008633947534
0.0008633940861
0.0008633939181
0.0008633934937
0.0008633934322
0.0008633935779
0.0008633943597
0.0008633938564
0.0008633945387
0.0008633940556
0.0008633940912
0.0008633932546
0.0008633937447
0.0008633933355
0.000863394445
0.0008633944259
0.0008633945218
0.0008633942942
0.0008633937908
0.0008633937364
0.0008633934777
0.0008633942143
0.0008633939679
0.0008633930715
0.0008633939745
0.0008633937325
0.0008633938517
0.0008633939697
0.0008633934379
0.0008633938114
0.0008633940503
0.0008633941058
0.0008633936521
0.0008633945261
0.000863394174
0.0008633941153
0.0008633937385
0.0008633940633
0.0008633938822
0.0008633940021
0.0008633941009
0.0008633941531
0.000863394415
0.0008633943958
0.0008633943672
0.0008633947067
0.0008633947921
0.0008633948126
0.0008633949902
0.0008633943707
0.0008633947768
0.0008633944603
0.0008633944851
0.0008633946902
0.000863394717
0.0008633953995
0.0008633948256
0.0008633952129
0.0008633950941
0.0008633950171
0.0008633957644
0.0008633957363
0.0008633959749
0.0008633956297
0.00086339593
0.0008633962569
0.0008633966109
0.0008633963748
0.0008633959428
0.0008633954736
0.0008633951033
0.0008633953203
0.0008633955674
0.0008633957879
0.000863395417
0.0008633955716
0.0008633951041
0.000863395601
0.0008633956726
0.0008633956115
0.0008633958752
0.0008633953001
0.0008633951472
0.0008633946535
0.00086339463
0.0008633951449
0.0008633950363
0.0008633950036
0.0008633951615
0.0008633953471
0.0008633949069
0.0008633935221
0.000863393866
0.0008633940022
0.0008633940988
0.0008633944148
0.0008633945618
0.0008633939698
0.0008633944281
0.000863394235
0.0008633938913
0.0008633939026
0.0008633933368
0.0008633933995
0.0008633934261
0.0008633937626
0.0008633934952
0.0008633940862
0.0008633941354
0.000863393677
0.0008633936653
0.0008633935964
0.0008633935892
0.0008633934981
0.0008633940595
0.0008633933149
0.0008633938376
0.0008633937205
0.0008633935942
0.0008633927737
0.0008633933652
0.0008633938163
0.0008633944368
0.0008633937656
0.0008633944022
0.0008633947669
0.0008633938389
0.0008633945161
0.0008633938576
0.0008633944029
0.0008633941019
0.0008633941937
0.0008633943537
0.0008633943288
0.0008633947023
0.0008633948961
0.0008633957041
0.0008633956328
0.0008633957721
0.00086339601
0.000863395337
0.0008633950394
0.0008633951409
0.0008633952867
0.0008633956971
0.0008633960812
0.0008633954619
0.0008633958913
0.0008633961061
0.0008633952239
0.0008633959508
0.0008633957964
0.0008633958753
0.0008633959016
0.0008633954248
0.0008633957759
0.000863396071
0.0008633964156
0.0008633969204
0.0008633969327
0.0008633961458
0.0008633954101
0.0008633956578
0.000863395651
0.0008633962726
0.0008633960945
0.0008633961515
0.0008633955574
0.0008633950812
0.0008633950333
0.0008633950718
0.0008633942819
0.0008633959861
0.0008633954605
0.000863395666
0.0008633954595
0.0008633953098
0.0008633948801
0.0008633947655
0.0008633945265
0.0008633947764
0.0008633950867
0.0008633950582
0.0008633953503
0.0008633943495
0.0008633949911
0.0008633955025
0.0008633950951
0.0008633945698
0.0008633948413
0.000863395641
0.0008633954414
0.0008633954788
0.0008633960471
0.0008633957769
0.0008633952195
0.0008633938007
0.0008633938968
0.0008633941425
0.0008633939112
0.0008633941436
0.0008633941016
0.0008633948888
0.0008633952236
0.0008633954945
0.0008633949577
0.0008633941979
0.0008633941307
0.0008633952798
0.0008633950876
0.0008633953734
0.0008633941066
0.0008633944105
0.0008633950104
0.000863395055
0.0008633943962
0.0008633943873
0.0008633944787
0.0008633942701
0.0008633949995
0.0008633949143
0.0008633946027
0.0008633951765
0.0008633953372
0.0008633947052
0.0008633942204
0.0008633936929
0.0008633942212
0.0008633944131
0.0008633943722
0.0008633933857
0.0008633943443
0.0008633942082
0.0008633941747
0.0008633943532
0.0008633937515
0.0008633943649
0.0008633942116
0.0008633943443
0.0008633936793
0.0008633936297
0.0008633939796
0.0008633945166
0.0008633943356
0.0008633944234
0.000863394779
0.0008633946822
0.0008633946789
0.0008633946948
0.0008633944738
0.0008633942534
0.0008633944874
0.0008633945453
0.0008633954119
0.0008633947546
0.000863394464
0.0008633946525
0.0008633940097
0.0008633945245
0.0008633942979
0.0008633942257
0.000863393838
0.0008633933815
0.0008633938681
0.0008633937232
0.0008633936092
0.0008633936305
0.0008633929448
0.00086339304
0.0008633924119
0.0008633930959
0.0008633937876
0.0008633935309
0.0008633933932
0.0008633934764
0.0008633922729
0.00086339215
0.0008633925591
0.0008633926342
0.0008633915632
0.0008633928353
0.0008633923255
0.0008633927426
0.0008633924494
0.0008633920045
0.0008633928636
0.0008633925836
0.0008633930828
0.0008633941365
0.0008633941647
0.0008633945666
0.0008633945226
0.0008633947218
0.0008633943182
0.0008633946377
0.0008633944934
0.0008633938707
0.0008633935555
0.0008633938209
0.0008633946165
0.0008633939017
0.0008633940565
0.0008633948009
0.0008633954778
0.0008633949401
0.0008633949249
0.0008633951929
0.000863395054
0.0008633955793
0.0008633943805
0.0008633948814
0.0008633946554
0.0008633945013
0.0008633939301
0.0008633945653
0.0008633945705
0.0008633955646
0.0008633951267
0.0008633955932
0.0008633960413
0.0008633954804
0.0008633956862
0.0008633946228
0.0008633950575
0.0008633946711
0.0008633944327
0.0008633933892
0.0008633946718
0.0008633944378
0.0008633948694
0.0008633948533
0.0008633948063
0.0008633947123
0.0008633948717
0.0008633951961
0.0008633953158
0.0008633951634
0.0008633952762
0.0008633943308
0.0008633953904
0.0008633945279
0.0008633945958
0.0008633953827
0.0008633954064
0.0008633952589
0.0008633952109
0.0008633958819
0.0008633967696
0.0008633960759
0.0008633957393
0.0008633954912
0.0008633953463
0.000863395353
0.0008633959186
0.0008633956544
0.0008633956886
0.0008633955855
0.0008633959484
0.0008633958184
0.0008633946249
0.000863395153
0.0008633955614
0.0008633955995
0.0008633953426
0.0008633955161
0.0008633959536
0.0008633956223
0.0008633947665
0.000863395412
0.0008633954107
0.0008633953891
0.0008633953837
0.0008633945675
0.0008633938781
0.0008633945225
0.0008633939382
0.000863394589
0.0008633943345
0.0008633943033
0.0008633939845
0.0008633939768
0.0008633933531
0.000863394188
0.0008633939254
0.000863394408
0.0008633943205
0.0008633944941
0.000863393998
0.0008633945533
0.000863394322
0.0008633942831
0.0008633946871
0.0008633946332
0.000863394071
0.0008633933556
0.000863393647
0.0008633936786
0.0008633937835
0.0008633938605
0.0008633940919
0.0008633941556
0.0008633934154
0.0008633926818
0.0008633936334
0.0008633936714
0.0008633941217
0.0008633945221
0.0008633942387
0.0008633950917
0.0008633948363
0.0008633945697
0.0008633948905
0.0008633948256
0.0008633959873
0.0008633956424
0.0008633957237
0.0008633962801
0.0008633950857
0.0008633942623
0.0008633946878
0.0008633949039
0.0008633948572
0.00086339447
0.0008633952371
0.0008633960173
0.0008633962173
0.0008633954357
0.0008633953623
0.0008633950517
0.0008633955771
0.0008633950281
0.0008633950255
0.0008633950948
0.0008633943805
0.0008633951978
0.000863395045
0.0008633948807
0.0008633951556
0.0008633953311
0.00086339554
0.0008633956768
0.0008633956597
0.0008633953719
0.0008633949248
0.0008633947492
0.0008633954225
0.0008633948059
0.0008633954779
0.0008633959294
0.0008633954389
0.0008633955858
0.0008633956308
0.0008633957702
0.0008633960527
0.0008633959122
0.0008633951902
0.0008633954403
0.0008633952946
0.0008633950179
0.0008633956478
0.0008633949527
0.0008633949391
0.0008633954412
0.0008633948216
0.0008633946717
0.00086339447
0.0008633950131
0.0008633950222
0.0008633947874
0.0008633947272
0.0008633943455
0.0008633940266
0.0008633939289
0.0008633940235
0.000863394361
0.0008633948054
0.000863395009
0.0008633948225
0.0008633949169
0.0008633946788
0.0008633946398
0.0008633945564
0.0008633945805
0.0008633948841
0.0008633946639
0.0008633948298
0.0008633944644
0.0008633943044
0.0008633947959
0.0008633944428
0.0008633946943
0.0008633951158
0.0008633955082
0.000863395268
0.000863394908
0.0008633949911
0.0008633943557
0.0008633952543
0.0008633946535
0.000863394849
0.0008633955537
0.0008633954094
0.000863395027
0.0008633946054
0.0008633955125
0.0008633951229
0.0008633953506
0.0008633949897
0.0008633951493
0.0008633946984
0.0008633950156
0.000863394678
0.0008633954844
0.0008633953457
0.0008633943696
0.0008633954943
0.0008633953066
0.0008633953097
0.0008633958604
0.0008633954858
0.0008633951343
0.0008633959098
0.0008633961938
0.0008633959197
0.000863395451
0.0008633955466
0.0008633955677
0.0008633957946
0.0008633953373
0.000863394914
0.0008633949785
0.000863395245
0.0008633950147
0.0008633955259
0.0008633953097
0.0008633955233
0.0008633956426
0.0008633956943
0.0008633962732
0.0008633956751
0.0008633956177
0.0008633950308
0.0008633953116
0.0008633946403
0.0008633946772
0.0008633945637
0.0008633948726
0.0008633948842
0.0008633948921
0.0008633950714
0.0008633944744
0.0008633945576
0.0008633948445
0.00086339502
0.0008633947992
0.0008633949707
0.0008633949845
0.000863394946
0.0008633951969
0.0008633944642
0.0008633952266
0.0008633952533
0.0008633949761
0.0008633952973
0.000863395329
0.0008633954697
0.0008633953473
0.000863394942
0.0008633948621
0.0008633944583
0.0008633945694
0.0008633948448
0.0008633941417
0.0008633948388
0.0008633946877
0.0008633954611
0.0008633955481
0.0008633954204
0.000863395125
0.0008633953451
0.0008633953156
0.0008633956184
0.0008633955013
0.0008633958256
0.0008633956818
0.0008633955738
0.000863395015
0.0008633951365
0.0008633956355
0.0008633968743
0.0008633956462
0.0008633961422
0.0008633966142
0.0008633962692
0.0008633961058
0.0008633956954
0.000863395868
0.000863395444
0.0008633959798
0.0008633958924
0.0008633960405
0.0008633957945
0.0008633966251
0.0008633961147
0.000863395695
0.0008633962613
0.0008633951017
0.000863395371
0.0008633950585
0.0008633950764
0.0008633954264
0.0008633951697
0.0008633947917
0.0008633948856
0.0008633946871
0.000863395313
0.0008633956789
0.0008633959652
0.0008633957493
0.0008633958757
0.0008633962939
0.0008633967051
0.0008633971214
0.0008633970831
0.000863396757
0.0008633971257
0.0008633969618
0.0008633969334
0.0008633958971
0.0008633958224
0.0008633944289
0.0008633956371
0.0008633959135
0.0008633967281
0.0008633964988
0.0008633963969
0.0008633973766
0.0008633969998
0.0008633962642
0.0008633967111
0.0008633958666
0.0008633959607
0.0008633957628
0.0008633960877
0.0008633961114
0.000863395689
0.0008633959252
0.0008633963249
0.0008633963916
0.0008633973161
0.0008633957381
0.000863395275
0.0008633945296
0.0008633950196
0.0008633952584
0.0008633947164
0.0008633954803
0.0008633956573
0.0008633962955
0.0008633968641
0.0008633970133
0.0008633975758
0.0008633969659
0.0008633972451
0.000863396542
0.0008633960096
0.0008633954914
0.0008633954302
0.0008633955979
0.0008633952642
0.000863395646
0.0008633956601
0.0008633943858
0.0008633947576
0.0008633940968
0.0008633947824
0.0008633939394
0.0008633937501
0.0008633934183
0.0008633940913
0.000863394378
0.0008633945903
0.0008633949364
0.0008633943662
0.000863394478
0.0008633952251
0.0008633949886
0.0008633944456
0.0008633951856
0.0008633952047
0.0008633947959
0.0008633945268
0.0008633956871
0.0008633954595
0.000863395897
0.0008633960119
0.0008633949094
0.0008633953332
0.0008633957181
0.0008633954069
0.0008633955542
0.0008633952537
0.0008633960448
0.0008633958173
0.0008633956562
0.0008633947994
0.0008633953908
0.0008633960548
0.0008633956975
0.0008633954859
0.0008633960364
0.0008633952878
0.0008633957565
0.0008633951586
0.0008633953565
0.0008633955947
0.0008633950659
0.0008633935947
0.000863393824
0.0008633925224
0.0008633930151
0.0008633920408
0.000863392383
0.0008633929237
0.0008633929218
0.0008633920626
0.0008633919312
0.0008633926563
0.0008633927248
0.0008633924182
0.0008633938508
0.0008633933097
0.0008633936422
0.0008633931438
0.0008633935718
0.0008633940466
0.0008633943673
0.0008633934599
0.0008633935155
0.0008633931283
0.00086339398
0.0008633936597
0.0008633941053
0.0008633942613
0.0008633950982
0.0008633957267
0.0008633946177
0.0008633944852
0.0008633941984
0.0008633933778
0.0008633938374
0.0008633939332
0.0008633942273
0.000863393533
0.0008633941694
0.0008633939517
0.0008633939351
0.0008633937256
0.0008633929703
0.0008633931893
0.0008633935529
0.0008633924951
0.0008633938386
0.0008633939052
0.0008633941319
0.0008633941645
0.0008633935963
0.0008633951206
0.0008633956066
0.0008633958196
0.0008633958182
0.0008633958874
0.0008633961478
0.0008633958437
0.0008633951152
0.0008633948194
0.0008633955954
0.0008633956808
0.0008633944531
0.0008633950741
0.0008633963141
0.0008633949347
0.0008633951566
0.0008633948965
0.0008633948114
0.0008633958021
0.0008633952301
0.0008633945023
0.0008633952601
0.0008633946912
0.0008633944748
0.0008633950513
0.0008633946478
0.0008633946012
0.0008633951102
0.0008633946853
0.0008633950441
0.0008633953567
0.0008633946113
0.0008633948107
0.0008633946323
0.0008633952931
0.0008633955204
0.0008633951036
0.0008633948959
0.0008633949712
0.0008633941311
0.0008633949089
0.0008633946671
0.0008633943325
0.0008633931867
0.0008633939551
0.0008633937602
0.0008633936705
0.0008633929722
0.0008633936845
0.0008633937086
0.0008633937731
0.0008633938342
0.0008633941685
0.0008633933675
0.000863393408
0.0008633933934
0.0008633931448
0.0008633926046
0.0008633928781
0.0008633929087
0.0008633926398
0.000863392381
0.0008633922601
0.0008633923444
0.0008633924446
0.0008633929493
0.0008633928596
0.0008633938707
0.0008633943111
0.0008633935871
0.0008633937772
0.0008633937966
0.0008633931377
0.000863392126
0.0008633923526
0.0008633928776
0.0008633923456
0.0008633929322
0.0008633938205
0.0008633937039
0.0008633931587
0.0008633926996
0.0008633930352
0.0008633930372
0.000863393344
0.0008633930323
0.0008633928841
0.0008633934795
0.0008633941191
0.0008633941141
0.0008633942685
0.0008633944475
0.0008633938222
0.0008633930745
0.0008633938308
0.0008633936641
0.000863393708
0.0008633939378
0.0008633943352
0.0008633945371
0.0008633939605
0.000863394362
0.0008633936867
0.0008633950505
0.000863394361
0.0008633947925
0.0008633955609
0.000863395076
0.0008633954902
0.0008633952601
0.000863395189
0.0008633957484
0.0008633961299
0.0008633960808
0.0008633964861
0.0008633968464
0.0008633961887
0.0008633968862
0.0008633954889
0.0008633954769
0.0008633956904
0.0008633957535
0.0008633954623
0.0008633957187
0.0008633947692
0.0008633951243
0.0008633953819
0.0008633956002
0.0008633961273
0.0008633954361
0.0008633958644
0.0008633959755
0.0008633954851
0.0008633943787
0.000863394584
0.0008633948143
0.0008633949518
0.0008633946326
0.0008633938924
0.0008633938605
0.0008633936476
0.0008633934289
0.0008633931882
0.0008633935861
0.0008633942604
0.000863394079
0.0008633944798
0.0008633939399
0.000863394257
0.0008633937763
0.0008633937424
0.000863393369
0.0008633939277
0.0008633944209
0.0008633938551
0.0008633938683
0.0008633938824
0.0008633939681
0.000863393602
0.0008633942339
0.0008633935931
0.000863394982
0.0008633945931
0.0008633947493
0.0008633946413
0.0008633944103
0.0008633937949
0.0008633934737
0.0008633938715
0.0008633940184
0.0008633936577
0.0008633941614
0.0008633942293
0.0008633936279
0.0008633940198
0.0008633939279
0.0008633949281
0.000863394383
0.0008633940169
0.0008633943721
0.0008633945539
0.0008633951657
0.0008633944681
0.0008633957982
0.0008633954161
0.0008633956703
0.0008633953158
0.000863395715
0.0008633956455
0.00086339542
0.000863395164
0.000863395714
0.0008633955555
0.000863395255
0.0008633959576
0.0008633959451
0.0008633948207
0.0008633956161
0.0008633954755
0.0008633959631
0.0008633959896
0.0008633958006
0.0008633952235
0.0008633958298
0.000863395677
0.0008633951565
0.0008633957796
0.000863395924
0.0008633960647
0.0008633957439
0.0008633955055
0.000863395465
0.0008633956456
0.0008633953963
0.0008633960592
0.0008633958752
0.0008633959781
0.0008633952387
0.0008633952026
0.0008633947122
0.0008633949336
0.0008633951097
0.000863394141
0.0008633944623
0.0008633949903
0.0008633948141
0.0008633934927
0.0008633939061
0.0008633933729
0.0008633938897
0.0008633936487
0.0008633948298
0.0008633945872
0.0008633955147
0.0008633946301
0.0008633946693
0.0008633941805
0.0008633945466
0.0008633945941
0.0008633939116
0.000863394203
0.0008633942916
0.0008633955198
0.0008633951349
0.0008633951508
0.0008633940063
0.0008633943196
0.0008633944902
0.0008633944009
0.0008633958198
0.0008633956697
0.0008633956474
0.0008633954253
0.0008633954892
0.0008633953266
0.0008633961266
0.0008633961228
0.0008633950711
0.0008633956612
0.0008633956147
0.0008633957143
0.0008633949048
0.0008633940369
0.0008633934508
0.0008633945389
0.0008633948697
0.0008633938487
0.0008633940938
0.0008633950645
0.0008633941328
0.0008633940523
0.0008633942014
0.0008633943464
0.0008633941513
0.0008633934398
0.0008633935683
0.0008633940408
0.0008633944431
0.0008633947706
0.000863395291
0.0008633949164
0.0008633946986
0.0008633946146
0.0008633946183
0.0008633945795
0.0008633944589
0.0008633949055
0.0008633950989
0.0008633950136
0.0008633956473
0.000863396106
0.0008633963577
0.0008633954262
0.0008633954979
0.0008633956044
0.0008633963695
0.0008633961286
0.0008633961672
0.0008633964495
0.0008633954648
0.000863396051
0.0008633955217
0.0008633960843
0.0008633951909
0.0008633955127
0.0008633949052
0.0008633954961
0.00086339565
0.0008633962047
0.0008633953805
0.000863396236
0.0008633969345
0.000863396992
0.0008633973357
0.0008633969596
0.0008633962737
0.0008633954139
0.0008633948209
0.0008633951749
0.0008633954714
0.0008633957065
0.0008633952301
0.0008633953366
0.0008633942071
0.0008633952581
0.0008633955241
0.0008633952118
0.000863396186
0.0008633968467
0.0008633965436
0.0008633962226
0.000863395526
0.0008633961072
0.0008633963285
0.0008633956255
0.0008633955644
0.0008633950021
0.0008633950011
0.0008633950498
0.0008633944524
0.0008633943913
0.0008633943952
0.0008633945435
0.0008633958272
0.0008633955735
0.0008633946429
0.0008633955397
0.0008633948278
0.0008633939111
0.0008633939824
0.0008633945061
0.0008633948637
0.0008633947023
0.0008633943834
0.0008633947693
0.0008633948724
0.000863395119
0.00086339462
0.0008633950414
0.0008633952229
0.000863394575
0.0008633948921
0.0008633940185
0.0008633951344
0.0008633946386
0.0008633937666
0.0008633948378
0.0008633954922
0.0008633959493
0.0008633963239
0.0008633958577
0.0008633960864
0.0008633963992
0.0008633964784
0.0008633956618
0.0008633955623
0.0008633953696
0.0008633955548
0.00086339594
0.0008633953126
0.0008633965118
0.0008633961944
0.0008633964337
0.0008633970111
0.0008633962575
0.0008633961215
0.0008633959046
0.0008633960161
0.0008633945351
0.0008633952769
0.0008633949737
0.0008633960489
0.0008633959876
0.0008633956488
0.0008633959293
0.0008633961212
0.0008633958321
0.000863397025
0.0008633974777
0.0008633971788
0.0008633974498
0.0008633971847
0.000863397745
0.0008633974418
0.0008633975165
0.0008633956474
0.0008633958885
0.0008633966328
0.0008633967557
0.0008633973377
0.0008633974836
0.0008633973647
0.0008633974966
0.0008633968322
0.0008633971541
0.0008633972868
0.0008633962986
0.0008633951905
0.0008633954384
0.0008633960734
0.0008633961061
0.0008633972753
0.0008633974982
0.0008633976862
0.0008633982791
0.0008633973531
0.0008633973115
0.0008633968448
0.000863396407
0.000863396286
0.0008633954539
0.0008633962217
0.0008633962476
0.0008633962324
0.000863396983
0.0008633971305
0.0008633961221
0.0008633960448
0.0008633960131
0.0008633967178
0.0008633967272
0.0008633963732
0.0008633964493
0.0008633963445
0.0008633962457
0.0008633970061
0.0008633966854
0.0008633974236
0.0008633966078
0.0008633967653
0.0008633963092
0.0008633954548
0.0008633962664
0.0008633962179
0.0008633959096
0.0008633958513
0.0008633961171
0.0008633962402
0.0008633967502
0.0008633974782
0.0008633970011
0.00086339723
0.0008633969797
0.0008633969682
0.0008633959322
0.0008633960807
0.0008633960131
0.0008633955991
0.0008633958245
0.0008633955656
0.0008633950488
0.0008633957022
0.0008633952358
0.0008633951438
0.0008633958754
0.0008633955065
0.0008633945666
0.0008633953119
0.0008633940403
0.0008633948205
0.0008633942693
0.0008633947503
0.0008633947084
0.0008633947132
0.0008633949579
0.0008633954405
0.0008633951946
0.0008633942465
0.0008633941513
0.0008633940741
0.0008633936208
0.0008633931219
0.0008633935282
0.0008633937953
0.0008633945803
0.0008633947032
0.0008633946943
0.0008633949445
0.0008633949998
0.0008633949845
0.0008633954163
0.0008633950411
0.000863395153
0.0008633955325
0.0008633953549
0.0008633947418
0.0008633951097
0.000863395172
0.0008633946934
0.0008633946769
0.000863394501
0.0008633943733
0.000863394584
0.0008633949118
0.0008633951252
0.0008633947516
0.0008633951696
0.0008633959583
0.0008633956561
0.0008633951163
0.0008633936655
0.0008633952271
0.0008633956331
0.0008633960412
0.0008633960626
0.0008633958037
0.0008633954154
0.0008633953212
0.0008633942738
0.0008633947418
0.0008633950039
0.0008633943919
0.0008633944652
0.0008633945743
0.0008633952273
0.0008633951289
0.0008633947525
0.0008633945326
0.0008633933002
0.0008633945964
0.0008633943202
0.0008633931108
0.000863393691
0.0008633929184
0.0008633936896
0.0008633940506
0.000863394701
0.0008633952948
0.0008633943635
0.0008633946233
0.0008633942581
0.0008633935997
0.0008633934633
0.0008633944669
0.0008633946308
0.000863393551
0.0008633938738
0.0008633925188
0.0008633930394
0.0008633937496
0.0008633938192
0.00086339404
0.0008633938114
0.0008633940129
0.0008633944612
0.0008633945019
0.0008633936704
0.0008633933876
0.0008633937558
0.0008633942619
0.0008633941155
0.0008633940855
0.0008633943225
0.0008633942428
0.0008633947507
0.0008633949155
0.0008633951014
0.0008633948504
0.0008633945517
0.0008633944408
0.0008633944901
0.0008633950947
0.0008633954801
0.0008633952445
0.0008633960643
0.0008633959964
0.0008633954081
0.0008633954125
0.0008633951069
0.0008633958655
0.0008633956909
0.0008633968676
0.0008633961852
0.0008633961845
0.0008633962149
0.0008633959313
0.0008633961995
0.0008633965365
0.0008633964446
0.0008633963947
0.0008633964921
0.0008633970774
0.0008633965324
0.0008633970634
0.0008633970916
0.0008633970563
0.000863397094
0.0008633974943
0.0008633974847
0.0008633969839
0.0008633967688
0.0008633972612
0.0008633970238
0.0008633973643
0.0008633971417
0.0008633972171
0.0008633982411
0.0008633979653
0.0008633982874
0.0008633981791
0.0008633980935
0.0008633976235
0.0008633977802
0.0008633972239
0.0008633970965
0.000863396236
0.0008633946913
0.0008633953019
0.0008633957864
0.0008633962539
0.0008633962412
0.000863395741
0.0008633965564
0.0008633952198
0.0008633953733
0.0008633954604
0.0008633971528
0.0008633965309
0.0008633966405
0.0008633973463
0.0008633959424
0.0008633948131
0.000863395449
0.0008633967291
0.0008633967493
0.0008633976944
0.0008633973929
0.0008633974804
0.0008633978628
0.0008633977214
0.0008633971712
0.0008633963913
0.0008633965374
0.0008633965494
0.0008633959241
0.0008633958828
0.0008633957658
0.0008633959596
0.0008633962082
0.0008633966632
0.0008633966722
0.0008633956139
0.0008633959086
0.0008633956279
0.0008633947811
0.0008633956231
0.0008633951818
0.0008633954151
0.0008633953433
0.0008633949195
0.0008633951208
0.000863395433
0.0008633946175
0.0008633959961
0.0008633965561
0.000863396329
0.0008633959829
0.0008633951708
0.0008633949121
0.0008633956406
0.0008633958805
0.000863395814
0.0008633952359
0.000863395333
0.000863396204
0.000863396676
0.000863396405
0.0008633961655
0.0008633949443
0.0008633943385
0.0008633949982
0.0008633943946
0.0008633944211
0.0008633950611
0.00086339456
0.0008633952168
0.0008633947508
0.0008633946427
0.0008633945378
0.0008633945542
0.000863394455
0.0008633940056
0.0008633941747
0.0008633943654
0.0008633934689
0.0008633941652
0.0008633935828
0.0008633941904
0.0008633938496
0.0008633942105
0.0008633941483
0.0008633946028
0.0008633947147
0.0008633948119
0.0008633948395
0.0008633941213
0.0008633944439
0.0008633938936
0.0008633944908
0.0008633942545
0.0008633946606
0.0008633942228
0.0008633941099
0.0008633954569
0.0008633947775
0.0008633946763
0.000863395219
0.0008633949928
0.0008633947108
0.0008633946257
0.0008633940934
0.0008633948212
0.00086339454
0.0008633942058
0.000863392846
0.0008633942574
0.0008633950609
0.0008633949477
0.0008633947994
0.0008633954882
0.0008633954881
0.0008633949624
0.0008633948389
0.0008633949751
0.0008633955238
0.000863395091
0.0008633952721
0.0008633954962
0.0008633952265
0.0008633962861
0.0008633962596
0.0008633958655
0.0008633961774
0.0008633959888
0.0008633954352
0.0008633957653
0.0008633951844
0.0008633955608
0.0008633952049
0.0008633954057
0.000863395369
0.0008633956365
0.0008633956718
0.0008633952743
0.000863395323
0.0008633958684
0.0008633956266
0.0008633961018
0.0008633959881
0.0008633957444
0.00086339545
0.0008633955773
0.0008633949461
0.0008633954426
0.0008633949137
0.0008633954129
0.0008633953271
0.0008633948913
0.0008633949592
0.0008633948415
0.0008633950075
0.0008633945764
0.0008633948065
0.0008633945451
0.00086339384
0.000863394805
0.0008633940566
0.0008633945528
0.0008633950525
0.0008633946627
0.0008633943868
0.0008633945922
0.0008633948367
0.0008633947903
0.0008633939827
0.0008633945227
0.0008633948399
0.0008633949628
0.0008633954102
0.0008633933939
0.0008633934088
0.0008633937246
0.0008633932386
0.0008633936998
0.0008633942079
0.0008633943446
0.0008633937206
0.0008633946028
0.0008633943204
0.0008633945709
0.000863394018
0.0008633937368
0.0008633944049
0.0008633954016
0.0008633948721
0.0008633951441
0.0008633939735
0.0008633947027
0.0008633944556
0.0008633940515
0.0008633946015
0.0008633940897
0.0008633942911
0.0008633939245
0.0008633943498
0.0008633949333
0.0008633946281
0.0008633942157
0.0008633946005
0.0008633941712
0.0008633943628
0.0008633947611
0.0008633950211
0.0008633948959
0.0008633950234
0.0008633949034
0.0008633958152
0.000863395464
0.0008633957477
0.0008633957196
0.0008633951917
0.0008633957496
0.0008633960444
0.0008633954076
0.0008633957021
0.0008633958685
0.0008633959896
0.000863395862
0.0008633952406
0.0008633947378
0.000863394932
0.0008633947163
0.0008633948258
0.0008633954179
0.0008633956328
0.0008633953086
0.0008633958894
0.0008633952282
0.0008633951526
0.0008633946161
0.0008633952143
0.0008633951622
0.0008633951658
0.000863395112
0.0008633950027
0.000863395553
0.0008633946267
0.0008633941859
0.0008633943148
0.0008633948725
0.0008633951613
0.0008633955067
0.0008633953419
0.0008633959726
0.0008633949697
0.0008633951628
0.0008633950473
0.0008633957011
0.0008633955543
0.0008633954375
0.0008633958999
0.0008633955777
0.0008633961053
0.0008633958659
0.0008633961587
0.0008633958008
0.000863396066
0.0008633961143
0.0008633957729
0.0008633957873
0.0008633956231
0.0008633952285
0.0008633949338
0.0008633946242
0.0008633947836
0.000863395204
0.0008633953166
0.0008633949344
0.0008633952015
0.0008633953507
0.0008633968172
0.0008633965617
0.0008633967366
0.0008633965882
0.0008633962065
0.0008633968585
0.0008633966673
0.0008633967356
0.0008633959446
0.0008633957075
0.0008633953298
0.000863394776
0.0008633951597
0.0008633950731
0.0008633951079
0.0008633959543
0.0008633951106
0.0008633950215
0.0008633958837
0.0008633953261
0.000863394819
0.0008633947233
0.0008633952248
0.000863394583
0.0008633952841
0.0008633956155
0.0008633955774
0.000863395597
0.0008633955115
0.0008633962251
0.0008633956519
0.0008633968464
0.0008633965797
0.0008633964162
0.0008633956084
0.0008633945195
0.0008633953385
0.0008633953013
0.0008633948789
0.0008633953742
0.0008633954542
0.0008633955539
0.0008633953674
0.0008633956162
0.0008633950035
0.000863395573
0.0008633963768
0.0008633968278
0.0008633965565
0.000863396363
0.000863396313
0.0008633962489
0.0008633959308
0.0008633954335
0.000863395937
0.000863396108
0.0008633957406
0.0008633959324
0.0008633950896
0.0008633956893
0.0008633946145
0.0008633961764
0.0008633954298
0.0008633957653
0.0008633958815
0.0008633966478
0.0008633960896
0.0008633948259
0.0008633944892
0.0008633945767
0.0008633944626
0.0008633945466
0.0008633948846
0.0008633948851
0.00086339484
0.0008633944239
0.000863394821
0.0008633948676
0.0008633949738
0.000863395376
0.0008633946119
0.0008633947325
0.0008633945355
0.0008633949811
0.0008633957178
0.0008633957187
0.0008633954124
0.0008633947008
0.0008633946605
0.0008633948402
0.0008633948772
0.000863395119
0.0008633950244
0.0008633943576
0.0008633949685
0.0008633938684
0.0008633935532
0.0008633935467
0.0008633943936
0.0008633945497
0.0008633934404
0.0008633942201
0.0008633946231
0.0008633942602
0.0008633938392
0.000863393809
0.0008633936741
0.0008633940102
0.0008633925032
0.0008633933153
0.0008633934632
0.0008633934192
0.0008633929242
0.0008633930253
0.0008633925232
0.000863392547
0.0008633925014
0.0008633935012
0.0008633928263
0.0008633929002
0.0008633934168
0.0008633933444
0.0008633932762
0.0008633935761
0.0008633925668
0.00086339345
0.0008633928622
0.0008633937001
0.0008633934627
0.0008633932236
0.0008633926806
0.000863392885
0.000863393287
0.0008633933998
0.0008633936497
0.0008633925504
0.0008633928329
0.0008633922505
0.0008633928935
0.0008633927791
0.0008633934032
0.0008633925526
0.0008633927735
0.0008633925697
0.000863392688
0.0008633919447
0.0008633921005
0.0008633913754
0.0008633919895
0.0008633919101
0.0008633921788
0.000863392783
0.000863393245
0.0008633927632
0.0008633935963
0.000863393694
0.0008633934755
0.0008633925769
0.000863393251
0.0008633931929
0.0008633930616
0.0008633932607
0.0008633933457
0.0008633932891
0.0008633933157
0.0008633934381
0.0008633943028
0.0008633938393
0.0008633939825
0.0008633941189
0.00086339449
0.0008633945552
0.0008633950808
0.0008633949967
0.0008633946161
0.0008633948228
0.0008633951694
0.0008633949
0.0008633951838
0.0008633951786
0.0008633952992
0.0008633944762
0.0008633938004
0.0008633945491
0.0008633948838
0.0008633948078
0.0008633947423
0.000863394672
0.0008633945514
0.0008633941852
0.0008633946504
0.0008633950714
0.0008633951858
0.0008633947715
0.0008633942472
0.0008633944088
0.0008633944675
0.000863394646
0.0008633949564
0.0008633947543
0.0008633947813
0.0008633942459
0.000863394543
0.0008633939717
0.0008633943357
0.0008633942464
0.0008633938403
0.0008633940066
0.0008633952437
0.0008633950461
0.0008633950771
0.0008633943781
0.0008633949444
0.0008633944573
0.0008633942348
0.0008633938039
0.0008633927464
0.000863392379
0.0008633927035
0.0008633927418
0.0008633930267
0.0008633929599
0.0008633931095
0.0008633931859
0.0008633929656
0.0008633938158
0.0008633937415
0.0008633934072
0.0008633935001
0.0008633937671
0.0008633936664
0.0008633938355
0.0008633935024
0.0008633931803
0.000863393321
0.0008633927145
0.0008633923514
0.0008633918642
0.0008633920923
0.000863392025
0.0008633928088
0.0008633931422
0.000863392675
0.0008633929426
0.0008633926493
0.0008633924076
0.0008633922385
0.0008633923916
0.0008633928245
0.0008633932126
0.0008633936398
0.0008633945312
0.0008633943458
0.0008633937697
0.0008633934802
0.0008633936438
0.0008633940617
0.0008633940277
0.0008633949135
0.0008633960148
0.0008633944006
0.0008633948851
0.0008633944728
0.0008633943338
0.0008633932612
0.0008633936251
0.0008633937313
0.0008633935444
0.0008633937497
0.0008633936532
0.0008633933279
0.0008633930699
0.0008633942594
0.0008633943567
0.0008633947714
0.0008633944299
0.0008633946657
0.000863394624
0.0008633945711
0.0008633948274
0.0008633946629
0.0008633947536
0.0008633956012
0.000863395505
0.0008633947022
0.0008633949705
0.0008633938078
0.0008633944312
0.0008633943817
0.0008633950649
0.0008633945017
0.0008633956052
0.0008633949772
0.0008633951499
0.0008633949786
0.0008633941323
0.0008633943971
0.0008633942236
0.0008633945365
0.0008633955969
0.0008633958409
0.0008633963017
0.000863395533
0.0008633952447
0.0008633953902
0.0008633957362
0.0008633956936
0.0008633960304
0.0008633960445
0.0008633951553
0.0008633952903
0.0008633952097
0.0008633950951
0.0008633943364
0.0008633935129
0.0008633939869
0.0008633944669
0.0008633941429
0.0008633934527
0.0008633942444
0.000863393748
0.0008633939761
0.0008633936929
0.0008633935134
0.0008633938857
0.0008633936599
0.0008633943179
0.0008633940205
0.0008633938792
0.0008633940993
0.0008633937416
0.0008633941497
0.0008633937106
0.0008633941523
0.0008633938559
0.0008633941032
0.0008633935169
0.0008633930109
0.0008633935255
0.0008633937725
0.0008633934441
0.0008633946557
0.0008633932419
0.0008633934336
0.0008633934149
0.0008633937201
0.000863394162
0.0008633941721
0.0008633943089
0.0008633940272
0.0008633942388
0.0008633944637
0.0008633937473
0.0008633936003
0.0008633933493
0.0008633934909
0.0008633945412
0.0008633941415
0.0008633945072
0.0008633944017
0.0008633941463
0.0008633948908
0.0008633942169
0.0008633943569
0.000863394481
0.0008633943325
0.0008633945426
0.0008633946446
0.0008633946042
0.0008633939622
0.0008633936223
0.0008633937785
0.0008633943037
0.0008633947555
0.0008633948378
0.0008633953385
0.000863395347
0.0008633953851
0.0008633948375
0.000863394775
0.0008633932018
0.0008633934975
0.000863393068
0.0008633934621
0.0008633942851
0.0008633942167
0.0008633939183
0.0008633947202
0.0008633932455
0.000863393519
0.0008633937947
0.0008633940489
0.0008633945778
0.0008633947831
0.0008633950009
0.0008633949238
0.0008633940389
0.0008633945998
0.0008633935068
0.0008633937378
0.000863394217
0.0008633929108
0.0008633920169
0.0008633923158
0.0008633921621
0.0008633933509
0.0008633938152
0.0008633944935
0.0008633925521
0.0008633931736
0.0008633936688
0.0008633931303
0.0008633932371
0.0008633927141
0.0008633936192
0.0008633937346
0.0008633937947
0.0008633940966
0.0008633940402
0.0008633939539
0.000863394885
0.0008633942793
0.0008633941448
0.0008633943921
0.0008633949419
0.0008633946847
0.0008633945455
0.0008633945893
0.0008633939614
0.0008633948353
0.0008633947714
0.0008633950249
0.0008633949207
0.0008633950486
0.0008633938663
0.0008633938559
0.0008633939896
0.00086339434
0.000863394826
0.0008633949338
0.0008633948422
0.0008633948115
0.0008633947694
0.0008633940831
0.0008633949348
0.0008633945155
0.0008633948796
0.0008633949679
0.0008633948459
0.0008633949115
0.0008633942274
0.0008633943872
0.000863394731
0.0008633954798
0.0008633954132
0.0008633957032
0.0008633951351
0.0008633954527
0.0008633956943
0.0008633955515
0.0008633952298
0.0008633952022
0.0008633951901
0.0008633949128
0.0008633942388
0.0008633948193
0.0008633946587
0.0008633942293
0.0008633951784
0.0008633949383
0.0008633950225
0.0008633953331
0.0008633951959
0.0008633945949
0.0008633946467
0.000863393721
0.0008633939648
0.0008633945091
0.0008633938502
0.0008633944412
0.0008633945782
0.0008633944357
0.0008633936269
0.0008633935684
0.0008633938192
0.0008633942669
0.0008633938314
0.0008633938023
0.0008633949133
0.000863394766
0.0008633937179
0.0008633944081
0.0008633948399
0.0008633944589
0.0008633946942
0.0008633943066
0.0008633936626
0.0008633930291
0.0008633944527
0.0008633948414
0.0008633954364
0.000863395663
0.0008633947692
0.0008633945007
0.0008633953761
0.0008633955322
0.0008633952163
0.0008633946277
0.0008633949244
0.000863395199
0.0008633952393
0.0008633947293
0.0008633952839
0.0008633944898
0.0008633955109
0.0008633961677
0.0008633953714
0.0008633958412
0.000863395856
0.0008633956509
0.0008633952534
0.0008633957918
0.0008633957576
0.0008633957294
0.0008633964699
0.0008633968576
0.0008633966901
0.0008633963029
0.0008633963509
0.0008633951954
0.0008633958449
0.000863395677
0.0008633957489
0.0008633962475
0.0008633960014
0.0008633959895
0.0008633952761
0.00086339495
0.0008633943502
0.0008633943244
0.0008633943442
0.0008633942469
0.0008633940115
0.0008633945667
0.0008633940191
0.0008633940084
0.0008633938034
0.0008633939705
0.0008633940812
0.0008633938576
0.0008633940504
0.0008633938385
0.0008633934557
0.0008633939654
0.000863394468
0.0008633944706
0.0008633940359
0.0008633943234
0.0008633938203
0.0008633937081
0.0008633936069
0.0008633939938
0.0008633935881
0.0008633939917
0.0008633944659
0.0008633934915
0.0008633942236
0.0008633946622
0.0008633941848
0.0008633943778
0.0008633943118
0.0008633941867
0.0008633943538
0.00086339429
0.0008633939203
0.0008633941941
0.0008633943178
0.0008633944304
0.0008633944461
0.0008633947246
0.0008633944028
0.0008633938075
0.0008633947545
0.0008633945717
0.0008633944683
0.0008633946345
0.0008633942837
0.0008633941031
0.0008633943717
0.0008633935932
0.0008633942625
0.0008633943324
0.0008633938696
0.0008633940171
0.0008633930788
0.0008633936794
0.000863393417
0.0008633935142
0.0008633930896
0.0008633939532
0.0008633926848
0.0008633936505
0.0008633930706
0.00086339389
0.000863392536
0.0008633937717
0.0008633937012
0.0008633936454
0.0008633941127
0.0008633944695
0.0008633949751
0.000863394263
0.0008633942196
0.0008633939077
0.0008633937239
0.0008633937791
0.0008633939511
0.0008633936917
0.0008633935428
0.0008633933936
0.0008633927736
0.0008633931274
0.0008633928634
0.0008633934624
0.0008633931376
0.0008633932344
0.0008633932909
0.0008633927682
0.0008633927954
0.0008633930351
0.0008633919432
0.0008633919707
0.0008633928876
0.0008633936946
0.0008633931025
0.0008633936346
0.0008633937884
0.000863394184
0.0008633955705
0.0008633944346
0.0008633947505
0.0008633942228
0.0008633941531
0.0008633945269
0.0008633949409
0.0008633938934
0.0008633941016
0.0008633942005
0.0008633954099
0.0008633938804
0.000863395791
0.00086339464
0.0008633945077
0.0008633943981
0.0008633959539
0.0008633957664
0.0008633954255
0.0008633941745
0.0008633952124
0.0008633953896
0.0008633954639
0.0008633948339
0.0008633953748
0.0008633954253
0.0008633961501
0.0008633952238
0.000863394462
0.0008633940585
0.0008633944271
0.0008633943741
0.000863394162
0.0008633951097
0.0008633936118
0.000863394059
0.000863393973
0.0008633941071
0.0008633938624
0.0008633946794
0.0008633939159
0.0008633945658
0.000863394338
0.0008633951184
0.0008633940225
0.000863394004
0.0008633935381
0.0008633946969
0.0008633947729
0.0008633942436
0.0008633946834
0.0008633938779
0.0008633941834
0.0008633937628
0.0008633938448
0.000863394282
0.0008633952999
0.0008633951217
0.0008633953589
0.0008633960253
0.0008633955225
0.0008633948272
0.0008633950737
0.0008633946562
0.0008633946042
0.000863394141
0.0008633946399
0.0008633944483
0.0008633938609
0.000863394331
0.0008633937425
0.0008633930051
0.0008633927994
0.0008633935244
0.0008633932814
0.0008633935247
0.0008633942386
0.0008633943187
0.000863393929
0.0008633933214
0.00086339379
0.0008633934411
0.0008633928078
0.0008633932842
0.0008633935351
0.0008633936393
0.0008633930951
0.0008633926085
0.0008633924795
0.0008633930834
0.000863392963
0.0008633932746
0.0008633932746
0.0008633927102
0.0008633933933
0.0008633931839
0.000863393377
0.0008633930933
0.0008633923399
0.0008633930225
0.0008633931468
0.0008633936777
0.0008633938748
0.0008633939392
0.0008633935606
0.0008633926335
0.0008633927956
0.0008633927108
0.0008633924707
0.0008633930086
0.0008633927357
0.0008633925788
0.0008633931673
0.000863393455
0.0008633930911
0.0008633934312
0.0008633936078
0.0008633935308
0.0008633930975
0.0008633932375
0.0008633934114
0.0008633926978
0.0008633926612
0.0008633924304
0.0008633925181
0.000863393578
0.0008633932151
0.0008633941305
0.0008633936259
0.0008633933443
0.0008633942468
0.000863394502
0.0008633948683
0.0008633930279
0.0008633928739
0.0008633926628
0.0008633927918
0.0008633930301
0.0008633924767
0.0008633924012
0.0008633927627
0.0008633934805
0.0008633928198
0.0008633929664
0.0008633932459
0.000863392942
0.0008633933606
0.0008633927237
0.000863393038
0.000863391834
0.0008633917692
0.0008633924377
0.0008633926586
0.0008633921824
0.0008633918229
0.0008633918269
0.0008633918207
0.0008633917559
0.0008633919616
0.0008633921866
0.0008633923816
0.0008633919981
0.0008633918182
0.0008633916396
0.0008633916814
0.0008633918172
0.0008633919388
0.0008633920949
0.0008633914225
0.0008633914467
0.000863391977
0.0008633915814
0.0008633922161
0.0008633920146
0.0008633919225
0.0008633917548
0.0008633919235
0.0008633920025
0.0008633920909
0.0008633928205
0.0008633910545
0.0008633920062
0.0008633917267
0.000863392326
0.0008633915716
0.0008633916272
0.0008633925485
0.0008633922574
0.000863392189
0.0008633925962
0.0008633929836
0.0008633927055
0.0008633927017
0.0008633927597
0.0008633923817
0.0008633922249
0.0008633925423
0.0008633929
0.0008633936889
0.0008633937378
0.0008633935793
0.0008633928327
0.0008633941807
0.0008633932496
0.0008633936106
0.0008633935256
0.0008633943145
0.0008633939837
0.0008633936292
0.0008633938507
0.000863393616
0.0008633941385
0.0008633936262
0.0008633938208
0.0008633941195
0.0008633944862
0.0008633947819
0.0008633947115
0.0008633949951
0.0008633942441
0.0008633941075
0.0008633946719
0.0008633940286
0.0008633936403
0.0008633932774
0.0008633935643
0.0008633942517
0.0008633943564
0.0008633939425
0.000863394314
0.0008633938847
0.0008633938073
0.0008633936609
0.000863393072
0.0008633935994
0.000863393988
0.0008633941438
0.0008633932139
0.0008633940926
0.0008633940579
0.0008633941795
0.0008633943534
0.0008633940532
0.0008633944565
0.0008633943619
0.0008633945203
0.0008633939485
0.0008633947346
0.0008633945624
0.0008633945375
0.0008633940127
0.0008633945245
0.0008633943973
0.0008633943639
0.0008633943835
0.0008633945659
0.0008633945798
0.0008633944009
0.0008633941687
0.0008633944473
0.0008633943091
0.0008633944987
0.000863394781
0.000863394934
0.0008633944439
0.0008633947733
0.0008633947009
0.0008633952742
0.0008633949134
0.0008633941517
0.0008633941941
0.0008633949184
0.0008633954301
0.0008633945888
0.0008633942913
0.0008633936517
0.0008633941338
0.0008633938897
0.0008633944318
0.0008633944858
0.0008633942347
0.0008633944661
0.0008633937049
0.0008633938018
0.000863393784
0.0008633938097
0.0008633937598
0.0008633941462
0.0008633943688
0.0008633944317
0.0008633941711
0.0008633951494
0.0008633950019
0.0008633945514
0.0008633943016
0.0008633950629
0.0008633948158
0.0008633953178
0.000863394627
0.0008633941661
0.0008633947957
0.0008633955965
0.000863394854
0.0008633937861
0.0008633940183
0.0008633946601
0.0008633938473
0.0008633946351
0.0008633950257
0.0008633947834
0.0008633942687
0.0008633939612
0.0008633938299
0.0008633943884
0.0008633939014
0.0008633937979
0.0008633935156
0.0008633936455
0.0008633939948
0.0008633928082
0.0008633932448
0.0008633940148
0.0008633941873
0.000863394257
0.0008633941369
0.0008633943799
0.0008633945117
0.0008633941593
0.0008633946703
0.000863394346
0.0008633948447
0.000863394592
0.0008633944795
0.0008633945086
0.0008633939051
0.0008633949274
0.0008633944144
0.0008633938768
0.000863394217
0.0008633939777
0.000863394768
0.0008633941322
0.0008633945747
0.0008633944216
0.0008633940698
0.0008633934083
0.0008633942034
0.0008633939368
0.0008633940332
0.0008633942385
0.0008633939789
0.0008633946324
0.0008633949003
0.0008633946007
0.0008633944329
0.0008633944185
0.0008633945833
0.0008633950171
0.0008633944711
0.0008633943514
0.0008633938004
0.0008633940209
0.0008633938496
0.000863394452
0.0008633950012
0.0008633954556
0.0008633949266
0.000863394307
0.0008633937448
0.0008633943376
0.0008633954211
0.0008633949171
0.0008633952128
0.0008633947203
0.0008633947512
0.0008633950263
0.00086339478
0.0008633947602
0.0008633946071
0.000863394792
0.0008633951169
0.0008633946748
0.0008633936158
0.0008633936265
0.0008633937269
0.0008633952592
0.0008633954597
0.0008633955266
0.0008633961126
0.0008633945648
0.0008633950842
0.0008633947168
0.0008633946847
0.0008633946207
0.0008633945446
0.0008633948045
0.0008633948034
0.0008633947393
0.0008633933691
0.0008633942319
0.0008633938584
0.0008633937532
0.0008633943567
0.000863394464
0.0008633946614
0.0008633951249
0.0008633947004
0.0008633949397
0.0008633943274
0.0008633943615
0.000863393988
0.0008633942276
0.0008633936855
0.0008633941186
0.0008633938441
0.0008633942287
0.0008633939365
0.0008633947535
0.0008633940122
0.0008633944899
0.0008633932884
0.0008633931354
0.0008633931738
0.0008633929304
0.0008633927654
0.0008633928763
0.0008633929059
0.0008633932248
0.0008633935905
0.0008633931975
0.0008633935369
0.0008633932066
0.0008633934881
0.0008633935436
0.0008633936087
0.0008633937259
0.0008633932567
0.0008633935522
0.0008633944401
0.0008633944179
0.0008633943034
0.0008633937957
0.0008633939141
0.0008633942225
0.0008633933243
0.0008633937234
0.0008633936994
0.0008633933574
0.0008633942728
0.0008633942173
0.0008633945583
0.0008633947452
0.0008633947036
0.0008633954191
0.0008633956189
0.0008633949093
0.0008633944952
0.0008633947597
0.0008633947169
0.0008633949334
0.0008633945586
0.0008633950987
0.0008633958661
0.0008633952358
0.0008633958359
0.0008633958549
0.0008633956217
0.0008633959184
0.0008633956011
0.0008633952447
0.0008633963309
0.0008633957339
0.0008633960983
0.0008633966542
0.0008633967681
0.0008633966232
0.0008633956591
0.0008633955007
0.0008633957167
0.0008633958142
0.0008633955682
0.0008633953956
0.0008633950162
0.0008633952695
0.0008633952165
0.0008633954521
0.0008633956763
0.0008633955797
0.0008633953775
0.0008633949567
0.0008633954765
0.0008633962768
0.0008633967665
0.0008633966207
0.0008633961013
0.0008633960411
0.0008633963418
0.0008633963127
0.0008633957892
0.0008633961781
0.000863395714
0.0008633963878
0.0008633968122
0.000863396659
0.0008633967034
0.000863396266
0.0008633966529
0.0008633968087
0.0008633962896
0.0008633968484
0.000863397098
0.0008633970507
0.0008633971615
0.0008633970971
0.0008633963077
0.000863396443
0.0008633964257
0.000863396096
0.0008633959374
0.0008633960129
0.0008633965841
0.0008633966561
0.0008633963985
0.0008633967525
0.0008633959536
0.0008633961095
0.0008633965489
0.000863396313
0.0008633962527
0.0008633960581
0.0008633958054
0.0008633952968
0.0008633966681
0.0008633965403
0.0008633966135
0.0008633967818
0.0008633966862
0.0008633966366
0.0008633967167
0.0008633964924
0.0008633957675
0.0008633956116
0.0008633961987
0.0008633956646
0.0008633962855
0.0008633954976
0.0008633956859
0.0008633958648
0.0008633956559
0.000863396046
0.0008633958702
0.0008633959234
0.0008633966737
0.0008633965187
0.0008633963144
0.0008633971175
0.000863396647
0.0008633965368
0.0008633966605
0.0008633958893
0.00086339569
0.0008633960649
0.0008633958678
0.0008633953285
0.0008633953846
0.0008633962946
0.0008633962659
0.0008633962291
0.0008633963869
0.0008633952061
0.0008633957918
0.0008633962158
0.0008633953611
0.0008633960562
0.0008633971468
0.0008633963106
0.0008633957929
0.0008633945816
0.0008633947293
0.0008633962863
0.0008633941817
0.0008633946938
0.0008633951439
0.0008633948419
0.0008633945865
0.0008633944479
0.0008633945913
0.0008633945093
0.0008633941764
0.000863394342
0.0008633948416
0.0008633937023
0.0008633936318
0.0008633938077
0.0008633934453
0.0008633932585
0.0008633927201
0.0008633932268
0.0008633940861
0.0008633937743
0.0008633937137
0.0008633942423
0.0008633939034
0.0008633938221
0.0008633934952
0.0008633936307
0.0008633939749
0.0008633933591
0.000863393554
0.0008633932639
0.0008633935589
0.0008633935596
0.0008633939345
0.0008633930583
0.0008633938287
0.0008633934097
0.0008633937596
0.0008633935832
0.0008633936462
0.000863393049
0.0008633929207
0.0008633941512
0.0008633941605
0.0008633931492
0.0008633929953
0.0008633933688
0.000863393744
0.0008633943482
0.000863394012
0.0008633938807
0.0008633934939
0.000863393773
0.0008633942061
0.0008633939585
0.0008633939588
0.0008633936953
0.0008633937174
0.0008633941216
0.0008633941535
0.0008633940269
0.0008633944088
0.0008633942442
0.0008633940069
0.0008633939947
0.0008633935821
0.0008633939755
0.0008633940644
0.0008633948333
0.0008633947955
0.000863394542
0.0008633945392
0.0008633952003
0.0008633951604
0.0008633954132
0.0008633940886
0.0008633943945
0.0008633951067
0.0008633952375
0.0008633956619
0.0008633957201
0.0008633950371
0.0008633952761
0.0008633956682
0.0008633959282
0.0008633956385
0.0008633958062
0.00086339533
0.0008633955796
0.0008633953743
0.0008633955362
0.0008633952739
0.0008633953529
0.0008633952712
0.0008633950523
0.0008633956075
0.0008633962922
0.0008633961079
0.0008633959394
0.0008633957234
0.0008633956285
0.0008633957438
0.0008633955443
0.0008633953075
0.0008633952319
0.0008633945381
0.0008633948012
0.0008633946639
0.0008633944777
0.0008633954734
0.0008633950024
0.0008633951624
0.0008633944487
0.0008633941048
0.0008633936644
0.0008633937911
0.0008633945853
0.0008633946903
0.0008633946998
0.0008633939473
0.000863394694
0.0008633944804
0.0008633945603
0.0008633941252
0.000863393956
0.0008633941369
0.0008633946387
0.0008633946419
0.0008633944317
0.0008633938612
0.0008633940528
0.0008633943512
0.0008633941988
0.0008633943985
0.0008633936335
0.0008633938309
0.0008633947228
0.0008633941128
0.0008633942199
0.0008633943419
0.0008633940788
0.0008633943491
0.0008633948863
0.0008633947986
0.0008633944244
0.0008633942517
0.000863394405
0.0008633946032
0.0008633940048
0.0008633937045
0.0008633939038
0.0008633944483
0.0008633945373
0.0008633942118
0.0008633938943
0.0008633931404
0.0008633926717
0.0008633940924
0.0008633943854
0.000863394079
0.0008633949299
0.0008633937972
0.0008633935908
0.0008633936314
0.0008633938224
0.0008633937558
0.0008633936565
0.0008633938943
0.0008633935815
0.0008633941966
0.0008633941852
0.0008633945074
0.0008633940885
0.0008633938343
0.0008633941619
0.0008633941516
0.0008633939592
0.0008633935379
0.0008633936667
0.0008633933676
0.0008633937644
0.0008633932229
0.0008633932773
0.0008633931217
0.0008633926112
0.0008633931177
0.0008633923492
0.0008633929283
0.0008633930448
0.0008633937978
0.0008633937761
0.0008633935303
0.0008633936436
0.0008633937291
0.0008633932236
0.0008633927868
0.0008633933147
0.0008633929406
0.0008633933902
0.0008633935606
0.0008633937988
0.0008633925773
0.0008633937381
0.0008633937392
0.0008633942225
0.0008633941194
0.0008633940062
0.0008633941902
0.0008633940574
0.0008633944967
0.0008633949702
0.0008633949555
0.0008633946491
0.0008633942439
0.0008633947097
0.0008633944244
0.0008633946423
0.0008633941672
0.000863394032
0.0008633936597
0.0008633932946
0.0008633937166
0.0008633946418
0.000863394789
0.0008633941911
0.0008633936019
0.0008633939483
0.0008633932654
0.0008633936367
0.0008633938199
0.0008633932472
0.000863393354
0.0008633938064
0.0008633932938
0.0008633943146
0.0008633936375
0.0008633938831
0.0008633936398
0.000863393316
0.0008633938343
0.0008633934672
0.0008633934088
0.0008633945464
0.0008633938364
0.0008633945894
0.000863393426
0.0008633943483
0.0008633937528
0.0008633942494
0.0008633948919
0.0008633944992
0.0008633941202
0.0008633944971
0.0008633948435
0.000863394915
0.000863394762
0.0008633943967
0.0008633949186
0.0008633944343
0.0008633943476
0.0008633946711
0.0008633939184
0.00086339425
0.0008633947034
0.0008633946869
0.0008633943177
0.00086339477
0.0008633945836
0.0008633943276
0.000863394288
0.0008633949109
0.0008633946584
0.0008633947602
0.0008633945319
0.0008633958226
0.000863396249
0.0008633957239
0.0008633949431
0.0008633951266
0.0008633949178
0.0008633956444
0.0008633958656
0.0008633961493
0.0008633955641
0.000863395295
0.0008633953009
0.0008633955757
0.0008633959058
0.0008633954334
0.0008633951332
0.0008633943141
0.0008633947276
0.0008633945014
0.0008633954602
0.0008633946285
0.0008633949397
0.0008633946325
0.0008633950319
0.0008633950698
0.0008633948432
0.0008633948531
0.0008633939778
0.0008633942966
0.0008633944302
0.0008633948595
0.0008633949497
0.0008633949021
0.0008633943679
0.0008633948901
0.0008633942423
0.0008633938863
0.0008633940489
0.0008633938078
0.0008633938211
0.0008633937981
0.0008633937339
0.000863393407
0.0008633937622
0.0008633929225
0.000863393201
0.0008633930018
0.0008633928043
0.0008633924281
0.0008633923804
0.0008633935224
0.0008633931983
0.0008633931414
0.0008633936321
0.0008633934837
0.0008633932565
0.0008633929925
0.0008633935578
0.0008633931737
0.0008633929918
0.0008633921594
0.0008633921042
0.0008633928103
0.0008633924808
0.0008633931419
0.0008633928482
0.0008633932779
0.0008633927516
0.0008633934087
0.0008633934658
0.0008633942104
0.0008633941722
0.0008633946737
0.0008633945382
0.0008633943082
0.0008633941926
0.0008633942709
0.0008633941277
0.0008633936121
0.0008633935054
0.0008633932602
0.0008633928405
0.0008633923451
0.0008633920917
0.0008633921345
0.0008633920774
0.0008633927467
0.0008633924944
0.0008633925734
0.0008633925317
0.0008633918365
0.0008633914263
0.000863391542
0.0008633913364
0.0008633916263
0.0008633915667
0.0008633920121
0.0008633916678
0.0008633915266
0.0008633914305
0.0008633911255
0.0008633926773
0.0008633927798
0.0008633920514
0.0008633926079
0.0008633912149
0.0008633917657
0.0008633912824
0.0008633916709
0.0008633918491
0.0008633923718
0.000863393984
0.0008633938578
0.0008633937291
0.0008633944911
0.00086339507
0.000863394941
0.0008633952287
0.0008633943707
0.0008633949052
0.0008633951897
0.0008633952848
0.0008633942907
0.000863394163
0.0008633945731
0.0008633948932
0.000863394178
0.0008633940322
0.0008633944137
0.0008633942082
0.0008633948506
0.0008633940927
0.0008633945107
0.0008633950825
0.0008633948606
0.0008633948924
0.0008633951118
0.0008633949602
0.0008633945508
0.0008633940909
0.000863394257
0.0008633940835
0.000863394483
0.0008633934154
0.0008633941715
0.0008633950176
0.0008633944961
0.0008633948023
0.0008633945991
0.0008633938917
0.0008633941364
0.0008633939415
0.0008633936104
0.0008633941752
0.0008633937813
0.0008633929047
0.0008633934955
0.0008633931147
0.000863393101
0.0008633929742
0.0008633930105
0.0008633924212
0.00086339339
0.0008633927231
0.0008633932917
0.0008633939195
0.0008633937574
0.000863392991
0.0008633934819
0.0008633930664
0.0008633934305
0.00086339364
0.0008633920433
0.0008633929197
0.0008633935506
0.0008633935997
0.0008633937578
0.0008633931482
0.0008633943599
0.0008633942578
0.0008633943553
0.0008633948092
0.0008633943079
0.0008633943989
0.0008633936699
0.0008633940305
0.0008633943197
0.0008633942046
0.0008633943402
0.0008633946146
0.0008633943272
0.0008633941814
0.0008633945436
0.0008633938361
0.00086339442
0.0008633944111
0.0008633944486
0.0008633944249
0.0008633927571
0.0008633938657
0.0008633937741
0.0008633941171
0.0008633941803
0.0008633942324
0.0008633937438
0.0008633935866
0.0008633938016
0.0008633937773
0.0008633935946
0.0008633931246
0.0008633935422
0.0008633932938
0.000863392924
0.0008633932971
0.0008633935132
0.0008633934384
0.0008633932418
0.0008633931359
0.0008633934767
0.000863393481
0.0008633937126
0.0008633942982
0.0008633937008
0.0008633937404
0.0008633935007
0.0008633942227
0.000863394434
0.0008633940984
0.0008633940825
0.0008633941178
0.0008633938048
0.0008633942568
0.0008633941503
0.0008633937858
0.0008633941216
0.0008633941248
0.0008633938278
0.0008633940506
0.0008633941197
0.0008633941224
0.0008633946172
0.0008633942847
0.0008633939243
0.0008633943633
0.000863394563
0.0008633944353
0.0008633943508
0.0008633949757
0.0008633946298
0.0008633949913
0.000863394638
0.0008633946993
0.0008633943091
0.0008633941955
0.0008633941387
0.0008633941068
0.0008633941753
0.0008633941671
0.0008633947153
0.0008633941889
0.0008633943487
0.0008633947265
0.0008633944352
0.0008633948053
0.0008633949792
0.0008633942138
0.0008633953134
0.0008633944149
0.0008633945737
0.0008633951687
0.0008633949812
0.0008633949101
0.0008633949995
0.0008633946964
0.000863394708
0.0008633947248
0.0008633954769
0.0008633949888
0.000863394907
0.0008633942183
0.0008633946986
0.0008633953016
0.0008633948922
0.0008633950596
0.0008633949217
0.0008633950667
0.000863394469
0.0008633945252
0.0008633948224
0.0008633952093
0.0008633951641
0.0008633947065
0.0008633945729
0.0008633935004
0.0008633938331
0.0008633946052
0.0008633944533
0.000863393797
0.000863394534
0.0008633944995
0.0008633946719
0.0008633938943
0.0008633939092
0.0008633941186
0.0008633940785
0.0008633935629
0.0008633940169
0.0008633931533
0.0008633932612
0.0008633931072
0.0008633933122
0.0008633939032
0.0008633932565
0.0008633935534
0.0008633937708
0.0008633936578
0.0008633946453
0.0008633938465
0.0008633927039
0.0008633931232
0.0008633931642
0.0008633928897
0.0008633937716
0.0008633942091
0.0008633940776
0.000863393759
0.0008633929314
0.0008633935549
0.0008633930972
0.0008633935672
0.0008633937476
0.0008633933772
0.0008633934734
0.0008633935298
0.0008633924257
0.0008633934887
0.000863393591
0.0008633932607
0.0008633929033
0.0008633933755
0.0008633932274
0.0008633932511
0.0008633925191
0.0008633927191
0.0008633926766
0.0008633928104
0.0008633928355
0.0008633925861
0.0008633927296
0.0008633928039
0.0008633928943
0.000863392782
0.0008633926048
0.0008633928535
0.0008633931355
0.0008633925317
0.0008633926274
0.0008633934497
0.0008633928833
0.0008633933894
0.0008633931119
0.0008633926246
0.0008633930313
0.0008633933994
0.000863393278
0.0008633936545
0.0008633931859
0.0008633934175
0.0008633934869
0.000863393836
0.0008633940042
0.0008633937754
0.0008633938518
0.0008633941612
0.0008633941766
0.0008633935142
0.0008633932004
0.0008633929849
0.0008633928632
0.0008633921914
0.0008633926952
0.0008633923758
0.000863392503
0.0008633928723
0.000863391354
0.0008633919324
0.0008633918116
0.0008633913378
0.0008633916075
0.0008633920251
0.0008633920189
0.0008633926489
0.0008633920385
0.0008633913699
0.000863391621
0.0008633913403
0.0008633925678
0.0008633926339
)
;

boundaryField
{
    sides
    {
        type            calculated;
        value           nonuniform List<scalar> 2(0.0008633926339 8.634e-14);
    }
    empty1
    {
        type            empty;
    }
    empty2
    {
        type            empty;
    }
}


// ************************************************************************* //
