/*--------------------------------*- C++ -*----------------------------------*\
| =========                 |                                                 |
| \\      /  F ield         | OpenFOAM: The Open Source CFD Toolbox           |
|  \\    /   O peration     | Version:  2312                                  |
|   \\  /    A nd           | Website:  www.openfoam.com                      |
|    \\/     M anipulation  |                                                 |
\*---------------------------------------------------------------------------*/
FoamFile
{
    version     2.0;
    format      ascii;
    arch        "LSB;label=32;scalar=64";
    class       volScalarField;
    location    "0.0002";
    object      cSound;
}
// * * * * * * * * * * * * * * * * * * * * * * * * * * * * * * * * * * * * * //

dimensions      [0 1 -1 0 0 0 0];

internalField   nonuniform List<scalar> 
800
(
1507.95
1507.95
1507.95
1507.95
1507.95
1507.95
1507.95
1507.95
1507.95
1507.95
1507.95
1507.95
1507.95
1507.95
1507.95
1507.95
1507.95
1507.95
1507.95
1507.95
1507.95
1507.95
1507.95
1507.95
1507.95
1507.95
1507.95
1507.95
1507.95
1507.95
1507.95
1507.95
1507.95
1507.95
1507.95
1507.95
1507.95
1507.95
1507.95
1507.95
1507.95
1507.95
1507.95
1507.95
1507.95
1507.95
1507.95
1507.95
1507.95
1507.95
1507.95
1507.95
1507.95
1507.95
1507.95
1507.95
1507.95
1507.95
1507.95
1507.95
1507.95
1507.95
1507.95
1507.95
1507.95
1507.95
1507.95
1507.95
1507.95
1507.95
1507.95
1507.95
1507.95
1507.95
1507.95
1507.95
1507.95
1507.95
1507.95
1507.95
1507.95
1507.95
1507.95
1507.95
1507.95
1507.95
1507.95
1507.95
1507.95
1507.95
1507.95
1507.95
1507.95
1507.95
1507.95
1507.95
1507.95
1507.95
1507.95
1507.95
1507.95
1507.95
1507.95
1507.95
1507.95
1507.95
1507.95
1507.95
1507.95
1507.95
1507.95
1507.95
1507.95
1507.95
1507.95
1507.95
1507.95
1507.95
1507.95
1507.95
1507.95
1507.95
1507.95
1507.95
1507.95
1507.95
1507.95
1507.95
1507.95
1507.95
1507.95
1507.95
1507.95
1507.95
1507.95
1507.95
1507.95
1507.95
1507.95
1507.94
1507.94
1507.93
1507.93
1507.92
1507.91
1507.9
1507.88
1507.86
1507.84
1507.81
1507.78
1507.74
1507.69
1507.63
1507.57
1507.5
1507.42
1507.33
1507.23
1507.12
1507
1506.87
1506.74
1506.6
1506.47
1506.34
1506.22
1506.1
1505.99
1505.88
1505.79
1505.7
1505.63
1505.56
1505.5
1505.45
1505.4
1505.36
1505.33
1505.3
1505.28
1505.26
1505.24
1505.23
1505.22
1505.21
1505.21
1505.2
1505.2
1505.19
1505.19
1505.19
1505.19
1505.19
1505.19
1505.19
1505.19
1505.19
1505.19
1505.19
1505.19
1505.19
1505.19
1505.19
1505.19
1505.19
1505.19
1505.19
1505.19
1505.19
1505.19
1505.19
1505.19
1505.19
1505.19
1505.19
1505.19
1505.19
1505.19
1505.19
1505.19
1505.19
1505.19
1505.19
1505.19
1505.19
1505.19
1505.19
1505.19
1505.19
1505.19
1505.19
1505.19
1505.19
1505.19
1505.19
1505.19
1505.19
1505.19
1505.19
1505.19
1505.19
1505.19
1505.19
1505.19
1505.19
1505.19
1505.19
1505.19
1505.19
1505.19
1505.19
1505.19
1505.19
1505.19
1505.19
1505.19
1505.19
1505.19
1505.19
1505.19
1505.19
1505.19
1505.19
1505.19
1505.19
1505.19
1505.19
1505.19
1505.19
1505.19
1505.19
1505.19
1505.19
1505.19
1505.19
1505.19
1505.19
1505.19
1505.19
1505.19
1505.19
1505.19
1505.19
1505.19
1505.19
1505.19
1505.19
1505.19
1505.19
1505.19
1505.19
1505.19
1505.19
1505.19
1505.19
1505.19
1505.19
1505.19
1505.19
1505.19
1505.19
1505.19
1505.19
1505.19
1505.19
1505.19
1505.19
1505.19
1505.19
1505.19
1505.19
1505.19
1505.19
1505.19
1505.19
1505.19
1505.19
1505.19
1505.19
1505.19
1505.19
1505.19
1505.19
1505.19
1505.19
1505.19
1505.19
1505.19
1505.19
1505.19
1505.19
1505.19
1505.19
1505.19
1505.19
1505.19
1505.19
1505.19
1505.19
1505.19
1505.19
1505.19
1505.19
1505.19
1505.19
1505.19
1505.19
1505.19
1505.19
1505.19
1505.19
1505.19
1505.19
1505.19
1505.19
1505.19
1505.19
1505.19
1505.19
1505.19
1505.19
1505.19
1505.19
1505.19
1505.19
1505.19
1505.19
1505.19
1505.19
1505.19
1505.19
1505.19
1505.19
1505.19
1505.19
1505.19
1505.19
1505.19
1505.19
1505.19
1505.19
1505.19
1505.19
1505.19
1505.19
1505.19
1505.19
1505.19
1505.19
1505.19
1505.19
1505.19
1505.19
1505.19
1505.19
1505.18
1505.19
1505.18
1505.25
1508.37
1510.35
1510.69
1510.73
1510.72
1510.72
1510.72
1510.72
1510.72
1510.72
1510.72
1510.72
1510.72
1510.72
1510.72
1510.72
1510.72
1510.72
1510.72
1510.72
1510.72
1510.72
1510.72
1510.72
1510.72
1510.72
1510.72
1510.72
1510.72
1510.72
1510.72
1510.72
1510.72
1510.72
1510.72
1510.72
1510.72
1510.72
1510.72
1510.72
1510.72
1510.72
1510.72
1510.72
1510.72
1510.72
1510.72
1510.72
1510.72
1510.72
1510.72
1510.72
1510.72
1510.72
1510.72
1510.72
1510.72
1510.72
1510.72
1510.72
1510.72
1510.72
1510.72
1510.72
1510.72
1510.72
1510.72
1510.72
1510.72
1510.72
1510.72
1510.72
1510.72
1510.72
1510.72
1510.72
1510.72
1510.72
1510.72
1510.72
1510.72
1510.72
1510.72
1510.72
1510.72
1510.72
1510.72
1510.72
1510.72
1510.72
1510.72
1510.72
1510.72
1510.72
1510.72
1510.72
1510.72
1510.72
1510.72
1510.72
1510.72
1510.72
1510.72
1510.72
1510.72
1510.72
1510.72
1510.72
1510.72
1510.72
1510.72
1510.72
1510.72
1510.72
1510.72
1510.72
1510.72
1510.72
1510.72
1510.72
1510.72
1510.72
1510.72
1510.72
1510.72
1510.72
1510.72
1510.72
1510.72
1510.72
1510.72
1510.72
1510.72
1510.72
1510.72
1510.72
1510.72
1510.72
1510.72
1510.72
1510.72
1510.72
1510.72
1510.72
1510.72
1510.72
1510.72
1510.72
1510.72
1510.72
1510.72
1510.72
1510.72
1510.72
1510.72
1510.72
1510.72
1510.72
1510.72
1510.72
1510.72
1510.72
1510.72
1510.72
1510.72
1510.72
1510.72
1510.72
1510.72
1510.72
1510.72
1510.72
1510.72
1510.72
1510.72
1510.72
1510.72
1510.72
1510.72
1510.72
1510.72
1510.72
1510.72
1510.72
1510.72
1510.72
1510.72
1510.72
1510.72
1510.72
1510.72
1510.72
1510.72
1510.72
1510.72
1510.72
1510.72
1510.72
1510.72
1510.72
1510.72
1510.72
1510.72
1510.72
1510.72
1510.72
1510.72
1510.72
1510.72
1510.71
1510.71
1510.71
1510.71
1510.7
1510.7
1510.69
1510.69
1510.68
1510.67
1510.65
1510.63
1510.61
1510.58
1510.55
1510.51
1510.47
1510.41
1510.35
1510.28
1510.2
1510.11
1510.01
1509.9
1509.78
1509.65
1509.51
1509.37
1509.23
1509.08
1508.94
1508.82
1508.7
1508.59
1508.49
1508.41
1508.33
1508.27
1508.21
1508.16
1508.12
1508.09
1508.06
1508.04
1508.02
1508.01
1507.99
1507.99
1507.98
1507.97
1507.97
1507.96
1507.96
1507.96
1507.96
1507.96
1507.96
1507.96
1507.96
1507.96
1507.96
1507.96
1507.95
1507.95
1507.95
1507.95
1507.95
1507.95
1507.95
1507.95
1507.95
1507.95
1507.95
1507.95
1507.95
1507.95
1507.95
1507.95
1507.95
1507.95
1507.95
1507.95
1507.95
1507.95
1507.95
1507.95
1507.95
1507.95
1507.95
1507.95
1507.95
1507.95
1507.95
1507.95
1507.95
1507.95
1507.95
1507.95
1507.95
1507.95
1507.95
1507.95
1507.95
1507.95
1507.95
1507.95
1507.95
1507.95
1507.95
1507.95
1507.95
1507.95
1507.95
1507.95
1507.95
1507.95
1507.95
1507.95
1507.95
1507.95
1507.95
1507.95
1507.95
1507.95
1507.95
1507.95
1507.95
1507.95
1507.95
1507.95
1507.95
1507.95
1507.95
1507.95
1507.95
1507.95
1507.95
1507.95
1507.95
1507.95
1507.95
1507.95
1507.95
1507.95
1507.95
1507.95
1507.95
1507.95
1507.95
1507.95
1507.95
1507.95
1507.95
1507.95
1507.95
1507.95
1507.95
1507.95
1507.95
1507.95
1507.95
1507.95
1507.95
1507.95
1507.95
1507.95
1507.95
1507.95
1507.95
1507.95
1507.95
1507.95
1507.95
1507.95
1507.95
1507.95
1507.95
1507.95
1507.95
1507.95
1507.95
1507.95
1507.95
1507.95
1507.95
1507.95
1507.95
1507.95
1507.95
1507.95
1507.95
)
;

boundaryField
{
    sides
    {
        type            calculated;
        value           nonuniform List<scalar> 2(1507.95 1507.95);
    }
    empty1
    {
        type            empty;
    }
    empty2
    {
        type            empty;
    }
}


// ************************************************************************* //
