/*--------------------------------*- C++ -*----------------------------------*\
| =========                 |                                                 |
| \\      /  F ield         | OpenFOAM: The Open Source CFD Toolbox           |
|  \\    /   O peration     | Version:  2312                                  |
|   \\  /    A nd           | Website:  www.openfoam.com                      |
|    \\/     M anipulation  |                                                 |
\*---------------------------------------------------------------------------*/
FoamFile
{
    version     2.0;
    format      ascii;
    arch        "LSB;label=32;scalar=64";
    class       volScalarField;
    location    "0.0002";
    object      maxKappa;
}
// * * * * * * * * * * * * * * * * * * * * * * * * * * * * * * * * * * * * * //

dimensions      [0 0 0 0 0 0 0];

internalField   nonuniform List<scalar> 
800
(
0.828937
0.828937
0.828937
0.828937
0.828937
0.828937
0.828937
0.828937
0.828937
0.828937
0.828937
0.828937
0.828937
0.828937
0.828937
0.828937
0.828937
0.828937
0.828937
0.828937
0.828937
0.828937
0.828937
0.828937
0.828937
0.828937
0.828937
0.828937
0.828937
0.828937
0.828937
0.828937
0.828937
0.828937
0.828937
0.828937
0.828937
0.828937
0.828937
0.828937
0.828937
0.828937
0.828937
0.828937
0.828937
0.828937
0.828937
0.828937
0.828937
0.828937
0.828937
0.828937
0.828937
0.828937
0.828937
0.828937
0.828937
0.828937
0.828937
0.828937
0.828937
0.828937
0.828937
0.828937
0.828937
0.828937
0.828937
0.828937
0.828937
0.828937
0.828937
0.828937
0.828937
0.828937
0.828937
0.828937
0.828937
0.828937
0.828937
0.828937
0.828937
0.828937
0.828937
0.828937
0.828937
0.828937
0.828937
0.828937
0.828937
0.828937
0.828937
0.828937
0.828937
0.828937
0.828937
0.828937
0.828937
0.828937
0.828937
0.828937
0.828937
0.828937
0.828937
0.828937
0.828937
0.828937
0.828937
0.828937
0.828937
0.828937
0.828937
0.828937
0.828937
0.828937
0.828937
0.828937
0.828937
0.828937
0.828937
0.828937
0.828937
0.828937
0.828937
0.828937
0.828937
0.828937
0.828937
0.828938
0.828938
0.828938
0.828938
0.828938
0.828938
0.828939
0.828939
0.82894
0.82894
0.828942
0.828943
0.828945
0.828947
0.82895
0.828954
0.828959
0.828965
0.828973
0.828982
0.828994
0.829008
0.829025
0.829045
0.829069
0.829097
0.829129
0.829166
0.829208
0.829255
0.829308
0.829366
0.829428
0.829496
0.829567
0.829642
0.829717
0.82979
0.82986
0.829927
0.82999
0.830049
0.830103
0.830153
0.830198
0.830238
0.830273
0.830304
0.830331
0.830355
0.830375
0.830391
0.830405
0.830417
0.830426
0.830434
0.83044
0.830445
0.830449
0.830452
0.830455
0.830457
0.830458
0.830459
0.83046
0.83046
0.830461
0.830461
0.830461
0.830462
0.830462
0.830462
0.830462
0.830462
0.830462
0.830462
0.830462
0.830462
0.830462
0.830462
0.830462
0.830462
0.830462
0.830462
0.830462
0.830462
0.830462
0.830462
0.830462
0.830462
0.830462
0.830462
0.830462
0.830462
0.830462
0.830462
0.830462
0.830462
0.830462
0.830462
0.830462
0.830462
0.830462
0.830462
0.830462
0.830462
0.830462
0.830462
0.830462
0.830462
0.830462
0.830462
0.830462
0.830462
0.830462
0.830462
0.830462
0.830462
0.830462
0.830462
0.830462
0.830462
0.830462
0.830462
0.830462
0.830462
0.830462
0.830462
0.830462
0.830462
0.830462
0.830462
0.830462
0.830462
0.830462
0.830462
0.830462
0.830462
0.830462
0.830462
0.830462
0.830462
0.830462
0.830462
0.830462
0.830462
0.830462
0.830462
0.830462
0.830462
0.830462
0.830462
0.830462
0.830462
0.830462
0.830462
0.830462
0.830462
0.830462
0.830462
0.830462
0.830462
0.830462
0.830462
0.830462
0.830462
0.830462
0.830462
0.830462
0.830462
0.830462
0.830462
0.830462
0.830462
0.830462
0.830462
0.830462
0.830462
0.830462
0.830462
0.830462
0.830462
0.830462
0.830462
0.830462
0.830462
0.830462
0.830462
0.830462
0.830462
0.830462
0.830462
0.830462
0.830462
0.830462
0.830462
0.830462
0.830462
0.830462
0.830462
0.830462
0.830462
0.830462
0.830462
0.830462
0.830462
0.830462
0.830462
0.830462
0.830462
0.830462
0.830462
0.830462
0.830462
0.830462
0.830462
0.830462
0.830462
0.830462
0.830462
0.830462
0.830462
0.830462
0.830462
0.830462
0.830462
0.830462
0.830462
0.830462
0.830462
0.830462
0.830462
0.830462
0.830462
0.830462
0.830462
0.830462
0.830462
0.830462
0.830462
0.830462
0.830462
0.830462
0.830462
0.830462
0.830462
0.830462
0.830462
0.830462
0.830462
0.830462
0.830462
0.830462
0.830462
0.830462
0.830462
0.830462
0.830462
0.830462
0.830462
0.830462
0.830462
0.830462
0.830462
0.830462
0.830462
0.830462
0.830462
0.830463
0.830464
0.830464
0.830467
0.830467
0.83041
0.828167
0.82753
0.827425
0.827419
0.827419
0.82742
0.82742
0.827421
0.827421
0.827421
0.827421
0.827421
0.827421
0.827421
0.827421
0.827421
0.827421
0.827421
0.827421
0.827421
0.827421
0.827421
0.827421
0.827421
0.827421
0.827421
0.827421
0.827421
0.827421
0.827421
0.827421
0.827421
0.827421
0.827421
0.827421
0.827421
0.827421
0.827421
0.827421
0.827421
0.827421
0.827421
0.827421
0.827421
0.827421
0.827421
0.827421
0.827421
0.827421
0.827421
0.827421
0.827421
0.827421
0.827421
0.827421
0.827421
0.827421
0.827421
0.827421
0.827421
0.827421
0.827421
0.827421
0.827421
0.827421
0.827421
0.827421
0.827421
0.827421
0.827421
0.827421
0.827421
0.827421
0.827421
0.827421
0.827421
0.827421
0.827421
0.827421
0.827421
0.827421
0.827421
0.827421
0.827421
0.827421
0.827421
0.827421
0.827421
0.827421
0.827421
0.827421
0.827421
0.827421
0.827421
0.827421
0.827421
0.827421
0.827421
0.827421
0.827421
0.827421
0.827421
0.827421
0.827421
0.827421
0.827421
0.827421
0.827421
0.827421
0.827421
0.827421
0.827421
0.827421
0.827421
0.827421
0.827421
0.827421
0.827421
0.827421
0.827421
0.827421
0.827421
0.827421
0.827421
0.827421
0.827421
0.827421
0.827421
0.827421
0.827421
0.827421
0.827421
0.827421
0.827421
0.827421
0.827421
0.827421
0.827421
0.827421
0.827421
0.827421
0.827421
0.827421
0.827421
0.827421
0.827421
0.827421
0.827421
0.827421
0.827421
0.827421
0.827421
0.827421
0.827421
0.827421
0.827421
0.827421
0.827421
0.827421
0.827421
0.827421
0.827421
0.827421
0.827421
0.827421
0.827421
0.827421
0.827421
0.827421
0.827421
0.827421
0.827421
0.827421
0.827421
0.827421
0.827421
0.827421
0.827421
0.827421
0.827421
0.827421
0.827421
0.827421
0.827421
0.827421
0.827421
0.827421
0.827421
0.827421
0.827421
0.827421
0.827421
0.827421
0.827421
0.827421
0.827421
0.827421
0.827421
0.827421
0.827421
0.827421
0.827421
0.827421
0.827421
0.827422
0.827422
0.827422
0.827423
0.827424
0.827424
0.827426
0.827427
0.827429
0.827432
0.827436
0.82744
0.827446
0.827453
0.827462
0.827473
0.827486
0.827502
0.827522
0.827545
0.827572
0.827604
0.82764
0.827681
0.827728
0.827781
0.827838
0.827902
0.82797
0.828042
0.828118
0.828198
0.828278
0.828356
0.828429
0.828497
0.828559
0.828615
0.828665
0.82871
0.828748
0.828781
0.82881
0.828834
0.828854
0.828871
0.828885
0.828896
0.828905
0.828912
0.828918
0.828923
0.828926
0.828929
0.828931
0.828933
0.828934
0.828935
0.828935
0.828936
0.828936
0.828937
0.828937
0.828937
0.828937
0.828937
0.828937
0.828937
0.828937
0.828937
0.828937
0.828937
0.828937
0.828937
0.828937
0.828937
0.828937
0.828937
0.828937
0.828937
0.828937
0.828937
0.828937
0.828937
0.828937
0.828937
0.828937
0.828937
0.828937
0.828937
0.828937
0.828937
0.828937
0.828937
0.828937
0.828937
0.828937
0.828937
0.828937
0.828937
0.828937
0.828937
0.828937
0.828937
0.828937
0.828937
0.828937
0.828937
0.828937
0.828937
0.828937
0.828937
0.828937
0.828937
0.828937
0.828937
0.828937
0.828937
0.828937
0.828937
0.828937
0.828937
0.828937
0.828937
0.828937
0.828937
0.828937
0.828937
0.828937
0.828937
0.828937
0.828937
0.828937
0.828937
0.828937
0.828937
0.828937
0.828937
0.828937
0.828937
0.828937
0.828937
0.828937
0.828937
0.828937
0.828937
0.828937
0.828937
0.828937
0.828937
0.828937
0.828937
0.828937
0.828937
0.828937
0.828937
0.828937
0.828937
0.828937
0.828937
0.828937
0.828937
0.828937
0.828937
0.828937
0.828937
0.828937
0.828937
0.828937
0.828937
0.828937
0.828937
0.828937
0.828937
0.828937
0.828937
0.828937
0.828937
0.828937
0.828937
0.828937
0.828937
0.828937
0.828937
0.828937
0.828937
0.828937
0.828937
0.828937
0.828937
0.828937
0.828937
0.828937
0.828937
0.828937
)
;

boundaryField
{
    sides
    {
        type            calculated;
        value           uniform 0;
    }
    empty1
    {
        type            empty;
    }
    empty2
    {
        type            empty;
    }
}


// ************************************************************************* //
