/*--------------------------------*- C++ -*----------------------------------*\
| =========                 |                                                 |
| \\      /  F ield         | OpenFOAM: The Open Source CFD Toolbox           |
|  \\    /   O peration     | Version:  2312                                  |
|   \\  /    A nd           | Website:  www.openfoam.com                      |
|    \\/     M anipulation  |                                                 |
\*---------------------------------------------------------------------------*/
FoamFile
{
    version     2.0;
    format      ascii;
    arch        "LSB;label=32;scalar=64";
    class       volScalarField;
    location    "0.0002";
    object      rho;
}
// * * * * * * * * * * * * * * * * * * * * * * * * * * * * * * * * * * * * * //

dimensions      [1 -3 0 0 0 0 0];

internalField   nonuniform List<scalar> 
800
(
1002.15
1002.15
1002.15
1002.15
1002.15
1002.15
1002.15
1002.15
1002.15
1002.15
1002.15
1002.15
1002.15
1002.15
1002.15
1002.15
1002.15
1002.15
1002.15
1002.15
1002.15
1002.15
1002.15
1002.15
1002.15
1002.15
1002.15
1002.15
1002.15
1002.15
1002.15
1002.15
1002.15
1002.15
1002.15
1002.15
1002.15
1002.15
1002.15
1002.15
1002.15
1002.15
1002.15
1002.15
1002.15
1002.15
1002.15
1002.15
1002.15
1002.15
1002.15
1002.15
1002.15
1002.15
1002.15
1002.15
1002.15
1002.15
1002.15
1002.15
1002.15
1002.15
1002.15
1002.15
1002.15
1002.15
1002.15
1002.15
1002.15
1002.15
1002.15
1002.15
1002.15
1002.15
1002.15
1002.15
1002.15
1002.15
1002.15
1002.15
1002.15
1002.15
1002.15
1002.15
1002.15
1002.15
1002.15
1002.15
1002.15
1002.15
1002.15
1002.15
1002.15
1002.15
1002.15
1002.15
1002.15
1002.15
1002.15
1002.15
1002.15
1002.15
1002.15
1002.15
1002.15
1002.15
1002.15
1002.15
1002.15
1002.15
1002.15
1002.15
1002.15
1002.15
1002.15
1002.15
1002.15
1002.15
1002.15
1002.15
1002.15
1002.15
1002.15
1002.15
1002.15
1002.15
1002.15
1002.15
1002.15
1002.15
1002.15
1002.15
1002.15
1002.15
1002.15
1002.15
1002.15
1002.15
1002.15
1002.14
1002.14
1002.14
1002.13
1002.13
1002.12
1002.11
1002.1
1002.08
1002.07
1002.04
1002.02
1001.99
1001.95
1001.91
1001.87
1001.81
1001.75
1001.68
1001.61
1001.53
1001.44
1001.35
1001.25
1001.15
1001.05
1000.95
1000.86
1000.77
1000.69
1000.61
1000.54
1000.47
1000.42
1000.37
1000.32
1000.28
1000.25
1000.22
1000.19
1000.17
1000.16
1000.14
1000.13
1000.12
1000.11
1000.11
1000.1
1000.1
1000.1
1000.09
1000.09
1000.09
1000.09
1000.09
1000.09
1000.09
1000.09
1000.09
1000.09
1000.09
1000.09
1000.09
1000.09
1000.09
1000.09
1000.09
1000.09
1000.09
1000.09
1000.09
1000.09
1000.09
1000.09
1000.09
1000.09
1000.09
1000.09
1000.09
1000.09
1000.09
1000.09
1000.09
1000.09
1000.09
1000.09
1000.09
1000.09
1000.09
1000.09
1000.09
1000.09
1000.09
1000.09
1000.09
1000.09
1000.09
1000.09
1000.09
1000.09
1000.09
1000.09
1000.09
1000.09
1000.09
1000.09
1000.09
1000.09
1000.09
1000.09
1000.09
1000.09
1000.09
1000.09
1000.09
1000.09
1000.09
1000.09
1000.09
1000.09
1000.09
1000.09
1000.09
1000.09
1000.09
1000.09
1000.09
1000.09
1000.09
1000.09
1000.09
1000.09
1000.09
1000.09
1000.09
1000.09
1000.09
1000.09
1000.09
1000.09
1000.09
1000.09
1000.09
1000.09
1000.09
1000.09
1000.09
1000.09
1000.09
1000.09
1000.09
1000.09
1000.09
1000.09
1000.09
1000.09
1000.09
1000.09
1000.09
1000.09
1000.09
1000.09
1000.09
1000.09
1000.09
1000.09
1000.09
1000.09
1000.09
1000.09
1000.09
1000.09
1000.09
1000.09
1000.09
1000.09
1000.09
1000.09
1000.09
1000.09
1000.09
1000.09
1000.09
1000.09
1000.09
1000.09
1000.09
1000.09
1000.09
1000.09
1000.09
1000.09
1000.09
1000.09
1000.09
1000.09
1000.09
1000.09
1000.09
1000.09
1000.09
1000.09
1000.09
1000.09
1000.09
1000.09
1000.09
1000.09
1000.09
1000.09
1000.09
1000.09
1000.09
1000.09
1000.09
1000.09
1000.09
1000.09
1000.09
1000.09
1000.09
1000.09
1000.09
1000.09
1000.09
1000.09
1000.09
1000.09
1000.09
1000.09
1000.09
1000.09
1000.09
1000.09
1000.09
1000.09
1000.09
1000.09
1000.09
1000.09
1000.09
1000.09
1000.09
1000.09
1000.09
1000.09
1000.09
1000.09
1000.09
1000.09
1000.09
1000.09
1000.09
1000.09
1000.09
1000.09
1000.09
1000.09
1000.09
1000.09
1000.09
1000.08
1000.07
1000.07
1000.07
1000.07
1000.07
1000.07
1000.07
1000.07
1000.07
1000.07
1000.07
1000.07
1000.07
1000.07
1000.07
1000.07
1000.07
1000.07
1000.07
1000.07
1000.07
1000.07
1000.07
1000.07
1000.07
1000.07
1000.07
1000.07
1000.07
1000.07
1000.07
1000.07
1000.07
1000.07
1000.07
1000.07
1000.07
1000.07
1000.07
1000.07
1000.07
1000.07
1000.07
1000.07
1000.07
1000.07
1000.07
1000.07
1000.07
1000.07
1000.07
1000.07
1000.07
1000.07
1000.07
1000.07
1000.07
1000.07
1000.07
1000.07
1000.07
1000.07
1000.07
1000.07
1000.07
1000.07
1000.07
1000.07
1000.07
1000.07
1000.07
1000.07
1000.07
1000.07
1000.07
1000.07
1000.07
1000.07
1000.07
1000.07
1000.07
1000.07
1000.07
1000.07
1000.07
1000.07
1000.07
1000.07
1000.07
1000.07
1000.07
1000.07
1000.07
1000.07
1000.07
1000.07
1000.07
1000.07
1000.07
1000.07
1000.07
1000.07
1000.07
1000.07
1000.07
1000.07
1000.07
1000.07
1000.07
1000.07
1000.07
1000.07
1000.07
1000.07
1000.07
1000.07
1000.07
1000.07
1000.07
1000.07
1000.07
1000.07
1000.07
1000.07
1000.07
1000.07
1000.07
1000.07
1000.07
1000.07
1000.07
1000.07
1000.07
1000.07
1000.07
1000.07
1000.07
1000.07
1000.07
1000.07
1000.07
1000.07
1000.07
1000.07
1000.07
1000.07
1000.07
1000.07
1000.07
1000.07
1000.07
1000.07
1000.07
1000.07
1000.07
1000.07
1000.07
1000.07
1000.07
1000.07
1000.07
1000.07
1000.07
1000.07
1000.07
1000.07
1000.07
1000.07
1000.07
1000.07
1000.07
1000.07
1000.07
1000.07
1000.07
1000.07
1000.07
1000.07
1000.07
1000.07
1000.07
1000.07
1000.07
1000.07
1000.07
1000.07
1000.07
1000.07
1000.07
1000.07
1000.07
1000.07
1000.07
1000.07
1000.07
1000.07
1000.07
1000.07
1000.07
1000.07
1000.07
1000.07
1000.07
1000.07
1000.07
1000.07
1000.07
1000.07
1000.07
1000.07
1000.06
1000.06
1000.06
1000.06
1000.05
1000.05
1000.04
1000.03
1000.02
1000.01
999.989
999.969
999.945
999.916
999.882
999.842
999.795
999.742
999.682
999.615
999.54
999.458
999.369
999.274
999.173
999.068
998.959
998.851
998.748
998.653
998.564
998.484
998.412
998.348
998.292
998.243
998.201
998.166
998.136
998.111
998.09
998.073
998.06
998.049
998.04
998.033
998.028
998.023
998.02
998.018
998.016
998.014
998.013
998.012
998.012
998.011
998.011
998.011
998.011
998.011
998.01
998.01
998.01
998.01
998.01
998.01
998.01
998.01
998.01
998.01
998.01
998.01
998.01
998.01
998.01
998.01
998.01
998.01
998.01
998.01
998.01
998.01
998.01
998.01
998.01
998.01
998.01
998.01
998.01
998.01
998.01
998.01
998.01
998.01
998.01
998.01
998.01
998.01
998.01
998.01
998.01
998.01
998.01
998.01
998.01
998.01
998.01
998.01
998.01
998.01
998.01
998.01
998.01
998.01
998.01
998.01
998.01
998.01
998.01
998.01
998.01
998.01
998.01
998.01
998.01
998.01
998.01
998.01
998.01
998.01
998.01
998.01
998.01
998.01
998.01
998.01
998.01
998.01
998.01
998.01
998.01
998.01
998.01
998.01
998.01
998.01
998.01
998.01
998.01
998.01
998.01
998.01
998.01
998.01
998.01
998.01
998.01
998.01
998.01
998.01
998.01
998.01
998.01
998.01
998.01
998.01
998.01
998.01
998.01
998.01
998.01
998.01
998.01
998.01
998.01
998.01
998.01
998.01
998.01
998.01
998.01
998.01
998.01
998.01
998.01
998.01
998.01
998.01
998.01
)
;

boundaryField
{
    sides
    {
        type            calculated;
        value           nonuniform List<scalar> 2(998.01 1002.15);
    }
    empty1
    {
        type            empty;
    }
    empty2
    {
        type            empty;
    }
}


// ************************************************************************* //
