/*--------------------------------*- C++ -*----------------------------------*\
| =========                 |                                                 |
| \\      /  F ield         | OpenFOAM: The Open Source CFD Toolbox           |
|  \\    /   O peration     | Version:  2312                                  |
|   \\  /    A nd           | Website:  www.openfoam.com                      |
|    \\/     M anipulation  |                                                 |
\*---------------------------------------------------------------------------*/
FoamFile
{
    version     2.0;
    format      ascii;
    arch        "LSB;label=32;scalar=64";
    class       volScalarField;
    location    "0.0002";
    object      rhoHat;
}
// * * * * * * * * * * * * * * * * * * * * * * * * * * * * * * * * * * * * * //

dimensions      [1 -3 0 0 0 0 0];

internalField   nonuniform List<scalar> 
800
(
997.55
997.55
997.55
997.55
997.55
997.55
997.55
997.55
997.55
997.55
997.55
997.55
997.55
997.55
997.55
997.55
997.55
997.55
997.55
997.55
997.55
997.55
997.55
997.55
997.55
997.55
997.55
997.55
997.55
997.55
997.55
997.55
997.55
997.55
997.55
997.55
997.55
997.55
997.55
997.55
997.55
997.55
997.55
997.55
997.55
997.55
997.55
997.55
997.55
997.55
997.55
997.55
997.55
997.55
997.55
997.55
997.55
997.55
997.55
997.55
997.55
997.55
997.55
997.55
997.55
997.55
997.55
997.55
997.55
997.55
997.55
997.55
997.55
997.55
997.55
997.55
997.55
997.55
997.55
997.55
997.55
997.55
997.55
997.55
997.55
997.55
997.55
997.55
997.55
997.55
997.55
997.55
997.55
997.55
997.55
997.55
997.55
997.55
997.55
997.55
997.55
997.55
997.55
997.55
997.55
997.55
997.55
997.55
997.55
997.55
997.55
997.55
997.55
997.55
997.55
997.55
997.55
997.55
997.55
997.55
997.55
997.55
997.55
997.55
997.55
997.55
997.55
997.55
997.55
997.55
997.55
997.55
997.55
997.55
997.55
997.55
997.55
997.55
997.55
997.55
997.55
997.55
997.55
997.55
997.55
997.55
997.55
997.55
997.55
997.55
997.55
997.55
997.55
997.55
997.55
997.55
997.55
997.55
997.55
997.55
997.55
997.55
997.55
997.55
997.55
997.55
997.55
997.55
997.55
997.55
997.55
997.55
997.55
997.55
997.55
997.55
997.55
997.55
997.55
997.55
997.55
997.55
997.55
997.55
997.55
997.55
997.55
997.55
997.55
997.55
997.55
997.55
997.55
997.55
997.55
997.55
997.55
997.55
997.55
997.55
997.55
997.55
997.55
997.55
997.55
997.55
997.55
997.55
997.55
997.55
997.55
997.55
997.55
997.55
997.55
997.55
997.55
997.55
997.55
997.55
997.55
997.55
997.55
997.55
997.55
997.55
997.55
997.55
997.55
997.55
997.55
997.55
997.55
997.55
997.55
997.55
997.55
997.55
997.55
997.55
997.55
997.55
997.55
997.55
997.55
997.55
997.55
997.55
997.55
997.55
997.55
997.55
997.55
997.55
997.55
997.55
997.55
997.55
997.55
997.55
997.55
997.55
997.55
997.55
997.55
997.55
997.55
997.55
997.55
997.55
997.55
997.55
997.55
997.55
997.55
997.55
997.55
997.55
997.55
997.55
997.55
997.55
997.55
997.55
997.55
997.55
997.55
997.55
997.55
997.55
997.55
997.55
997.55
997.55
997.55
997.55
997.55
997.55
997.55
997.55
997.55
997.55
997.55
997.55
997.55
997.55
997.55
997.55
997.55
997.55
997.55
997.55
997.55
997.55
997.55
997.55
997.55
997.55
997.55
997.55
997.55
997.55
997.55
997.55
997.55
997.55
997.55
997.55
997.55
997.55
997.55
997.55
997.55
997.55
997.55
997.55
997.55
997.55
997.55
997.55
997.55
997.55
997.55
997.55
997.55
997.55
997.55
997.55
997.55
997.55
997.55
997.55
997.55
997.55
997.55
997.55
997.55
997.55
997.55
997.55
997.55
997.55
997.55
997.55
997.55
997.55
997.55
997.55
997.55
997.55
997.55
997.55
997.55
997.55
997.55
997.55
997.55
997.55
997.55
997.55
997.55
997.55
997.55
997.55
997.55
997.55
997.55
997.55
997.55
997.55
997.55
997.55
997.55
997.55
997.55
997.55
997.55
997.55
997.55
997.55
997.55
997.55
997.55
997.55
997.55
997.55
997.55
997.55
997.55
997.55
997.55
997.55
997.55
997.55
997.55
997.55
997.55
997.55
997.55
997.55
997.55
997.55
997.55
997.55
997.55
997.55
997.55
997.55
997.55
997.55
997.55
997.55
997.55
997.55
997.55
997.55
997.55
997.55
997.55
997.55
997.55
997.55
997.55
997.55
997.55
997.55
997.55
997.55
997.55
997.55
997.55
997.55
997.55
997.55
997.55
997.55
997.55
997.55
997.55
997.55
997.55
997.55
997.55
997.55
997.55
997.55
997.55
997.55
997.55
997.55
997.55
997.55
997.55
997.55
997.55
997.55
997.55
997.55
997.55
997.55
997.55
997.55
997.55
997.55
997.55
997.55
997.55
997.55
997.55
997.55
997.55
997.55
997.55
997.55
997.55
997.55
997.55
997.55
997.55
997.55
997.55
997.55
997.55
997.55
997.55
997.55
997.55
997.55
997.55
997.55
997.55
997.55
997.55
997.55
997.55
997.55
997.55
997.55
997.55
997.55
997.55
997.55
997.55
997.55
997.55
997.55
997.55
997.55
997.55
997.55
997.55
997.55
997.55
997.55
997.55
997.55
997.55
997.55
997.55
997.55
997.55
997.55
997.55
997.55
997.55
997.55
997.55
997.55
997.55
997.55
997.55
997.55
997.55
997.55
997.55
997.55
997.55
997.55
997.55
997.55
997.55
997.55
997.55
997.55
997.55
997.55
997.55
997.55
997.55
997.55
997.55
997.55
997.55
997.55
997.55
997.55
997.55
997.55
997.55
997.55
997.55
997.55
997.55
997.55
997.55
997.55
997.55
997.55
997.55
997.55
997.55
997.55
997.55
997.55
997.55
997.55
997.55
997.55
997.55
997.55
997.55
997.55
997.55
997.55
997.55
997.55
997.55
997.55
997.55
997.55
997.55
997.55
997.55
997.55
997.55
997.55
997.55
997.55
997.55
997.55
997.55
997.55
997.55
997.55
997.55
997.55
997.55
997.55
997.55
997.55
997.55
997.55
997.55
997.55
997.55
997.55
997.55
997.55
997.55
997.55
997.55
997.55
997.55
997.55
997.55
997.55
997.55
997.55
997.55
997.55
997.55
997.55
997.55
997.55
997.55
997.55
997.55
997.55
997.55
997.55
997.55
997.55
997.55
997.55
997.55
997.55
997.55
997.55
997.55
997.55
997.55
997.55
997.55
997.55
997.55
997.55
997.55
997.55
997.55
997.55
997.55
997.55
997.55
997.55
997.55
997.55
997.55
997.55
997.55
997.55
997.55
997.55
997.55
997.55
997.55
997.55
997.55
997.55
997.55
997.55
997.55
997.55
997.55
997.55
997.55
997.55
997.55
997.55
997.55
997.55
997.55
997.55
997.55
997.55
997.55
997.55
997.55
997.55
997.55
997.55
997.55
997.55
997.55
997.55
997.55
997.55
997.55
997.55
997.55
997.55
997.55
997.55
997.55
997.55
997.55
997.55
997.55
997.55
997.55
997.55
997.55
997.55
997.55
997.55
997.55
997.55
997.55
997.55
997.55
997.55
997.55
997.55
997.55
997.55
997.55
997.55
997.55
997.55
997.55
997.55
997.55
997.55
997.55
997.55
997.55
997.55
997.55
997.55
997.55
997.55
997.55
997.55
997.55
997.55
997.55
997.55
997.55
997.55
997.55
997.55
997.55
997.55
997.55
997.55
997.55
997.55
997.55
997.55
997.55
997.55
997.55
997.55
997.55
997.55
997.55
997.55
997.55
997.55
997.55
997.55
)
;

boundaryField
{
    sides
    {
        type            calculated;
        value           nonuniform List<scalar> 2(997.55 997.55);
    }
    empty1
    {
        type            empty;
    }
    empty2
    {
        type            empty;
    }
}


// ************************************************************************* //
