/*--------------------------------*- C++ -*----------------------------------*\
| =========                 |                                                 |
| \\      /  F ield         | OpenFOAM: The Open Source CFD Toolbox           |
|  \\    /   O peration     | Version:  2312                                  |
|   \\  /    A nd           | Website:  www.openfoam.com                      |
|    \\/     M anipulation  |                                                 |
\*---------------------------------------------------------------------------*/
FoamFile
{
    version     2.0;
    format      ascii;
    arch        "LSB;label=32;scalar=64";
    class       volScalarField;
    location    "0.0002";
    object      T;
}
// * * * * * * * * * * * * * * * * * * * * * * * * * * * * * * * * * * * * * //

dimensions      [0 0 0 1 0 0 0];

internalField   nonuniform List<scalar> 
800
(
293
293
293
293
293
293
293
293
293
293
293
293
293
293
293
293
293
293
293
293
293
293
293
293
293
293
293
293
293
293
293
293
293
293
293
293
293
293
293
293
293
293
293
293
293
293
293
293
293
293
293
293
293
293
293
293
293
293
293
293
293
293
293
293
293
293
293
293
293
293
293
293
293
293
293
293
293
293
293
293
293
293
293
293
293
293
293
293
293
293
293
293
293
293
293
293
293
293
293
293
293
293
293
293
293
293
293
293
293
293
293
293
293
293
293
293
293
293
293
293
293
293
293
293
293
293
293
293
293
293
293
293
292.999
292.999
292.999
292.999
292.998
292.997
292.997
292.995
292.994
292.992
292.989
292.986
292.982
292.977
292.971
292.964
292.955
292.944
292.93
292.915
292.896
292.875
292.851
292.823
292.791
292.756
292.717
292.675
292.629
292.58
292.528
292.475
292.423
292.373
292.325
292.279
292.236
292.196
292.159
292.126
292.096
292.07
292.046
292.026
292.008
291.993
291.98
291.97
291.961
291.953
291.947
291.942
291.938
291.935
291.933
291.931
291.93
291.928
291.928
291.927
291.926
291.926
291.926
291.926
291.925
291.925
291.925
291.925
291.925
291.925
291.925
291.925
291.925
291.925
291.925
291.925
291.925
291.925
291.925
291.925
291.925
291.925
291.925
291.925
291.925
291.925
291.925
291.925
291.925
291.925
291.925
291.925
291.925
291.925
291.925
291.925
291.925
291.925
291.925
291.925
291.925
291.925
291.925
291.925
291.925
291.925
291.925
291.925
291.925
291.925
291.925
291.925
291.925
291.925
291.925
291.925
291.925
291.925
291.925
291.925
291.925
291.925
291.925
291.925
291.925
291.925
291.925
291.925
291.925
291.925
291.925
291.925
291.925
291.925
291.925
291.925
291.925
291.925
291.925
291.925
291.925
291.925
291.925
291.925
291.925
291.925
291.925
291.925
291.925
291.925
291.925
291.925
291.925
291.925
291.925
291.925
291.925
291.925
291.925
291.925
291.925
291.925
291.925
291.925
291.925
291.925
291.925
291.925
291.925
291.925
291.925
291.925
291.925
291.925
291.925
291.925
291.925
291.925
291.925
291.925
291.925
291.925
291.925
291.925
291.925
291.925
291.925
291.925
291.925
291.925
291.925
291.925
291.925
291.925
291.925
291.925
291.925
291.925
291.925
291.925
291.925
291.925
291.925
291.925
291.925
291.925
291.925
291.925
291.925
291.925
291.925
291.925
291.925
291.925
291.925
291.925
291.925
291.925
291.925
291.925
291.925
291.925
291.925
291.925
291.925
291.925
291.925
291.925
291.925
291.925
291.925
291.925
291.925
291.925
291.925
291.925
291.925
291.925
291.925
291.925
291.925
291.925
291.925
291.925
291.925
291.925
291.925
291.925
291.925
291.925
291.925
291.925
291.925
291.925
291.925
291.925
291.925
291.925
291.925
291.925
291.925
291.925
291.925
291.925
291.924
291.925
291.922
291.949
293.16
293.93
294.065
294.079
294.076
294.077
294.075
294.076
294.075
294.076
294.075
294.075
294.075
294.075
294.075
294.075
294.075
294.075
294.075
294.075
294.075
294.075
294.075
294.075
294.075
294.075
294.075
294.075
294.075
294.075
294.075
294.075
294.075
294.075
294.075
294.075
294.075
294.075
294.075
294.075
294.075
294.075
294.075
294.075
294.075
294.075
294.075
294.075
294.075
294.075
294.075
294.075
294.075
294.075
294.075
294.075
294.075
294.075
294.075
294.075
294.075
294.075
294.075
294.075
294.075
294.075
294.075
294.075
294.075
294.075
294.075
294.075
294.075
294.075
294.075
294.075
294.075
294.075
294.075
294.075
294.075
294.075
294.075
294.075
294.075
294.075
294.075
294.075
294.075
294.075
294.075
294.075
294.075
294.075
294.075
294.075
294.075
294.075
294.075
294.075
294.075
294.075
294.075
294.075
294.075
294.075
294.075
294.075
294.075
294.075
294.075
294.075
294.075
294.075
294.075
294.075
294.075
294.075
294.075
294.075
294.075
294.075
294.075
294.075
294.075
294.075
294.075
294.075
294.075
294.075
294.075
294.075
294.075
294.075
294.075
294.075
294.075
294.075
294.075
294.075
294.075
294.075
294.075
294.075
294.075
294.075
294.075
294.075
294.075
294.075
294.075
294.075
294.075
294.075
294.075
294.075
294.075
294.075
294.075
294.075
294.075
294.075
294.075
294.075
294.075
294.075
294.075
294.075
294.075
294.075
294.075
294.075
294.075
294.075
294.075
294.075
294.075
294.075
294.075
294.075
294.075
294.075
294.075
294.075
294.075
294.075
294.075
294.075
294.075
294.075
294.075
294.075
294.075
294.075
294.075
294.075
294.075
294.075
294.075
294.075
294.075
294.075
294.075
294.075
294.075
294.075
294.074
294.074
294.074
294.073
294.073
294.072
294.071
294.07
294.068
294.066
294.063
294.059
294.054
294.049
294.042
294.033
294.022
294.01
293.994
293.977
293.956
293.931
293.904
293.872
293.837
293.798
293.755
293.709
293.659
293.606
293.551
293.495
293.438
293.385
293.335
293.289
293.247
293.209
293.176
293.147
293.121
293.099
293.081
293.065
293.052
293.042
293.033
293.026
293.02
293.016
293.012
293.009
293.007
293.005
293.004
293.003
293.002
293.002
293.001
293.001
293.001
293
293
293
293
293
293
293
293
293
293
293
293
293
293
293
293
293
293
293
293
293
293
293
293
293
293
293
293
293
293
293
293
293
293
293
293
293
293
293
293
293
293
293
293
293
293
293
293
293
293
293
293
293
293
293
293
293
293
293
293
293
293
293
293
293
293
293
293
293
293
293
293
293
293
293
293
293
293
293
293
293
293
293
293
293
293
293
293
293
293
293
293
293
293
293
293
293
293
293
293
293
293
293
293
293
293
293
293
293
293
293
293
293
293
293
293
293
293
293
293
293
293
293
293
293
293
293
293
293
293
293
293
293
)
;

boundaryField
{
    sides
    {
        type            zeroGradient;
    }
    empty1
    {
        type            empty;
    }
    empty2
    {
        type            empty;
    }
}


// ************************************************************************* //
