/*--------------------------------*- C++ -*----------------------------------*\
| =========                 |                                                 |
| \\      /  F ield         | OpenFOAM: The Open Source CFD Toolbox           |
|  \\    /   O peration     | Version:  2312                                  |
|   \\  /    A nd           | Website:  www.openfoam.com                      |
|    \\/     M anipulation  |                                                 |
\*---------------------------------------------------------------------------*/
FoamFile
{
    version     2.0;
    format      ascii;
    arch        "LSB;label=32;scalar=64";
    class       volScalarField;
    location    "0.0001";
    object      minKappa;
}
// * * * * * * * * * * * * * * * * * * * * * * * * * * * * * * * * * * * * * //

dimensions      [0 0 0 0 0 0 0];

internalField   nonuniform List<scalar> 
800
(
0.828782
0.828782
0.828782
0.828782
0.828782
0.828782
0.828782
0.828782
0.828782
0.828782
0.828782
0.828782
0.828782
0.828782
0.828782
0.828782
0.828782
0.828782
0.828782
0.828782
0.828782
0.828782
0.828782
0.828782
0.828782
0.828782
0.828782
0.828782
0.828782
0.828782
0.828782
0.828782
0.828782
0.828782
0.828782
0.828782
0.828782
0.828782
0.828782
0.828782
0.828782
0.828782
0.828782
0.828782
0.828782
0.828782
0.828782
0.828782
0.828782
0.828782
0.828782
0.828782
0.828782
0.828782
0.828782
0.828782
0.828782
0.828782
0.828782
0.828782
0.828782
0.828782
0.828782
0.828782
0.828782
0.828782
0.828782
0.828782
0.828782
0.828782
0.828782
0.828782
0.828782
0.828782
0.828782
0.828782
0.828782
0.828782
0.828782
0.828782
0.828782
0.828782
0.828782
0.828782
0.828782
0.828782
0.828782
0.828782
0.828782
0.828782
0.828782
0.828782
0.828782
0.828782
0.828782
0.828782
0.828782
0.828782
0.828782
0.828782
0.828782
0.828782
0.828782
0.828782
0.828782
0.828782
0.828782
0.828782
0.828782
0.828782
0.828782
0.828782
0.828782
0.828782
0.828782
0.828782
0.828782
0.828782
0.828782
0.828782
0.828782
0.828782
0.828782
0.828782
0.828782
0.828782
0.828782
0.828782
0.828782
0.828782
0.828782
0.828782
0.828782
0.828782
0.828782
0.828782
0.828782
0.828782
0.828782
0.828782
0.828782
0.828782
0.828782
0.828782
0.828782
0.828782
0.828782
0.828782
0.828782
0.828782
0.828782
0.828782
0.828782
0.828782
0.828782
0.828782
0.828782
0.828782
0.828782
0.828782
0.828782
0.828782
0.828782
0.828782
0.828782
0.828782
0.828782
0.828782
0.828782
0.828782
0.828782
0.828782
0.828782
0.828782
0.828782
0.828782
0.828782
0.828782
0.828782
0.828782
0.828782
0.828782
0.828782
0.828782
0.828782
0.828782
0.828782
0.828782
0.828782
0.828782
0.828782
0.828782
0.828782
0.828782
0.828782
0.828782
0.828782
0.828782
0.828782
0.828782
0.828782
0.828782
0.828782
0.828782
0.828782
0.828782
0.828782
0.828782
0.828782
0.828782
0.828782
0.828782
0.828782
0.828782
0.828782
0.828782
0.828782
0.828782
0.828782
0.828782
0.828782
0.828782
0.828782
0.828782
0.828782
0.828782
0.828782
0.828782
0.828782
0.828782
0.828782
0.828782
0.828782
0.828782
0.828782
0.828782
0.828782
0.828782
0.828782
0.828782
0.828782
0.828782
0.828782
0.828782
0.828782
0.828782
0.828782
0.828782
0.828782
0.828782
0.828782
0.828782
0.828782
0.828782
0.828782
0.828782
0.828783
0.828783
0.828783
0.828783
0.828784
0.828784
0.828785
0.828787
0.828789
0.828792
0.828796
0.828802
0.828809
0.828819
0.828833
0.828851
0.828874
0.828903
0.828939
0.828983
0.829036
0.8291
0.829173
0.829257
0.82935
0.829452
0.829559
0.829659
0.829754
0.829841
0.82992
0.82999
0.830051
0.830104
0.830147
0.830184
0.830213
0.830237
0.830255
0.830269
0.83028
0.830288
0.830293
0.830298
0.830301
0.830303
0.830304
0.830305
0.830306
0.830306
0.830306
0.830306
0.830307
0.830307
0.830307
0.830307
0.830307
0.830307
0.830307
0.830307
0.830307
0.830307
0.830307
0.830307
0.830307
0.830307
0.830307
0.830307
0.830307
0.830307
0.830307
0.830307
0.830307
0.830307
0.830307
0.830307
0.830307
0.830307
0.830307
0.830307
0.830307
0.830307
0.830307
0.830307
0.830307
0.830307
0.830307
0.830307
0.830307
0.830307
0.830307
0.830307
0.830307
0.830307
0.830307
0.830307
0.830307
0.830307
0.830307
0.830307
0.830307
0.830307
0.830307
0.830307
0.830307
0.830307
0.830307
0.830307
0.830307
0.830307
0.830307
0.830307
0.830307
0.830307
0.830307
0.830307
0.830307
0.830307
0.830307
0.830307
0.830307
0.830307
0.830307
0.830307
0.830307
0.830307
0.830307
0.830307
0.830307
0.830307
0.830307
0.830307
0.830307
0.830307
0.830307
0.830307
0.830307
0.830307
0.830307
0.830307
0.830308
0.830307
0.830307
0.830228
0.82766
0.827305
0.827261
0.82726
0.82726
0.827263
0.827263
0.827264
0.827264
0.827265
0.827265
0.827265
0.827265
0.827266
0.827266
0.827266
0.827266
0.827266
0.827266
0.827266
0.827266
0.827266
0.827266
0.827266
0.827266
0.827266
0.827266
0.827266
0.827266
0.827266
0.827266
0.827266
0.827266
0.827266
0.827266
0.827266
0.827266
0.827266
0.827266
0.827266
0.827266
0.827266
0.827266
0.827266
0.827266
0.827266
0.827266
0.827266
0.827266
0.827266
0.827266
0.827266
0.827266
0.827266
0.827266
0.827266
0.827266
0.827266
0.827266
0.827266
0.827266
0.827266
0.827266
0.827266
0.827266
0.827266
0.827266
0.827266
0.827266
0.827266
0.827266
0.827266
0.827266
0.827266
0.827266
0.827266
0.827266
0.827266
0.827266
0.827266
0.827266
0.827266
0.827266
0.827266
0.827266
0.827266
0.827266
0.827266
0.827266
0.827266
0.827266
0.827266
0.827266
0.827266
0.827267
0.827267
0.827267
0.827267
0.827268
0.827269
0.827271
0.827273
0.827276
0.827281
0.827287
0.827295
0.827307
0.827322
0.827342
0.827368
0.8274
0.827439
0.827488
0.827546
0.827613
0.827691
0.827778
0.827874
0.827978
0.828087
0.828195
0.828294
0.828382
0.828459
0.828525
0.82858
0.828626
0.828663
0.828692
0.828715
0.828733
0.828746
0.828757
0.828764
0.828769
0.828773
0.828776
0.828778
0.82878
0.82878
0.828781
0.828782
0.828782
0.828782
0.828782
0.828782
0.828782
0.828782
0.828782
0.828782
0.828782
0.828782
0.828782
0.828782
0.828782
0.828782
0.828782
0.828782
0.828782
0.828782
0.828782
0.828782
0.828782
0.828782
0.828782
0.828782
0.828782
0.828782
0.828782
0.828782
0.828782
0.828782
0.828782
0.828782
0.828782
0.828782
0.828782
0.828782
0.828782
0.828782
0.828782
0.828782
0.828782
0.828782
0.828782
0.828782
0.828782
0.828782
0.828782
0.828782
0.828782
0.828782
0.828782
0.828782
0.828782
0.828782
0.828782
0.828782
0.828782
0.828782
0.828782
0.828782
0.828782
0.828782
0.828782
0.828782
0.828782
0.828782
0.828782
0.828782
0.828782
0.828782
0.828782
0.828782
0.828782
0.828782
0.828782
0.828782
0.828782
0.828782
0.828782
0.828782
0.828782
0.828782
0.828782
0.828782
0.828782
0.828782
0.828782
0.828782
0.828782
0.828782
0.828782
0.828782
0.828782
0.828782
0.828782
0.828782
0.828782
0.828782
0.828782
0.828782
0.828782
0.828782
0.828782
0.828782
0.828782
0.828782
0.828782
0.828782
0.828782
0.828782
0.828782
0.828782
0.828782
0.828782
0.828782
0.828782
0.828782
0.828782
0.828782
0.828782
0.828782
0.828782
0.828782
0.828782
0.828782
0.828782
0.828782
0.828782
0.828782
0.828782
0.828782
0.828782
0.828782
0.828782
0.828782
0.828782
0.828782
0.828782
0.828782
0.828782
0.828782
0.828782
0.828782
0.828782
0.828782
0.828782
0.828782
0.828782
0.828782
0.828782
0.828782
0.828782
0.828782
0.828782
0.828782
0.828782
0.828782
0.828782
0.828782
0.828782
0.828782
0.828782
0.828782
0.828782
0.828782
0.828782
0.828782
0.828782
0.828782
0.828782
0.828782
0.828782
0.828782
0.828782
0.828782
0.828782
0.828782
0.828782
0.828782
0.828782
0.828782
0.828782
0.828782
0.828782
0.828782
0.828782
0.828782
0.828782
0.828782
0.828782
0.828782
0.828782
0.828782
0.828782
0.828782
0.828782
0.828782
0.828782
0.828782
0.828782
0.828782
0.828782
0.828782
0.828782
0.828782
0.828782
0.828782
0.828782
0.828782
0.828782
0.828782
0.828782
0.828782
0.828782
0.828782
0.828782
0.828782
0.828782
0.828782
0.828782
0.828782
0.828782
0.828782
0.828782
0.828782
0.828782
0.828782
0.828782
0.828782
0.828782
0.828782
0.828782
0.828782
0.828782
0.828782
0.828782
0.828782
0.828782
0.828782
0.828782
0.828782
0.828782
0.828782
0.828782
0.828782
0.828782
0.828782
0.828782
0.828782
0.828782
0.828782
0.828782
0.828782
0.828782
0.828782
0.828782
0.828782
0.828782
)
;

boundaryField
{
    sides
    {
        type            calculated;
        value           uniform 0;
    }
    empty1
    {
        type            empty;
    }
    empty2
    {
        type            empty;
    }
}


// ************************************************************************* //
