/*--------------------------------*- C++ -*----------------------------------*\
| =========                 |                                                 |
| \\      /  F ield         | OpenFOAM: The Open Source CFD Toolbox           |
|  \\    /   O peration     | Version:  2312                                  |
|   \\  /    A nd           | Website:  www.openfoam.com                      |
|    \\/     M anipulation  |                                                 |
\*---------------------------------------------------------------------------*/
FoamFile
{
    version     2.0;
    format      ascii;
    arch        "LSB;label=32;scalar=64";
    class       volScalarField;
    location    "0.0001";
    object      rho;
}
// * * * * * * * * * * * * * * * * * * * * * * * * * * * * * * * * * * * * * //

dimensions      [1 -3 0 0 0 0 0];

internalField   nonuniform List<scalar> 
800
(
1002.15
1002.15
1002.15
1002.15
1002.15
1002.15
1002.15
1002.15
1002.15
1002.15
1002.15
1002.15
1002.15
1002.15
1002.15
1002.15
1002.15
1002.15
1002.15
1002.15
1002.15
1002.15
1002.15
1002.15
1002.15
1002.15
1002.15
1002.15
1002.15
1002.15
1002.15
1002.15
1002.15
1002.15
1002.15
1002.15
1002.15
1002.15
1002.15
1002.15
1002.15
1002.15
1002.15
1002.15
1002.15
1002.15
1002.15
1002.15
1002.15
1002.15
1002.15
1002.15
1002.15
1002.15
1002.15
1002.15
1002.15
1002.15
1002.15
1002.15
1002.15
1002.15
1002.15
1002.15
1002.15
1002.15
1002.15
1002.15
1002.15
1002.15
1002.15
1002.15
1002.15
1002.15
1002.15
1002.15
1002.15
1002.15
1002.15
1002.15
1002.15
1002.15
1002.15
1002.15
1002.15
1002.15
1002.15
1002.15
1002.15
1002.15
1002.15
1002.15
1002.15
1002.15
1002.15
1002.15
1002.15
1002.15
1002.15
1002.15
1002.15
1002.15
1002.15
1002.15
1002.15
1002.15
1002.15
1002.15
1002.15
1002.15
1002.15
1002.15
1002.15
1002.15
1002.15
1002.15
1002.15
1002.15
1002.15
1002.15
1002.15
1002.15
1002.15
1002.15
1002.15
1002.15
1002.15
1002.15
1002.15
1002.15
1002.15
1002.15
1002.15
1002.15
1002.15
1002.15
1002.15
1002.15
1002.15
1002.15
1002.15
1002.15
1002.15
1002.15
1002.15
1002.15
1002.15
1002.15
1002.15
1002.15
1002.15
1002.15
1002.15
1002.15
1002.15
1002.15
1002.15
1002.15
1002.15
1002.15
1002.15
1002.15
1002.15
1002.15
1002.15
1002.15
1002.15
1002.15
1002.15
1002.15
1002.15
1002.15
1002.15
1002.15
1002.15
1002.15
1002.15
1002.15
1002.15
1002.15
1002.15
1002.15
1002.15
1002.15
1002.15
1002.15
1002.15
1002.15
1002.15
1002.15
1002.15
1002.15
1002.15
1002.15
1002.15
1002.15
1002.15
1002.15
1002.15
1002.15
1002.15
1002.15
1002.15
1002.15
1002.15
1002.15
1002.15
1002.15
1002.15
1002.15
1002.15
1002.15
1002.15
1002.15
1002.15
1002.15
1002.15
1002.15
1002.15
1002.15
1002.15
1002.15
1002.15
1002.15
1002.15
1002.15
1002.15
1002.15
1002.15
1002.15
1002.15
1002.15
1002.15
1002.15
1002.15
1002.15
1002.15
1002.15
1002.15
1002.15
1002.15
1002.15
1002.15
1002.15
1002.15
1002.15
1002.15
1002.15
1002.15
1002.15
1002.15
1002.15
1002.15
1002.15
1002.15
1002.15
1002.15
1002.15
1002.15
1002.15
1002.15
1002.15
1002.15
1002.14
1002.14
1002.14
1002.13
1002.12
1002.11
1002.09
1002.07
1002.04
1002.01
1001.96
1001.91
1001.84
1001.76
1001.67
1001.56
1001.44
1001.31
1001.17
1001.03
1000.9
1000.77
1000.66
1000.56
1000.47
1000.4
1000.33
1000.28
1000.23
1000.2
1000.17
1000.15
1000.13
1000.12
1000.11
1000.1
1000.1
1000.1
1000.09
1000.09
1000.09
1000.09
1000.09
1000.09
1000.09
1000.09
1000.09
1000.09
1000.09
1000.09
1000.09
1000.09
1000.09
1000.09
1000.09
1000.09
1000.09
1000.09
1000.09
1000.09
1000.09
1000.09
1000.09
1000.09
1000.09
1000.09
1000.09
1000.09
1000.09
1000.09
1000.09
1000.09
1000.09
1000.09
1000.09
1000.09
1000.09
1000.09
1000.09
1000.09
1000.09
1000.09
1000.09
1000.09
1000.09
1000.09
1000.09
1000.09
1000.09
1000.09
1000.09
1000.09
1000.09
1000.09
1000.09
1000.09
1000.09
1000.09
1000.09
1000.09
1000.09
1000.09
1000.09
1000.09
1000.09
1000.09
1000.09
1000.09
1000.09
1000.09
1000.09
1000.09
1000.09
1000.09
1000.09
1000.09
1000.09
1000.09
1000.09
1000.09
1000.09
1000.09
1000.09
1000.09
1000.09
1000.09
1000.09
1000.09
1000.09
1000.09
1000.09
1000.09
1000.09
1000.09
1000.09
1000.09
1000.09
1000.07
1000.07
1000.07
1000.07
1000.07
1000.07
1000.07
1000.07
1000.07
1000.07
1000.07
1000.07
1000.07
1000.07
1000.07
1000.07
1000.07
1000.07
1000.07
1000.07
1000.07
1000.07
1000.07
1000.07
1000.07
1000.07
1000.07
1000.07
1000.07
1000.07
1000.07
1000.07
1000.07
1000.07
1000.07
1000.07
1000.07
1000.07
1000.07
1000.07
1000.07
1000.07
1000.07
1000.07
1000.07
1000.07
1000.07
1000.07
1000.07
1000.07
1000.07
1000.07
1000.07
1000.07
1000.07
1000.07
1000.07
1000.07
1000.07
1000.07
1000.07
1000.07
1000.07
1000.07
1000.07
1000.07
1000.07
1000.07
1000.07
1000.07
1000.07
1000.07
1000.07
1000.07
1000.07
1000.07
1000.07
1000.07
1000.07
1000.07
1000.07
1000.07
1000.07
1000.07
1000.07
1000.07
1000.07
1000.07
1000.07
1000.07
1000.07
1000.07
1000.07
1000.07
1000.07
1000.07
1000.07
1000.07
1000.07
1000.06
1000.06
1000.06
1000.05
1000.05
1000.04
1000.02
1000
999.979
999.948
999.908
999.859
999.799
999.726
999.641
999.542
999.431
999.306
999.171
999.027
998.878
998.738
998.611
998.498
998.401
998.319
998.251
998.195
998.15
998.115
998.088
998.067
998.051
998.039
998.031
998.025
998.02
998.017
998.015
998.013
998.012
998.012
998.011
998.011
998.011
998.01
998.01
998.01
998.01
998.01
998.01
998.01
998.01
998.01
998.01
998.01
998.01
998.01
998.01
998.01
998.01
998.01
998.01
998.01
998.01
998.01
998.01
998.01
998.01
998.01
998.01
998.01
998.01
998.01
998.01
998.01
998.01
998.01
998.01
998.01
998.01
998.01
998.01
998.01
998.01
998.01
998.01
998.01
998.01
998.01
998.01
998.01
998.01
998.01
998.01
998.01
998.01
998.01
998.01
998.01
998.01
998.01
998.01
998.01
998.01
998.01
998.01
998.01
998.01
998.01
998.01
998.01
998.01
998.01
998.01
998.01
998.01
998.01
998.01
998.01
998.01
998.01
998.01
998.01
998.01
998.01
998.01
998.01
998.01
998.01
998.01
998.01
998.01
998.01
998.01
998.01
998.01
998.01
998.01
998.01
998.01
998.01
998.01
998.01
998.01
998.01
998.01
998.01
998.01
998.01
998.01
998.01
998.01
998.01
998.01
998.01
998.01
998.01
998.01
998.01
998.01
998.01
998.01
998.01
998.01
998.01
998.01
998.01
998.01
998.01
998.01
998.01
998.01
998.01
998.01
998.01
998.01
998.01
998.01
998.01
998.01
998.01
998.01
998.01
998.01
998.01
998.01
998.01
998.01
998.01
998.01
998.01
998.01
998.01
998.01
998.01
998.01
998.01
998.01
998.01
998.01
998.01
998.01
998.01
998.01
998.01
998.01
998.01
998.01
998.01
998.01
998.01
998.01
998.01
998.01
998.01
998.01
998.01
998.01
998.01
998.01
998.01
998.01
998.01
998.01
998.01
998.01
998.01
998.01
998.01
998.01
998.01
998.01
998.01
998.01
998.01
998.01
998.01
998.01
998.01
998.01
998.01
998.01
998.01
998.01
998.01
998.01
998.01
998.01
998.01
998.01
998.01
998.01
998.01
998.01
998.01
998.01
998.01
998.01
998.01
998.01
998.01
998.01
998.01
998.01
998.01
998.01
998.01
998.01
998.01
998.01
998.01
998.01
998.01
998.01
998.01
998.01
998.01
998.01
998.01
998.01
998.01
998.01
998.01
998.01
998.01
998.01
998.01
998.01
998.01
998.01
998.01
998.01
998.01
998.01
998.01
998.01
998.01
998.01
998.01
998.01
)
;

boundaryField
{
    sides
    {
        type            calculated;
        value           nonuniform List<scalar> 2(998.01 1002.15);
    }
    empty1
    {
        type            empty;
    }
    empty2
    {
        type            empty;
    }
}


// ************************************************************************* //
