/*--------------------------------*- C++ -*----------------------------------*\
| =========                 |                                                 |
| \\      /  F ield         | OpenFOAM: The Open Source CFD Toolbox           |
|  \\    /   O peration     | Version:  2312                                  |
|   \\  /    A nd           | Website:  www.openfoam.com                      |
|    \\/     M anipulation  |                                                 |
\*---------------------------------------------------------------------------*/
FoamFile
{
    version     2.0;
    format      ascii;
    arch        "LSB;label=32;scalar=64";
    class       volScalarField;
    location    "0.0001";
    object      T;
}
// * * * * * * * * * * * * * * * * * * * * * * * * * * * * * * * * * * * * * //

dimensions      [0 0 0 1 0 0 0];

internalField   nonuniform List<scalar> 
800
(
293
293
293
293
293
293
293
293
293
293
293
293
293
293
293
293
293
293
293
293
293
293
293
293
293
293
293
293
293
293
293
293
293
293
293
293
293
293
293
293
293
293
293
293
293
293
293
293
293
293
293
293
293
293
293
293
293
293
293
293
293
293
293
293
293
293
293
293
293
293
293
293
293
293
293
293
293
293
293
293
293
293
293
293
293
293
293
293
293
293
293
293
293
293
293
293
293
293
293
293
293
293
293
293
293
293
293
293
293
293
293
293
293
293
293
293
293
293
293
293
293
293
293
293
293
293
293
293
293
293
293
293
293
293
293
293
293
293
293
293
293
293
293
293
293
293
293
293
293
293
293
293
293
293
293
293
293
293
293
293
293
293
293
293
293
293
293
293
293
293
293
293
293
293
293
293
293
293
293
293
293
293
293
293
293
293
293
293
293
293
293
293
293
293
293
293
293
293
293
293
293
293
293
293
293
293
293
293
293
293
293
293
293
293
293
293
293
293
293
293
293
293
293
293
293
293
293
293
293
293
293
293
293
293
293
293
293
293
293
293
293
293
293
293
293
293
293
293
293
293
293
293
293
293
293
293
293
293
292.999
292.999
292.999
292.998
292.997
292.996
292.994
292.992
292.988
292.983
292.977
292.968
292.957
292.943
292.924
292.901
292.872
292.838
292.796
292.748
292.693
292.63
292.561
292.488
292.415
292.346
292.282
292.224
292.171
292.125
292.085
292.051
292.023
292
291.982
291.967
291.956
291.947
291.941
291.936
291.933
291.93
291.929
291.927
291.927
291.926
291.926
291.926
291.925
291.925
291.925
291.925
291.925
291.925
291.925
291.925
291.925
291.925
291.925
291.925
291.925
291.925
291.925
291.925
291.925
291.925
291.925
291.925
291.925
291.925
291.925
291.925
291.925
291.925
291.925
291.925
291.925
291.925
291.925
291.925
291.925
291.925
291.925
291.925
291.925
291.925
291.925
291.925
291.925
291.925
291.925
291.925
291.925
291.925
291.925
291.925
291.925
291.925
291.925
291.925
291.925
291.925
291.925
291.925
291.925
291.925
291.925
291.925
291.925
291.925
291.925
291.925
291.925
291.925
291.925
291.925
291.925
291.925
291.925
291.925
291.925
291.925
291.925
291.925
291.925
291.925
291.925
291.925
291.925
291.925
291.925
291.925
291.925
291.925
291.925
291.925
291.925
291.925
291.924
291.925
291.921
291.96
293.574
294.017
294.077
294.08
294.076
294.077
294.075
294.076
294.075
294.076
294.075
294.075
294.075
294.075
294.075
294.075
294.075
294.075
294.075
294.075
294.075
294.075
294.075
294.075
294.075
294.075
294.075
294.075
294.075
294.075
294.075
294.075
294.075
294.075
294.075
294.075
294.075
294.075
294.075
294.075
294.075
294.075
294.075
294.075
294.075
294.075
294.075
294.075
294.075
294.075
294.075
294.075
294.075
294.075
294.075
294.075
294.075
294.075
294.075
294.075
294.075
294.075
294.075
294.075
294.075
294.075
294.075
294.075
294.075
294.075
294.075
294.075
294.075
294.075
294.075
294.075
294.075
294.075
294.075
294.075
294.075
294.075
294.075
294.075
294.075
294.075
294.075
294.075
294.075
294.075
294.075
294.075
294.075
294.075
294.075
294.074
294.074
294.074
294.073
294.072
294.071
294.069
294.066
294.062
294.057
294.05
294.04
294.027
294.011
293.99
293.965
293.933
293.895
293.851
293.799
293.741
293.676
293.605
293.53
293.453
293.379
293.313
293.254
293.204
293.161
293.125
293.096
293.073
293.055
293.04
293.029
293.021
293.015
293.011
293.007
293.005
293.004
293.002
293.002
293.001
293.001
293
293
293
293
293
293
293
293
293
293
293
293
293
293
293
293
293
293
293
293
293
293
293
293
293
293
293
293
293
293
293
293
293
293
293
293
293
293
293
293
293
293
293
293
293
293
293
293
293
293
293
293
293
293
293
293
293
293
293
293
293
293
293
293
293
293
293
293
293
293
293
293
293
293
293
293
293
293
293
293
293
293
293
293
293
293
293
293
293
293
293
293
293
293
293
293
293
293
293
293
293
293
293
293
293
293
293
293
293
293
293
293
293
293
293
293
293
293
293
293
293
293
293
293
293
293
293
293
293
293
293
293
293
293
293
293
293
293
293
293
293
293
293
293
293
293
293
293
293
293
293
293
293
293
293
293
293
293
293
293
293
293
293
293
293
293
293
293
293
293
293
293
293
293
293
293
293
293
293
293
293
293
293
293
293
293
293
293
293
293
293
293
293
293
293
293
293
293
293
293
293
293
293
293
293
293
293
293
293
293
293
293
293
293
293
293
293
293
293
293
293
293
293
293
293
293
293
293
293
293
293
293
293
293
293
293
293
293
293
293
293
293
293
293
293
293
293
293
293
293
293
293
293
293
293
293
293
293
293
)
;

boundaryField
{
    sides
    {
        type            zeroGradient;
    }
    empty1
    {
        type            empty;
    }
    empty2
    {
        type            empty;
    }
}


// ************************************************************************* //
