/*--------------------------------*- C++ -*----------------------------------*\
| =========                 |                                                 |
| \\      /  F ield         | OpenFOAM: The Open Source CFD Toolbox           |
|  \\    /   O peration     | Version:  2312                                  |
|   \\  /    A nd           | Website:  www.openfoam.com                      |
|    \\/     M anipulation  |                                                 |
\*---------------------------------------------------------------------------*/
FoamFile
{
    version     2.0;
    format      ascii;
    arch        "LSB;label=32;scalar=64";
    class       volScalarField;
    location    "0.0001";
    object      thermo:psiLiqEff;
}
// * * * * * * * * * * * * * * * * * * * * * * * * * * * * * * * * * * * * * //

dimensions      [-2 4 2 0 0 0 0];

internalField   nonuniform List<scalar> 
800
(
4.58242e-13
4.58242e-13
4.58242e-13
4.58242e-13
4.58242e-13
4.58242e-13
4.58242e-13
4.58242e-13
4.58242e-13
4.58242e-13
4.58242e-13
4.58242e-13
4.58242e-13
4.58242e-13
4.58242e-13
4.58242e-13
4.58242e-13
4.58242e-13
4.58242e-13
4.58242e-13
4.58242e-13
4.58242e-13
4.58242e-13
4.58242e-13
4.58242e-13
4.58242e-13
4.58242e-13
4.58242e-13
4.58242e-13
4.58242e-13
4.58242e-13
4.58242e-13
4.58242e-13
4.58242e-13
4.58242e-13
4.58242e-13
4.58242e-13
4.58242e-13
4.58242e-13
4.58242e-13
4.58242e-13
4.58242e-13
4.58242e-13
4.58242e-13
4.58242e-13
4.58242e-13
4.58242e-13
4.58242e-13
4.58242e-13
4.58242e-13
4.58242e-13
4.58242e-13
4.58242e-13
4.58242e-13
4.58242e-13
4.58242e-13
4.58242e-13
4.58242e-13
4.58242e-13
4.58242e-13
4.58242e-13
4.58242e-13
4.58242e-13
4.58242e-13
4.58242e-13
4.58242e-13
4.58242e-13
4.58242e-13
4.58242e-13
4.58242e-13
4.58242e-13
4.58242e-13
4.58242e-13
4.58242e-13
4.58242e-13
4.58242e-13
4.58242e-13
4.58242e-13
4.58242e-13
4.58242e-13
4.58242e-13
4.58242e-13
4.58242e-13
4.58242e-13
4.58242e-13
4.58242e-13
4.58242e-13
4.58242e-13
4.58242e-13
4.58242e-13
4.58242e-13
4.58242e-13
4.58242e-13
4.58242e-13
4.58242e-13
4.58242e-13
4.58242e-13
4.58242e-13
4.58242e-13
4.58242e-13
4.58242e-13
4.58242e-13
4.58242e-13
4.58242e-13
4.58242e-13
4.58242e-13
4.58242e-13
4.58242e-13
4.58242e-13
4.58242e-13
4.58242e-13
4.58242e-13
4.58242e-13
4.58242e-13
4.58242e-13
4.58242e-13
4.58242e-13
4.58242e-13
4.58242e-13
4.58242e-13
4.58242e-13
4.58242e-13
4.58242e-13
4.58242e-13
4.58242e-13
4.58242e-13
4.58242e-13
4.58242e-13
4.58242e-13
4.58242e-13
4.58242e-13
4.58242e-13
4.58242e-13
4.58242e-13
4.58242e-13
4.58242e-13
4.58242e-13
4.58242e-13
4.58242e-13
4.58242e-13
4.58242e-13
4.58242e-13
4.58242e-13
4.58242e-13
4.58242e-13
4.58242e-13
4.58242e-13
4.58242e-13
4.58242e-13
4.58242e-13
4.58242e-13
4.58242e-13
4.58242e-13
4.58242e-13
4.58242e-13
4.58242e-13
4.58242e-13
4.58242e-13
4.58242e-13
4.58242e-13
4.58242e-13
4.58242e-13
4.58242e-13
4.58242e-13
4.58242e-13
4.58242e-13
4.58242e-13
4.58242e-13
4.58242e-13
4.58242e-13
4.58242e-13
4.58242e-13
4.58242e-13
4.58242e-13
4.58242e-13
4.58242e-13
4.58242e-13
4.58242e-13
4.58242e-13
4.58242e-13
4.58242e-13
4.58242e-13
4.58242e-13
4.58242e-13
4.58242e-13
4.58242e-13
4.58242e-13
4.58242e-13
4.58242e-13
4.58242e-13
4.58242e-13
4.58242e-13
4.58242e-13
4.58242e-13
4.58242e-13
4.58242e-13
4.58242e-13
4.58242e-13
4.58242e-13
4.58242e-13
4.58242e-13
4.58242e-13
4.58242e-13
4.58242e-13
4.58242e-13
4.58242e-13
4.58242e-13
4.58242e-13
4.58242e-13
4.58242e-13
4.58242e-13
4.58242e-13
4.58242e-13
4.58242e-13
4.58242e-13
4.58242e-13
4.58242e-13
4.58242e-13
4.58242e-13
4.58242e-13
4.58242e-13
4.58242e-13
4.58242e-13
4.58242e-13
4.58242e-13
4.58242e-13
4.58242e-13
4.58242e-13
4.58242e-13
4.58242e-13
4.58242e-13
4.58242e-13
4.58242e-13
4.58242e-13
4.58242e-13
4.58242e-13
4.58242e-13
4.58242e-13
4.58242e-13
4.58242e-13
4.58242e-13
4.58242e-13
4.58242e-13
4.58242e-13
4.58242e-13
4.58242e-13
4.58242e-13
4.58242e-13
4.58242e-13
4.58242e-13
4.58242e-13
4.58243e-13
4.58243e-13
4.58243e-13
4.58243e-13
4.58243e-13
4.58243e-13
4.58244e-13
4.58244e-13
4.58245e-13
4.58246e-13
4.58249e-13
4.58251e-13
4.58256e-13
4.58262e-13
4.5827e-13
4.58282e-13
4.58297e-13
4.58319e-13
4.58347e-13
4.58385e-13
4.58433e-13
4.58494e-13
4.58571e-13
4.58666e-13
4.58781e-13
4.58918e-13
4.59079e-13
4.59264e-13
4.59472e-13
4.59701e-13
4.59946e-13
4.60188e-13
4.60418e-13
4.60633e-13
4.60829e-13
4.61005e-13
4.6116e-13
4.61294e-13
4.61407e-13
4.61501e-13
4.61578e-13
4.6164e-13
4.61689e-13
4.61726e-13
4.61755e-13
4.61777e-13
4.61793e-13
4.61804e-13
4.61812e-13
4.61818e-13
4.61822e-13
4.61825e-13
4.61827e-13
4.61828e-13
4.61829e-13
4.61829e-13
4.61829e-13
4.6183e-13
4.6183e-13
4.6183e-13
4.6183e-13
4.6183e-13
4.6183e-13
4.6183e-13
4.6183e-13
4.6183e-13
4.6183e-13
4.6183e-13
4.6183e-13
4.6183e-13
4.6183e-13
4.6183e-13
4.6183e-13
4.6183e-13
4.6183e-13
4.6183e-13
4.6183e-13
4.6183e-13
4.6183e-13
4.6183e-13
4.6183e-13
4.6183e-13
4.6183e-13
4.6183e-13
4.6183e-13
4.6183e-13
4.6183e-13
4.6183e-13
4.6183e-13
4.6183e-13
4.6183e-13
4.6183e-13
4.6183e-13
4.6183e-13
4.6183e-13
4.6183e-13
4.6183e-13
4.6183e-13
4.6183e-13
4.6183e-13
4.6183e-13
4.6183e-13
4.6183e-13
4.6183e-13
4.6183e-13
4.6183e-13
4.6183e-13
4.6183e-13
4.6183e-13
4.6183e-13
4.6183e-13
4.6183e-13
4.6183e-13
4.6183e-13
4.6183e-13
4.6183e-13
4.6183e-13
4.6183e-13
4.6183e-13
4.6183e-13
4.6183e-13
4.6183e-13
4.6183e-13
4.6183e-13
4.6183e-13
4.6183e-13
4.6183e-13
4.6183e-13
4.6183e-13
4.6183e-13
4.6183e-13
4.6183e-13
4.6183e-13
4.6183e-13
4.6183e-13
4.6183e-13
4.6183e-13
4.6183e-13
4.6183e-13
4.6183e-13
4.6183e-13
4.6183e-13
4.6183e-13
4.6183e-13
4.61831e-13
4.61833e-13
4.6183e-13
4.61836e-13
4.61774e-13
4.5925e-13
4.58561e-13
4.58467e-13
4.58463e-13
4.5847e-13
4.58468e-13
4.58471e-13
4.58468e-13
4.58471e-13
4.5847e-13
4.58471e-13
4.5847e-13
4.5847e-13
4.5847e-13
4.58471e-13
4.5847e-13
4.58471e-13
4.5847e-13
4.58471e-13
4.5847e-13
4.58471e-13
4.58471e-13
4.58471e-13
4.58471e-13
4.58471e-13
4.58471e-13
4.58471e-13
4.58471e-13
4.58471e-13
4.58471e-13
4.58471e-13
4.58471e-13
4.58471e-13
4.58471e-13
4.58471e-13
4.58471e-13
4.58471e-13
4.58471e-13
4.58471e-13
4.58471e-13
4.58471e-13
4.58471e-13
4.58471e-13
4.58471e-13
4.58471e-13
4.58471e-13
4.58471e-13
4.58471e-13
4.58471e-13
4.58471e-13
4.58471e-13
4.58471e-13
4.58471e-13
4.58471e-13
4.58471e-13
4.58471e-13
4.58471e-13
4.58471e-13
4.58471e-13
4.58471e-13
4.58471e-13
4.58471e-13
4.58471e-13
4.58471e-13
4.58471e-13
4.58471e-13
4.58471e-13
4.58471e-13
4.58471e-13
4.58471e-13
4.58471e-13
4.58471e-13
4.58471e-13
4.58471e-13
4.58471e-13
4.58471e-13
4.58471e-13
4.58471e-13
4.58471e-13
4.58471e-13
4.58471e-13
4.58471e-13
4.58471e-13
4.58471e-13
4.58471e-13
4.58471e-13
4.58471e-13
4.58471e-13
4.58471e-13
4.58471e-13
4.58471e-13
4.58471e-13
4.58471e-13
4.58471e-13
4.58472e-13
4.58472e-13
4.58473e-13
4.58475e-13
4.58477e-13
4.5848e-13
4.58484e-13
4.58491e-13
4.585e-13
4.58513e-13
4.58531e-13
4.58555e-13
4.58586e-13
4.58628e-13
4.58682e-13
4.58751e-13
4.58836e-13
4.58941e-13
4.59066e-13
4.59214e-13
4.59385e-13
4.5958e-13
4.59796e-13
4.60031e-13
4.60281e-13
4.6054e-13
4.60785e-13
4.61007e-13
4.61202e-13
4.61372e-13
4.61515e-13
4.61634e-13
4.61731e-13
4.61809e-13
4.61871e-13
4.61919e-13
4.61955e-13
4.61983e-13
4.62003e-13
4.62018e-13
4.62029e-13
4.62037e-13
4.62042e-13
4.62046e-13
4.62049e-13
4.6205e-13
4.62052e-13
4.62052e-13
4.62053e-13
4.62053e-13
4.62054e-13
4.62054e-13
4.62054e-13
4.62054e-13
4.62054e-13
4.62054e-13
4.62054e-13
4.62054e-13
4.62054e-13
4.62054e-13
4.62054e-13
4.62054e-13
4.62054e-13
4.62054e-13
4.62054e-13
4.62054e-13
4.62054e-13
4.62054e-13
4.62054e-13
4.62054e-13
4.62054e-13
4.62054e-13
4.62054e-13
4.62054e-13
4.62054e-13
4.62054e-13
4.62054e-13
4.62054e-13
4.62054e-13
4.62054e-13
4.62054e-13
4.62054e-13
4.62054e-13
4.62054e-13
4.62054e-13
4.62054e-13
4.62054e-13
4.62054e-13
4.62054e-13
4.62054e-13
4.62054e-13
4.62054e-13
4.62054e-13
4.62054e-13
4.62054e-13
4.62054e-13
4.62054e-13
4.62054e-13
4.62054e-13
4.62054e-13
4.62054e-13
4.62054e-13
4.62054e-13
4.62054e-13
4.62054e-13
4.62054e-13
4.62054e-13
4.62054e-13
4.62054e-13
4.62054e-13
4.62054e-13
4.62054e-13
4.62054e-13
4.62054e-13
4.62054e-13
4.62054e-13
4.62054e-13
4.62054e-13
4.62054e-13
4.62054e-13
4.62054e-13
4.62054e-13
4.62054e-13
4.62054e-13
4.62054e-13
4.62054e-13
4.62054e-13
4.62054e-13
4.62054e-13
4.62054e-13
4.62054e-13
4.62054e-13
4.62054e-13
4.62054e-13
4.62054e-13
4.62054e-13
4.62054e-13
4.62054e-13
4.62054e-13
4.62054e-13
4.62054e-13
4.62054e-13
4.62054e-13
4.62054e-13
4.62054e-13
4.62054e-13
4.62054e-13
4.62054e-13
4.62054e-13
4.62054e-13
4.62054e-13
4.62054e-13
4.62054e-13
4.62054e-13
4.62054e-13
4.62054e-13
4.62054e-13
4.62054e-13
4.62054e-13
4.62054e-13
4.62054e-13
4.62054e-13
4.62054e-13
4.62054e-13
4.62054e-13
4.62054e-13
4.62054e-13
4.62054e-13
4.62054e-13
4.62054e-13
4.62054e-13
4.62054e-13
4.62054e-13
4.62054e-13
4.62054e-13
4.62054e-13
4.62054e-13
4.62054e-13
4.62054e-13
4.62054e-13
4.62054e-13
4.62054e-13
4.62054e-13
4.62054e-13
4.62054e-13
4.62054e-13
4.62054e-13
4.62054e-13
4.62054e-13
4.62054e-13
4.62054e-13
4.62054e-13
4.62054e-13
4.62054e-13
4.62054e-13
4.62054e-13
4.62054e-13
4.62054e-13
4.62054e-13
4.62054e-13
4.62054e-13
4.62054e-13
4.62054e-13
4.62054e-13
4.62054e-13
4.62054e-13
4.62054e-13
4.62054e-13
4.62054e-13
4.62054e-13
4.62054e-13
4.62054e-13
4.62054e-13
4.62054e-13
4.62054e-13
4.62054e-13
4.62054e-13
4.62054e-13
4.62054e-13
4.62054e-13
4.62054e-13
4.62054e-13
4.62054e-13
4.62054e-13
4.62054e-13
4.62054e-13
4.62054e-13
4.62054e-13
4.62054e-13
4.62054e-13
4.62054e-13
4.62054e-13
4.62054e-13
4.62054e-13
4.62054e-13
4.62054e-13
4.62054e-13
4.62054e-13
4.62054e-13
4.62054e-13
4.62054e-13
4.62054e-13
4.62054e-13
4.62054e-13
4.62054e-13
4.62054e-13
4.62054e-13
4.62054e-13
4.62054e-13
4.62054e-13
4.62054e-13
4.62054e-13
4.62054e-13
4.62054e-13
4.62054e-13
4.62054e-13
4.62054e-13
4.62054e-13
4.62054e-13
4.62054e-13
4.62054e-13
4.62054e-13
4.62054e-13
4.62054e-13
4.62054e-13
4.62054e-13
4.62054e-13
4.62054e-13
4.62054e-13
4.62054e-13
4.62054e-13
4.62054e-13
4.62054e-13
4.62054e-13
4.62054e-13
4.62054e-13
4.62054e-13
4.62054e-13
4.62054e-13
4.62054e-13
4.62054e-13
4.62054e-13
4.62054e-13
4.62054e-13
4.62054e-13
4.62054e-13
4.62054e-13
4.62054e-13
4.62054e-13
4.62054e-13
4.62054e-13
4.62054e-13
4.62054e-13
4.62054e-13
4.62054e-13
4.62054e-13
4.62054e-13
4.62054e-13
4.62054e-13
4.62054e-13
4.62054e-13
4.62054e-13
4.62054e-13
4.62054e-13
4.62054e-13
4.62054e-13
)
;

boundaryField
{
    sides
    {
        type            calculated;
        value           nonuniform List<scalar> 2(4.62054e-13 4.58242e-13);
    }
    empty1
    {
        type            empty;
    }
    empty2
    {
        type            empty;
    }
}


// ************************************************************************* //
